/*--------------------------------*- C++ -*----------------------------------*\
| =========                 |                                                 |
| \\      /  F ield         | OpenFOAM: The Open Source CFD Toolbox           |
|  \\    /   O peration     | Version:  v1806                                 |
|   \\  /    A nd           | Web:      www.OpenFOAM.com                      |
|    \\/     M anipulation  |                                                 |
\*---------------------------------------------------------------------------*/
FoamFile
{
    version     2.0;
    format      ascii;
    class       volScalarField;
    location    "200000";
    object      p;
}
// * * * * * * * * * * * * * * * * * * * * * * * * * * * * * * * * * * * * * //

dimensions      [0 2 -2 0 0 0 0];


internalField   nonuniform List<scalar> 
5000
(
1.72541e-13
1.37601e-07
3.97325e-08
-2.01392e-08
7.78601e-08
8.41108e-08
4.74471e-08
-3.21139e-08
-8.05595e-09
-1.03409e-08
-2.40066e-09
1.46198e-07
3.868e-08
-1.99552e-08
7.68271e-08
8.34368e-08
4.54561e-08
-3.63607e-08
-2.71323e-09
-1.57973e-08
4.69113e-09
1.72478e-07
2.90376e-08
-2.24894e-08
7.70352e-08
8.01771e-08
4.13262e-08
-3.35696e-08
-8.18033e-10
-3.7578e-08
2.04145e-08
1.92821e-07
7.31181e-09
-2.50204e-08
7.99652e-08
7.23867e-08
3.34357e-08
-1.39197e-08
-8.17944e-09
-5.66041e-08
5.50909e-08
1.93113e-07
-1.92398e-08
-2.50751e-08
9.27063e-08
7.01334e-08
2.57879e-09
1.29464e-08
-1.56493e-08
-6.74209e-08
8.9591e-08
1.63655e-07
-4.69278e-08
-8.43246e-09
1.21518e-07
7.23961e-08
-3.35599e-08
2.34116e-08
-2.03156e-09
-8.23711e-08
1.06467e-07
1.3639e-07
-8.05501e-08
2.56625e-08
1.59135e-07
3.64252e-08
-4.13768e-08
5.11395e-08
9.13298e-09
-1.09895e-07
9.56147e-08
1.03756e-07
-1.00377e-07
7.96369e-08
1.77837e-07
-1.68194e-08
-2.98127e-08
9.57017e-08
2.34377e-08
-1.3908e-07
7.21513e-08
9.15143e-08
-1.12775e-07
1.36707e-07
1.59509e-07
-7.92151e-08
5.32372e-09
1.44658e-07
2.92291e-08
-1.56381e-07
4.09797e-08
6.52939e-08
-1.13735e-07
1.85685e-07
1.18626e-07
-1.02077e-07
5.46418e-08
1.651e-07
3.9033e-08
-1.599e-07
1.55907e-08
4.29311e-08
-1.21623e-07
2.02873e-07
1.26471e-07
-1.13157e-07
9.33149e-08
1.52689e-07
2.98683e-08
-1.21943e-07
5.66744e-09
3.75407e-08
-1.15502e-07
1.75589e-07
1.29852e-07
-1.06662e-07
1.25371e-07
1.52754e-07
3.0722e-09
-9.36411e-08
2.36409e-08
4.07516e-08
-1.00238e-07
1.25173e-07
1.27126e-07
-7.70561e-08
1.42072e-07
1.32188e-07
-2.58804e-08
-6.64125e-08
-6.07359e-11
1.09581e-08
-8.04038e-08
5.87078e-08
8.59684e-08
-4.86423e-10
1.63767e-07
8.26883e-08
2.08961e-09
-1.92287e-09
-2.96313e-08
2.64129e-08
-2.64378e-08
-7.0231e-09
2.97735e-08
7.36179e-08
1.5403e-07
2.01469e-08
2.45349e-08
5.32438e-08
1.43831e-08
2.76991e-08
-2.83609e-08
-4.78685e-09
4.21831e-09
8.22357e-08
1.25269e-07
5.70194e-08
3.24896e-08
2.28909e-08
3.2188e-08
-2.40578e-08
7.93448e-08
4.04567e-08
-8.38395e-08
8.68832e-09
9.20817e-08
1.22037e-07
3.24805e-08
4.00927e-08
1.7733e-08
-1.95348e-08
1.10164e-07
5.16372e-08
-1.46431e-07
1.18476e-08
1.12828e-07
8.90127e-08
8.71101e-08
3.32619e-08
-6.82599e-08
4.27181e-08
1.45235e-07
7.12062e-08
-1.81552e-07
2.81879e-08
1.36954e-07
-3.08924e-08
1.80205e-07
1.4663e-08
-1.31182e-07
5.83004e-08
1.90682e-07
7.10783e-08
-1.81498e-07
8.60803e-08
9.24137e-08
-1.51299e-07
2.28575e-07
4.1641e-08
-1.26975e-07
3.29069e-09
1.39431e-07
8.35266e-08
-1.05324e-07
9.55766e-08
-4.07337e-08
-1.80171e-07
2.70478e-07
1.50809e-07
5.69734e-08
2.40525e-08
7.52342e-08
9.47565e-08
-7.77252e-08
3.76273e-08
-1.46521e-07
-1.46342e-07
2.28092e-07
1.48646e-07
5.23582e-09
1.57695e-08
1.16672e-07
4.75334e-08
6.3031e-08
-3.50356e-10
-2.40451e-07
-1.09841e-07
2.15382e-07
1.94444e-07
-6.65881e-08
1.47336e-07
1.45294e-07
-9.23692e-08
9.06943e-08
-5.9942e-08
-2.24347e-07
-1.13699e-07
2.30323e-07
2.54604e-07
-8.9301e-08
2.81371e-07
1.27832e-07
-1.22388e-07
1.31051e-07
-8.79322e-08
-2.46553e-07
-9.96949e-08
2.315e-07
1.54162e-07
-1.04052e-07
3.86448e-07
1.37621e-07
-1.08351e-07
1.19871e-07
-2.26791e-07
-2.24632e-07
-3.28865e-08
2.32096e-07
7.62787e-08
-9.78913e-08
4.21958e-07
1.37431e-07
-1.14744e-07
1.36172e-07
-2.4996e-07
-1.87874e-07
-4.79668e-08
1.50702e-07
8.62411e-08
-8.86088e-08
4.05312e-07
1.77537e-07
-1.24142e-07
7.79887e-08
-2.34019e-07
-1.61807e-07
-8.55508e-08
1.12096e-07
1.05975e-07
-1.01896e-07
3.86831e-07
2.70373e-07
-1.85802e-07
-6.23358e-08
-1.38319e-07
-9.44297e-08
-5.81793e-08
1.12852e-07
9.8604e-08
-5.15162e-08
5.39631e-07
2.9412e-07
-3.11527e-07
4.78824e-08
5.48144e-08
-3.19959e-07
1.04888e-08
1.47266e-07
-1.87822e-07
-3.00398e-08
5.92271e-07
2.59344e-07
-3.11535e-07
1.29938e-07
6.12066e-08
-4.40363e-07
5.4053e-08
1.72862e-07
-2.89263e-07
1.07205e-07
5.20742e-07
1.60695e-07
-1.56792e-07
1.75978e-07
-1.64711e-07
-3.4252e-07
1.45639e-07
-5.38671e-09
-2.68849e-07
1.96843e-07
3.6728e-07
2.52568e-07
9.11398e-08
1.70825e-08
-1.22777e-07
-2.95021e-07
-3.82665e-08
-9.16315e-08
-1.85141e-07
4.48477e-07
2.57457e-07
-8.71368e-08
2.30199e-07
9.57094e-08
-1.59517e-07
-1.91228e-07
-7.25694e-08
-1.83552e-07
-1.35225e-07
4.40361e-07
5.5773e-08
-1.20064e-07
3.1635e-07
9.54491e-08
-1.42994e-07
-6.01473e-08
-1.08068e-07
-2.52175e-07
-4.9229e-08
1.38567e-07
-1.74683e-07
6.25837e-08
3.26858e-07
8.54158e-08
-4.09495e-08
7.43413e-08
-1.76023e-07
-2.89141e-07
1.52935e-07
8.77515e-08
-2.99047e-07
1.63647e-07
2.37744e-07
-1.77664e-07
1.59479e-07
2.23724e-07
-2.97428e-07
-2.13152e-07
2.65228e-07
-3.16087e-07
-1.30441e-07
2.01013e-07
-9.07306e-08
3.37477e-08
1.01058e-07
-4.87112e-08
7.43426e-08
2.09231e-07
7.06689e-08
-1.80294e-07
4.21754e-08
2.88894e-08
-2.16282e-07
3.18503e-07
2.95664e-07
-2.71658e-07
1.21429e-07
1.96177e-07
-1.89812e-07
-2.11109e-07
-2.30114e-07
-6.84081e-08
8.44252e-08
2.57436e-07
5.01755e-08
-1.51331e-07
7.44348e-08
2.31724e-07
7.48814e-08
1.79864e-07
-3.21325e-07
-5.08998e-08
1.09044e-07
-1.04081e-07
2.1927e-07
1.28414e-07
-2.20771e-07
-4.56702e-08
2.90586e-07
3.6474e-07
6.05453e-08
-2.80068e-07
-7.93204e-08
-1.41923e-08
1.18191e-07
2.85641e-08
-9.49949e-08
3.61438e-09
2.32663e-08
3.21772e-07
8.76143e-08
-2.74739e-07
-7.26511e-08
6.38868e-08
3.13065e-07
1.11256e-07
-4.06412e-07
-1.69774e-07
1.60839e-07
4.54927e-08
1.25615e-07
5.18935e-08
-1.63078e-07
9.33742e-08
4.05053e-08
-1.14333e-07
-2.16625e-07
-5.15834e-08
2.86744e-07
3.36042e-07
6.58061e-08
-2.33462e-07
8.61425e-08
1.04896e-07
-2.71617e-07
6.9321e-08
-8.74896e-08
-1.76796e-07
2.65607e-07
2.09544e-07
1.77206e-07
-2.17235e-07
2.69383e-08
7.80984e-08
-2.22148e-07
3.85086e-08
-5.75083e-08
-1.87664e-08
1.58433e-07
3.20205e-07
2.60927e-07
-2.56467e-07
-7.7173e-08
1.12683e-08
-2.28836e-07
3.30812e-08
-2.50364e-09
-1.34012e-08
1.56124e-07
3.49116e-07
3.67196e-07
-1.84463e-07
-2.57761e-07
-1.98258e-08
-1.04801e-07
-2.1715e-07
2.41622e-07
1.72941e-07
-1.15127e-07
4.4504e-07
3.46054e-07
-1.23813e-07
-4.22414e-08
1.74032e-07
-6.7285e-08
-3.80164e-07
-5.1405e-08
1.71249e-08
-4.85215e-08
5.70299e-07
4.33347e-07
1.0063e-07
-5.20532e-08
-2.15606e-07
-1.42793e-07
-1.11794e-07
-2.23614e-07
-2.01978e-07
1.27458e-07
-2.80967e-08
7.13655e-08
3.29917e-08
-7.49281e-09
8.61954e-08
7.83897e-08
-3.59892e-08
-1.71824e-08
6.77249e-08
1.6322e-08
-2.97974e-08
7.98876e-08
2.68165e-08
-7.26468e-09
9.32772e-08
7.04405e-08
-3.96353e-08
-1.43953e-08
7.59389e-08
6.65425e-09
-2.61216e-08
8.66422e-08
1.93849e-08
-8.686e-09
1.03376e-07
6.3967e-08
-4.27892e-08
-8.12011e-09
7.69546e-08
-8.52143e-09
-1.12325e-08
9.19384e-08
1.53855e-08
-1.99433e-09
9.92562e-08
6.34487e-08
-4.46202e-08
-1.22145e-09
7.67146e-08
-3.18649e-08
1.06522e-08
9.36204e-08
1.94961e-08
2.32351e-08
7.25986e-08
6.44817e-08
-3.28647e-08
1.75519e-08
5.71165e-08
-6.91308e-08
3.73998e-08
9.16218e-08
2.32976e-08
3.01072e-08
5.10692e-08
8.09474e-08
-1.84063e-08
1.61185e-08
1.76287e-08
-8.03924e-08
5.35665e-08
1.05167e-07
1.20744e-08
2.54866e-08
4.76531e-08
8.17324e-08
1.74968e-08
2.79563e-10
-3.32991e-09
-8.7195e-08
6.05958e-08
1.29521e-07
-1.6447e-08
3.46774e-08
4.70879e-08
4.32359e-08
2.7546e-08
2.2814e-08
1.15761e-08
-1.10645e-07
6.31343e-08
1.35355e-07
-9.73573e-09
3.88468e-08
2.92738e-08
1.31692e-08
5.20478e-08
4.07373e-08
-2.12199e-08
-1.02945e-07
7.17204e-08
1.74001e-07
7.30916e-09
-1.41651e-08
-1.457e-08
1.07484e-08
1.09777e-07
2.68403e-08
-6.64886e-08
-6.95683e-08
7.80436e-08
1.82043e-07
-5.7703e-09
-4.56946e-08
-2.43279e-08
2.75624e-08
1.53313e-07
2.86201e-09
-8.69658e-08
-4.88278e-08
9.05305e-08
1.73044e-07
1.48075e-08
-8.34439e-08
-5.15994e-08
9.06819e-08
1.43514e-07
-5.23339e-08
-6.74641e-08
-1.64992e-08
1.3785e-07
9.45458e-08
-2.40712e-09
-7.08929e-08
-5.46068e-08
1.18947e-07
1.13231e-07
-5.36709e-08
-7.17573e-08
2.46976e-08
1.68679e-07
8.8683e-08
-4.66851e-08
-6.10979e-08
-1.82228e-08
8.96611e-08
6.98651e-08
-6.91651e-08
-5.48495e-08
7.4398e-08
1.49786e-07
6.06285e-08
-1.22099e-08
-4.63725e-08
-1.40012e-08
1.64401e-08
6.56552e-08
-5.16784e-08
-6.18434e-08
1.37478e-07
1.02661e-07
1.10733e-07
3.48591e-08
-1.05729e-07
1.04414e-08
-5.70982e-08
-1.32444e-08
9.03005e-09
-1.19506e-08
1.6465e-07
7.8315e-08
1.96253e-07
3.48548e-08
-1.04472e-07
6.27323e-09
-1.44519e-07
-2.03953e-08
4.08694e-08
1.4211e-08
1.18258e-07
-1.96123e-09
2.553e-07
5.85775e-08
-1.23647e-07
-1.83597e-08
-1.5182e-07
-1.23122e-08
5.55048e-08
7.69937e-08
7.19099e-08
-3.2361e-08
2.95278e-07
4.27866e-08
-1.4691e-07
-2.87497e-08
-1.26903e-07
4.72265e-09
3.54988e-08
1.07053e-07
3.47243e-08
-3.03343e-08
2.94061e-07
7.47551e-08
-1.34408e-07
-1.08667e-07
-1.08859e-07
2.42062e-08
5.54407e-09
1.3903e-07
2.93952e-08
3.42796e-08
2.49285e-07
4.5015e-08
-4.55472e-08
-1.06647e-07
-1.52068e-07
-7.7464e-08
7.29186e-10
1.70332e-07
7.01532e-08
2.55435e-07
1.55286e-07
-5.48003e-08
6.22764e-08
1.13318e-09
-1.27659e-07
-2.12594e-07
-2.76451e-08
8.84968e-08
7.88626e-08
3.53672e-07
1.13886e-07
-1.04658e-07
1.30637e-07
8.83409e-08
-2.60393e-07
-3.01495e-07
6.88644e-08
9.59494e-08
2.42886e-08
3.65918e-07
1.37929e-07
-1.5685e-07
2.38744e-07
1.66072e-07
-3.46577e-07
-3.33332e-07
6.43808e-08
1.07143e-07
-9.74937e-09
3.04189e-07
1.76224e-07
-1.81833e-07
2.86305e-07
2.40402e-07
-3.32637e-07
-3.65974e-07
1.0393e-07
1.56143e-07
-1.47662e-07
3.14842e-07
2.22194e-07
-1.92276e-07
2.75855e-07
2.68891e-07
-3.88468e-07
-3.18237e-07
1.98141e-07
4.67673e-08
-2.03737e-07
3.52211e-07
2.68927e-07
-1.82144e-07
2.20765e-07
2.36028e-07
-4.03115e-07
-2.57995e-07
2.56137e-07
-3.84633e-08
-2.26863e-07
3.78722e-07
2.87501e-07
-1.57944e-07
1.62816e-07
1.70506e-07
-3.35377e-07
-1.75578e-07
2.5991e-07
-1.13803e-07
-2.26617e-07
2.80877e-07
2.47025e-07
-1.66574e-08
-5.94231e-08
-9.84054e-09
-7.53685e-08
-1.58913e-08
2.33895e-07
-1.34715e-07
-1.9163e-07
1.59193e-07
3.72902e-07
1.15084e-07
-2.32596e-07
2.52357e-08
1.1722e-07
6.89189e-08
1.06996e-07
-2.16893e-07
-1.97523e-07
-2.08583e-08
3.79447e-07
1.30694e-07
-2.01206e-07
2.46453e-07
1.83125e-07
-2.9219e-07
4.32139e-08
1.10799e-07
-2.85179e-07
-1.28338e-07
9.89285e-08
8.01982e-08
-8.7968e-09
3.8236e-07
7.68852e-08
-3.30044e-07
-7.20499e-08
2.23391e-07
-4.34049e-08
7.66243e-09
1.13695e-07
-2.37902e-08
1.01964e-07
2.64619e-07
-4.9117e-08
-1.83442e-07
3.43305e-08
5.04651e-08
-1.25938e-07
1.06409e-07
1.21565e-07
2.77971e-08
-4.96779e-08
1.7818e-07
-3.21209e-09
4.39826e-08
7.82408e-08
-2.73658e-07
-5.35761e-08
1.47851e-07
-1.64646e-07
1.38877e-07
8.08149e-08
-1.01444e-07
1.02364e-10
1.38596e-07
7.46943e-08
-2.53765e-07
6.04927e-08
-9.66329e-08
-4.7598e-08
2.08949e-07
-2.85244e-08
-1.8468e-07
1.96592e-07
7.43684e-08
1.27229e-07
5.56815e-08
-2.42699e-07
-7.71992e-08
-5.72748e-08
1.17242e-07
8.6299e-08
-1.49971e-07
1.64364e-07
1.47591e-07
2.1145e-07
2.64532e-08
-3.41159e-07
-1.7596e-07
-3.60161e-10
1.40392e-08
-6.76279e-08
1.93397e-07
3.2864e-07
-1.72908e-07
1.82709e-07
2.15733e-07
-3.54432e-07
-1.58428e-07
1.85522e-07
-4.30766e-08
-1.21367e-07
3.47629e-07
2.34789e-07
-2.37251e-07
1.8461e-07
2.19412e-07
-3.81725e-07
1.53794e-07
-1.55576e-08
-3.30313e-07
2.4055e-07
1.76784e-07
-1.06756e-07
-2.64194e-08
2.0565e-07
8.35199e-08
-2.65355e-07
3.15612e-08
-1.41656e-07
-1.82306e-07
2.95226e-07
7.32588e-08
-1.74235e-07
-2.69835e-08
1.24574e-07
1.84548e-07
-1.75247e-08
3.0418e-07
-2.28328e-07
-2.5844e-08
4.61028e-08
-1.15545e-07
-4.98151e-08
1.01522e-07
-1.34482e-08
-1.5244e-07
2.75602e-07
1.26703e-07
-2.465e-07
1.68171e-07
1.54642e-07
-2.20105e-07
1.50522e-07
1.10988e-07
-2.56716e-07
-1.2012e-07
2.69138e-07
1.14241e-07
8.61307e-08
2.8697e-09
1.5996e-07
8.30891e-08
-2.16485e-07
-1.80697e-07
-1.02369e-07
3.34959e-08
1.58338e-07
1.19278e-07
-8.89465e-08
2.71524e-07
1.5047e-07
-2.06979e-07
-3.12419e-08
-2.65008e-08
-1.87186e-07
-8.15741e-08
2.60151e-07
1.62197e-07
-7.92254e-09
2.58581e-07
-3.57034e-08
-2.51768e-07
6.31973e-08
-9.04785e-08
-1.89587e-07
2.15612e-08
2.72548e-07
-1.3386e-09
2.44271e-07
1.46133e-07
-3.1711e-07
-1.48714e-07
1.67025e-07
-4.538e-08
-2.02474e-07
1.54246e-07
2.42749e-07
3.78884e-07
3.13814e-07
-1.64458e-07
-2.8318e-07
-1.98616e-07
3.40914e-08
8.4154e-08
1.80651e-07
2.25856e-08
-8.38475e-08
1.88246e-08
1.94307e-07
2.09986e-07
1.80382e-07
-1.05497e-07
-2.24371e-07
-8.58273e-08
-5.81157e-08
1.07183e-07
6.4891e-08
1.68247e-07
3.65691e-07
2.65103e-07
1.95896e-07
1.91181e-08
-6.24347e-08
-1.34574e-07
-2.34202e-07
-1.70602e-07
-8.92106e-08
5.68326e-09
1.01172e-07
7.23065e-08
-3.62218e-08
2.9547e-08
6.18798e-08
-1.68481e-08
-2.94028e-09
4.01719e-08
5.99769e-10
1.70788e-09
1.06635e-07
8.03053e-08
-4.23459e-08
2.49848e-08
7.13197e-08
-2.2205e-08
-9.3392e-09
4.93117e-08
-1.95124e-09
5.87301e-09
1.1e-07
8.43526e-08
-4.37412e-08
2.64843e-08
8.19761e-08
-3.04738e-08
-1.47383e-08
4.96664e-08
-5.83473e-09
2.67859e-08
1.12192e-07
8.61758e-08
-4.24375e-08
2.02719e-08
9.26782e-08
-2.2506e-08
-1.37271e-08
3.05282e-08
-2.02711e-08
5.07823e-08
1.08992e-07
7.06693e-08
-1.23761e-08
1.66649e-09
8.43713e-08
6.40113e-10
-8.01506e-09
7.20085e-09
-3.91686e-08
8.99288e-08
1.12e-07
5.6105e-08
-5.0618e-09
-3.37695e-08
9.52633e-08
4.45502e-08
-1.27718e-08
-3.8653e-08
-5.11245e-08
1.24341e-07
1.18595e-07
3.86219e-08
-5.70682e-09
-5.00599e-08
1.15063e-07
8.80035e-08
-5.77212e-08
-6.76035e-08
-4.73391e-08
1.40324e-07
1.31653e-07
1.10439e-08
-7.26852e-09
-5.11883e-08
1.19677e-07
1.03751e-07
-6.33257e-08
-6.73098e-08
-6.07289e-08
1.51792e-07
1.1858e-07
-3.62305e-09
1.15477e-08
-4.51176e-08
8.94376e-08
1.0525e-07
-3.3771e-08
-7.10077e-08
-7.62801e-08
1.63746e-07
1.4024e-07
-1.19583e-08
-4.21249e-09
-5.84897e-08
1.0624e-07
1.04866e-07
-6.08662e-08
-6.37616e-08
-7.38172e-08
1.48581e-07
1.35957e-07
-5.14657e-09
3.02016e-08
-7.19613e-08
7.78162e-08
1.00639e-07
-7.42712e-08
-4.40406e-08
-6.54355e-08
1.46779e-07
1.562e-07
-2.46614e-08
4.44093e-08
-6.8205e-08
4.17255e-08
8.12649e-08
-4.15821e-08
-2.72851e-08
-8.41657e-08
2.15194e-07
1.64515e-07
-1.16761e-07
5.03897e-08
-1.60499e-08
-4.36646e-08
2.66945e-08
5.83306e-08
-1.55943e-08
-1.0446e-07
2.42539e-07
1.43686e-07
-1.43749e-07
7.07832e-08
-1.40638e-08
-1.09984e-07
4.84821e-09
1.21936e-07
9.48799e-09
-1.23401e-07
2.27265e-07
1.45568e-07
-1.59264e-07
7.62668e-08
-8.58564e-10
-1.3502e-07
-3.49134e-08
1.60815e-07
6.88249e-08
-1.55457e-07
2.13748e-07
1.60564e-07
-1.70677e-07
4.99587e-08
1.63449e-08
-1.45744e-07
-6.40963e-08
1.89869e-07
9.63255e-08
-1.64029e-07
1.91401e-07
1.89773e-07
-1.74487e-07
-1.60168e-08
-4.26694e-09
-1.41528e-07
-6.99736e-08
2.36828e-07
1.26527e-07
-1.71169e-07
1.70176e-07
2.11155e-07
-2.10981e-07
-1.52782e-08
-4.69316e-09
-1.58688e-07
-7.29923e-08
2.38722e-07
1.65775e-07
-1.70851e-07
1.52875e-07
1.9861e-07
-2.18767e-07
3.22999e-08
3.16602e-08
-1.70211e-07
-1.36432e-07
1.91297e-07
2.17007e-07
-1.68663e-07
1.43282e-07
1.6733e-07
-2.0811e-07
8.68968e-08
3.5554e-08
-1.7483e-07
-1.87801e-07
1.55185e-07
2.75061e-07
-1.55261e-07
1.34808e-07
1.44662e-07
-1.89979e-07
1.42823e-07
4.99125e-08
-1.8389e-07
-2.2871e-07
1.32132e-07
3.07202e-07
-1.42903e-07
1.15022e-07
7.25943e-08
-1.25749e-07
2.30884e-07
3.22018e-08
-1.95881e-07
-2.79156e-07
1.15874e-07
3.06088e-07
-1.27364e-07
8.89036e-08
1.31289e-08
-4.03945e-08
2.18412e-07
5.13372e-08
-2.2621e-07
-3.28676e-07
1.19383e-07
2.98668e-07
-5.40066e-08
2.02675e-07
-2.84565e-08
-2.6701e-08
1.12796e-07
-1.88788e-08
-1.53728e-08
-3.05773e-07
-1.61112e-08
1.99964e-07
7.77064e-09
2.23937e-07
-6.94533e-08
-4.21378e-08
3.99462e-08
-4.75936e-08
1.03308e-08
-1.69873e-07
-9.38569e-08
8.52278e-08
2.04309e-07
1.91742e-07
-1.06916e-08
-5.3375e-08
-1.74464e-08
-4.92095e-08
-1.25142e-07
6.19653e-08
1.86156e-08
-1.03964e-07
2.00914e-07
2.28403e-07
2.38069e-08
4.10494e-08
-2.43034e-08
-1.24927e-07
-1.57195e-07
1.61164e-07
3.21348e-08
-2.15498e-07
1.6114e-07
2.63373e-07
2.09737e-07
-1.20489e-07
3.28606e-08
-3.42953e-08
-2.71877e-07
2.21556e-07
5.52774e-08
-2.67009e-07
3.40107e-08
3.85265e-07
2.34489e-07
-2.64042e-07
4.95342e-08
1.9625e-08
-2.51178e-07
2.20296e-07
1.26475e-07
-3.09193e-07
-6.24321e-08
3.78324e-07
1.30858e-07
-3.00982e-07
-3.06244e-08
2.15445e-07
-7.90462e-08
7.62259e-08
3.13929e-08
-2.68508e-07
-1.47151e-08
2.54205e-07
1.72834e-08
-3.12503e-07
5.16167e-08
3.57266e-07
2.57347e-08
-1.86504e-07
2.58153e-08
2.78707e-08
-1.02437e-07
2.88194e-07
-4.08656e-08
-3.07377e-07
4.82307e-08
3.33905e-07
1.91946e-08
-1.61115e-07
-1.12644e-07
-3.35504e-08
9.67266e-08
1.89313e-07
3.12314e-08
-2.31218e-07
1.44686e-07
1.94656e-07
-7.4111e-08
-4.60873e-08
-1.21593e-07
-3.01743e-08
5.46323e-08
1.95737e-08
-5.89518e-08
3.12092e-08
5.12947e-08
8.10091e-09
1.51327e-07
5.27682e-08
-1.53765e-07
-9.02502e-08
7.73207e-08
2.72894e-08
-1.07142e-07
2.22187e-07
1.25729e-07
-2.3668e-07
4.77136e-08
1.90071e-07
-4.24848e-08
-1.53247e-07
4.65703e-08
-8.51617e-08
8.16649e-08
1.79646e-07
-2.39565e-07
-1.73206e-07
1.20203e-07
3.33769e-07
5.31573e-08
-1.87388e-07
-3.05235e-08
-1.33446e-07
2.02992e-07
-1.88489e-08
-2.30218e-07
1.4021e-07
7.69218e-08
2.15727e-07
1.30633e-07
-2.00207e-07
-1.26875e-07
-6.07209e-08
1.29496e-07
8.34119e-08
-1.86955e-07
1.67461e-07
1.45805e-08
7.46484e-08
9.5318e-08
-2.38514e-07
2.39933e-10
2.25664e-07
5.63829e-08
-2.06954e-07
1.58233e-07
2.5484e-07
-2.49808e-07
-6.40246e-09
2.09213e-07
-2.02149e-07
-1.24986e-07
2.10888e-07
4.17879e-09
-3.08175e-07
2.91949e-07
1.41698e-07
-2.54812e-07
2.24081e-07
1.07765e-07
-2.24491e-07
-1.19966e-07
3.01218e-08
8.39889e-08
3.57828e-08
8.14096e-09
-7.19756e-08
-3.38713e-08
3.31019e-09
1.4252e-07
2.66028e-09
-1.38601e-07
7.32437e-08
1.69977e-07
9.78806e-08
-2.54149e-07
-9.50237e-08
1.74066e-08
-9.49597e-08
4.32749e-08
9.20411e-08
8.19964e-08
-5.94772e-08
-2.44171e-07
2.70963e-07
4.94166e-08
-1.85393e-07
2.61111e-07
-8.99056e-08
-2.60968e-07
1.19359e-07
2.78128e-07
5.31547e-08
-1.16543e-07
2.49062e-07
7.47533e-08
-1.07183e-07
1.39598e-07
-1.91811e-07
-2.79321e-07
2.17248e-08
2.80108e-07
-7.50253e-08
1.25755e-07
2.01257e-07
-2.03646e-07
8.16289e-08
4.91324e-08
-3.60938e-07
-1.33262e-07
2.06121e-07
2.24053e-07
-6.04067e-08
1.74011e-07
3.03771e-07
-2.41779e-07
-5.36004e-08
-1.40538e-07
-3.58943e-07
1.5589e-08
2.86495e-07
2.17636e-07
7.12427e-08
1.23378e-07
2.98707e-07
-1.04945e-07
-1.0662e-07
-5.18548e-08
-3.43303e-07
1.40994e-08
1.93073e-07
9.24792e-08
3.76588e-07
1.49143e-07
-1.46639e-07
4.80667e-08
-8.69215e-08
-2.84326e-07
1.2351e-07
2.44008e-08
-1.67584e-07
1.51428e-07
1.13982e-07
1.51022e-07
3.16918e-07
2.77649e-07
-1.08757e-07
-3.41008e-07
2.8744e-08
4.67274e-08
-2.75708e-07
-1.90637e-08
7.43717e-08
2.22961e-07
3.16913e-07
1.31143e-07
8.00656e-08
-5.77221e-09
-2.40513e-07
-1.02662e-07
-1.2524e-07
-1.4048e-07
8.60177e-08
1.55815e-07
-3.71661e-08
-2.23966e-08
9.56722e-08
5.559e-08
-5.60844e-08
3.29019e-09
4.02596e-08
-4.55798e-08
8.87671e-08
1.57414e-07
-3.93022e-08
-1.96458e-08
1.02453e-07
4.71024e-08
-6.42974e-08
1.26363e-08
4.29887e-08
-5.49893e-08
9.40096e-08
1.58957e-07
-3.74591e-08
-2.27532e-08
1.03363e-07
4.54962e-08
-6.93631e-08
2.05573e-08
3.98112e-08
-5.72232e-08
9.62055e-08
1.67962e-07
-2.69731e-08
-4.05029e-08
9.61467e-08
5.58283e-08
-6.68509e-08
1.766e-08
2.62842e-08
-5.39768e-08
1.05892e-07
1.85068e-07
-4.15153e-08
-4.8551e-08
1.03496e-07
4.99454e-08
-6.19571e-08
1.73102e-08
1.68402e-08
-6.03535e-08
1.31767e-07
1.76837e-07
-6.41972e-08
-4.03126e-08
1.04001e-07
3.54807e-08
-6.16058e-08
3.37647e-08
1.45804e-08
-7.13423e-08
1.57361e-07
1.49696e-07
-5.98383e-08
-2.48519e-08
8.37813e-08
2.58534e-08
-5.35819e-08
3.51115e-08
2.83052e-09
-6.50922e-08
1.73124e-07
1.01714e-07
-6.56808e-08
1.0065e-08
6.14273e-08
-7.64081e-10
-2.56408e-08
2.47819e-08
7.07562e-10
-4.04074e-08
1.81599e-07
5.10323e-08
-7.26344e-08
2.5941e-08
5.65947e-08
-1.1044e-08
-6.36031e-09
-9.41011e-10
-2.64293e-08
3.0535e-08
1.64394e-07
2.54873e-08
-6.12453e-08
2.81483e-08
5.74348e-08
-1.60054e-08
1.88486e-08
-1.90365e-08
-6.67778e-08
9.6059e-08
1.79147e-07
-4.05018e-10
-7.1971e-08
1.565e-08
7.5598e-08
-7.82847e-09
5.87489e-09
-1.0782e-08
-7.5877e-08
1.20275e-07
1.71823e-07
-2.01523e-08
-5.82518e-08
3.3679e-08
3.27161e-08
1.27727e-08
-2.18986e-08
-3.30379e-08
-2.86021e-08
1.33748e-07
2.04936e-07
-6.26003e-08
9.16428e-10
9.03636e-08
-8.11235e-08
2.72493e-09
8.12683e-09
-2.26371e-08
-5.93103e-08
1.12213e-07
2.47168e-07
-1.4513e-07
5.60622e-08
1.15575e-07
-1.72691e-07
-3.14726e-08
3.50081e-08
-3.25006e-09
-6.71026e-08
1.52187e-07
2.54867e-07
-1.82244e-07
8.01287e-08
1.05873e-07
-2.18324e-07
-7.88578e-08
1.00806e-07
3.78599e-08
-1.04822e-07
1.91896e-07
2.76012e-07
-2.01314e-07
8.63757e-08
8.92027e-08
-2.7828e-07
-9.14935e-08
1.4378e-07
4.92584e-08
-1.10318e-07
2.34433e-07
2.94599e-07
-2.01348e-07
7.83527e-08
4.92182e-08
-2.88383e-07
-1.08354e-07
1.25302e-07
6.47064e-08
-9.29247e-08
2.72075e-07
3.10978e-07
-1.9797e-07
5.77543e-08
1.58972e-08
-2.98665e-07
-1.16923e-07
9.86635e-08
7.51882e-08
-6.19477e-08
3.07216e-07
3.19965e-07
-1.97529e-07
3.84316e-08
-1.13007e-09
-2.99452e-07
-1.08706e-07
4.76728e-08
6.05975e-08
-9.07185e-10
3.47653e-07
2.89059e-07
-1.88947e-07
3.65505e-08
1.19416e-08
-2.85947e-07
-1.01746e-07
-7.66723e-08
-1.41244e-08
1.4259e-07
4.08594e-07
2.82185e-07
-1.66271e-07
4.69589e-08
2.63863e-08
-2.9187e-07
-1.29386e-07
-1.13703e-07
-5.66421e-08
2.05491e-07
4.13846e-07
2.86605e-07
-1.3242e-07
7.11339e-08
7.11126e-08
-3.10297e-07
-1.03675e-07
-1.27615e-07
-1.63037e-07
2.12348e-07
3.82865e-07
2.08414e-07
-2.49617e-08
1.67417e-07
7.65051e-08
-2.96123e-07
-1.15361e-07
-2.18933e-07
-2.13973e-07
2.4446e-07
3.1477e-07
2.18509e-07
9.88942e-08
1.37336e-07
7.42659e-08
-2.70333e-07
-1.04515e-07
-2.26835e-07
-2.03092e-07
1.98826e-07
1.79465e-07
2.13484e-07
1.57004e-07
-9.21885e-09
2.0495e-08
-1.24569e-07
-8.59408e-08
-2.1383e-07
-1.73407e-07
1.7553e-07
1.5367e-07
-5.22506e-08
1.78284e-07
9.08591e-08
-1.94693e-07
9.42284e-09
-2.60777e-08
-2.86076e-07
-1.22574e-07
2.74731e-07
2.05267e-07
-1.00913e-07
2.0701e-07
9.7672e-08
-2.37059e-07
5.08176e-08
-3.94398e-08
-1.83022e-07
-8.07419e-08
1.93478e-07
1.58111e-07
-8.11255e-08
1.3276e-07
-6.1375e-08
-1.08912e-07
1.56432e-07
-7.55156e-08
-1.09419e-07
-4.9759e-08
1.32586e-07
1.30366e-07
2.40369e-07
1.31017e-07
-2.79549e-07
-5.12158e-09
9.4015e-08
-1.85957e-07
-9.19497e-09
1.25942e-08
-2.88465e-08
8.69623e-08
2.03386e-07
-1.22448e-07
-1.64249e-07
9.06322e-08
8.46639e-08
-2.40811e-07
1.5145e-07
3.53888e-08
-2.5251e-07
2.63478e-07
2.70263e-07
-2.39353e-07
-2.0784e-07
1.81224e-07
1.06709e-07
-1.9688e-07
1.21659e-07
-5.80178e-08
-1.96736e-07
3.52973e-07
2.36156e-07
-2.05678e-07
-1.70786e-07
-7.90224e-10
-8.0328e-09
2.01025e-08
3.37814e-08
-1.23812e-07
-5.71734e-08
3.91314e-07
2.17625e-07
-2.62733e-07
2.2951e-08
1.30024e-07
-1.90452e-07
1.57089e-07
1.14768e-07
-3.19934e-07
-1.04274e-07
3.7082e-07
1.20606e-07
-1.41257e-07
1.97576e-07
1.44332e-07
-2.48551e-07
2.13085e-07
1.99108e-07
-2.94143e-07
-2.11726e-07
1.49328e-07
1.83595e-07
4.68318e-08
-1.22928e-07
2.92613e-08
-7.84028e-08
2.67886e-07
2.0496e-07
-3.2398e-07
-1.25767e-07
6.57469e-08
2.98806e-07
-6.06054e-09
-1.47938e-07
-1.08756e-07
-3.66192e-08
3.54098e-07
1.27552e-07
-3.49523e-07
-1.56586e-07
1.8846e-07
1.2721e-07
-7.97285e-08
-1.80828e-07
-1.29432e-07
2.03539e-07
3.5784e-07
7.87218e-08
-2.00234e-07
-1.93544e-07
1.27498e-07
1.28036e-07
-1.53365e-07
-1.1104e-07
-3.81699e-08
3.0709e-07
1.07253e-07
-1.75772e-07
1.25226e-08
-8.98597e-08
1.31077e-07
1.48944e-07
-2.67342e-07
7.37201e-10
2.4968e-07
7.33815e-08
-1.84973e-07
-2.7344e-08
6.24992e-08
-1.58448e-07
1.99347e-07
3.13431e-07
-2.44555e-07
-3.27598e-07
3.62184e-07
2.78597e-07
-2.20825e-07
1.37831e-07
3.29322e-08
-2.98373e-07
7.55709e-08
1.82162e-07
-1.5251e-07
-2.36661e-07
2.51279e-07
1.50919e-07
5.5858e-08
-2.08492e-08
8.37706e-08
-2.58595e-08
-1.84317e-07
-2.93241e-07
-5.46212e-08
6.54949e-08
-1.76035e-08
1.87585e-07
2.15749e-07
-2.31486e-07
-1.05763e-07
3.25937e-07
9.90234e-09
-1.23599e-07
7.78197e-08
-3.0104e-08
-4.0021e-08
3.40308e-07
2.65053e-07
-3.37706e-07
-2.03831e-07
1.40788e-07
-6.67049e-08
2.15346e-08
2.63255e-07
-1.53388e-08
-1.97611e-07
3.39579e-07
2.13351e-07
-2.79495e-07
-2.98204e-07
-4.50706e-08
8.76141e-08
-7.69471e-08
1.66946e-07
1.1163e-07
-1.67156e-07
8.17223e-08
-9.17929e-08
-1.68234e-07
-2.44153e-08
9.85724e-08
1.45789e-07
2.32596e-07
9.28422e-08
1.99107e-07
6.54714e-08
-1.63674e-07
-2.83304e-07
-2.08549e-07
2.1547e-07
-4.03775e-08
-1.33999e-08
3.17241e-07
1.57841e-07
-4.8501e-08
1.02107e-07
-4.61639e-08
-2.75667e-07
-3.20949e-07
-1.36512e-07
1.68341e-07
2.26993e-07
1.76566e-07
-6.57007e-08
5.34052e-08
4.85266e-08
4.7309e-08
-4.22974e-08
5.58863e-08
-1.39634e-07
-2.72188e-07
2.46377e-07
1.98434e-07
-5.4344e-08
2.48329e-07
1.62934e-07
-2.10991e-07
-5.2048e-08
-4.43222e-08
-1.23528e-07
-1.50906e-07
8.25333e-08
6.7774e-08
-1.02643e-07
1.38467e-07
1.02703e-07
7.70779e-08
-2.83209e-08
-2.12465e-07
-2.33907e-08
-3.2176e-08
8.08853e-08
1.40117e-08
9.91259e-08
8.04569e-08
2.7719e-08
2.53777e-08
2.68455e-08
3.39242e-08
2.7674e-08
-1.32034e-08
-4.12014e-08
1.14487e-08
1.03362e-07
7.86023e-08
2.08296e-08
2.93964e-08
2.86085e-08
3.41612e-08
2.29323e-08
-8.38907e-09
-4.20128e-08
6.90404e-09
1.12192e-07
8.15917e-08
-1.36698e-10
2.59554e-08
4.34467e-08
4.29877e-08
1.57311e-09
-1.51193e-08
-2.40502e-08
1.87185e-08
1.18722e-07
8.91552e-08
-5.69427e-09
1.53397e-08
3.92174e-08
4.01739e-08
4.64001e-09
-2.64833e-08
-2.12235e-08
3.6291e-08
1.23184e-07
9.54048e-08
-5.6938e-09
1.25753e-08
2.31222e-08
2.66838e-08
3.3355e-08
-3.08292e-08
-3.8402e-08
5.39427e-08
1.13813e-07
9.26433e-08
9.49132e-09
-2.5406e-09
1.32113e-08
2.6932e-08
4.16518e-08
-2.48299e-08
-4.66001e-08
5.83154e-08
9.28899e-08
1.11919e-07
4.11573e-08
-4.00599e-08
4.57809e-09
6.47592e-08
1.64186e-08
-4.47633e-08
-2.30032e-08
7.98838e-08
7.02657e-08
1.02948e-07
5.6304e-08
-5.753e-08
-2.59976e-08
9.56982e-08
2.64291e-08
-6.75756e-08
2.505e-09
1.15824e-07
4.63633e-08
6.81812e-08
6.24978e-08
-4.45806e-08
-4.82778e-08
9.20436e-08
2.42966e-08
-7.96068e-08
4.335e-08
1.30207e-07
3.11741e-08
6.25635e-08
5.33876e-08
-3.23861e-08
-4.23961e-08
7.39691e-08
2.3229e-08
-8.67616e-08
6.73553e-08
1.49937e-07
3.0493e-08
7.30925e-08
2.94966e-08
-3.02772e-08
1.1261e-09
2.11743e-08
-3.22481e-09
-7.17104e-08
7.68994e-08
1.6476e-07
7.04158e-08
7.11573e-08
1.84275e-08
-7.59581e-08
1.91903e-08
9.59381e-09
-2.0573e-08
-3.90239e-08
5.94107e-08
1.31881e-07
6.16611e-08
1.08606e-07
4.83018e-08
-1.41477e-07
3.65118e-09
1.04082e-08
3.94706e-09
3.33071e-08
2.25688e-08
1.36215e-07
8.75831e-08
9.03007e-08
2.45146e-08
-1.42834e-07
4.21971e-08
-9.71125e-09
-5.88555e-08
8.29206e-08
1.12539e-08
1.74793e-07
9.06548e-08
4.09462e-08
4.79236e-09
-1.33272e-07
5.37723e-08
-1.13336e-08
-5.42015e-08
7.44859e-08
8.03805e-09
1.83464e-07
1.47478e-07
-1.69929e-08
-7.21445e-08
-1.13793e-07
6.65256e-08
1.22221e-09
-5.23527e-08
8.37324e-08
5.39174e-09
1.0378e-07
2.24988e-07
8.73622e-09
-1.97569e-07
-1.18084e-07
9.45023e-08
-1.53951e-08
-6.53885e-08
1.32189e-07
4.18326e-08
8.27562e-08
2.15317e-07
-3.81407e-09
-2.51601e-07
-1.10758e-07
7.22992e-08
-2.84873e-08
-4.86272e-08
1.52235e-07
1.23187e-07
5.05918e-08
2.20783e-07
1.44934e-08
-3.18028e-07
-1.43441e-07
4.61142e-08
-5.41587e-08
-4.43407e-08
2.20564e-07
2.10615e-07
-6.53452e-08
1.56012e-07
6.75576e-08
-3.64325e-07
-1.34534e-07
-3.50488e-08
-1.31647e-07
2.85493e-08
3.7669e-07
3.10565e-07
-1.07061e-07
1.19998e-07
7.48028e-08
-3.6482e-07
-1.20856e-07
-5.30262e-08
-1.70661e-07
3.05986e-08
4.55984e-07
3.41584e-07
-1.24583e-07
9.26538e-08
3.96908e-08
-2.95251e-07
-6.42556e-08
-1.76252e-07
-1.78156e-07
6.65842e-08
4.52147e-07
3.53879e-07
-1.33485e-07
8.58656e-08
5.74722e-08
-2.31723e-07
-5.78416e-08
-2.51455e-07
-2.13032e-07
9.0621e-08
4.41202e-07
3.27185e-07
-1.06753e-07
1.16649e-07
5.68e-08
-1.9588e-07
-2.4815e-08
-2.47701e-07
-2.50264e-07
6.83363e-08
4.04864e-07
2.68045e-07
-8.816e-10
1.24263e-07
-3.05303e-08
-2.34911e-08
-2.27258e-08
-3.93782e-07
-2.09929e-07
1.76064e-07
3.28885e-07
1.18264e-07
-1.63157e-08
1.70352e-07
-7.44518e-08
-8.44741e-08
-2.31613e-08
-3.56657e-07
-1.83277e-07
3.23137e-07
3.62761e-07
-2.88205e-08
-6.77663e-08
2.51641e-07
1.48763e-08
-2.41732e-07
-9.42263e-08
-2.04715e-07
-1.09781e-07
3.39597e-07
3.47095e-07
-1.0569e-07
-1.13935e-07
1.66791e-07
-8.4449e-08
-2.4118e-07
-1.14704e-07
-1.00916e-07
1.90561e-08
1.10933e-07
3.55527e-07
9.53548e-08
4.8709e-08
1.42109e-07
-2.28902e-07
-2.07078e-07
-6.46859e-08
-1.83419e-08
1.35763e-07
-4.4073e-08
1.41803e-07
1.5153e-07
1.58833e-07
-1.33394e-07
-6.34625e-08
-3.89289e-08
-2.16274e-07
-9.99834e-08
2.833e-07
1.39281e-08
-1.19067e-07
2.62584e-07
1.87109e-09
2.22628e-08
-1.06026e-07
-9.38036e-08
-1.29972e-07
3.28819e-08
2.32153e-07
-1.32045e-07
3.27514e-08
1.74839e-07
-1.90766e-08
5.57704e-08
-1.15279e-07
-6.73712e-08
-4.99172e-08
1.3509e-07
3.28016e-08
-2.32714e-07
1.73444e-07
1.41435e-07
-1.6014e-08
-2.86112e-08
2.8479e-09
1.44835e-08
5.2211e-08
2.19101e-07
-1.94873e-07
-2.22549e-07
1.81586e-07
9.47545e-08
1.53767e-07
-2.27732e-07
6.08924e-08
5.83215e-08
-7.71542e-08
3.72637e-07
3.55011e-08
-2.35257e-07
-1.45172e-07
1.22233e-07
3.30187e-08
-1.84796e-07
1.46796e-07
-1.01709e-09
-3.16894e-08
3.7916e-07
-6.29313e-08
-1.69906e-07
-7.0994e-08
6.92173e-08
9.61796e-08
-4.37296e-09
1.40516e-08
-8.2379e-08
1.79927e-07
1.0777e-07
-1.01849e-07
-1.93751e-07
-1.34953e-07
2.2978e-07
-1.11406e-07
2.35926e-07
-1.20704e-08
-4.43197e-09
1.91321e-07
-1.51769e-07
-6.36551e-08
-9.03795e-08
2.44878e-08
-1.21435e-08
-1.22851e-07
3.89218e-07
9.07146e-08
-1.13518e-07
-1.20733e-07
-1.81583e-07
3.62274e-08
7.30273e-08
1.31686e-07
-1.42612e-07
1.48879e-07
1.34321e-07
-2.29916e-07
1.0784e-07
-4.62043e-09
-2.94921e-07
6.18505e-08
2.70912e-07
6.84993e-09
-1.86264e-07
2.06578e-07
-3.79024e-07
-1.54353e-07
8.88372e-08
4.30098e-08
-1.33491e-08
2.59842e-07
8.70164e-08
-3.03668e-07
1.9589e-07
-2.41422e-09
-3.16888e-07
-1.0588e-07
5.75776e-08
1.51194e-07
1.61964e-07
-1.94215e-08
6.0029e-08
-3.00923e-08
5.0884e-08
-3.87427e-07
1.17621e-07
8.38947e-08
-1.77298e-07
3.44943e-07
3.2961e-07
-2.99702e-07
-1.41566e-07
2.9612e-07
-9.9856e-08
-4.03668e-07
-8.7502e-08
2.76818e-07
1.34894e-07
6.21061e-08
2.4675e-07
-1.32154e-08
-2.76629e-07
1.20962e-07
1.53414e-08
-2.07236e-07
2.49596e-08
-1.45728e-08
-1.69871e-08
3.30416e-07
2.42573e-07
-1.6636e-07
-2.09928e-07
9.53086e-08
-1.64781e-08
1.24684e-07
-2.54511e-08
-1.69854e-07
8.40003e-08
1.57822e-07
-7.66996e-08
-1.092e-07
2.17601e-07
2.62744e-08
-1.56351e-07
3.68677e-07
8.9127e-08
-1.45563e-07
1.40797e-07
3.22516e-08
-3.05447e-07
-1.68034e-07
2.32358e-07
-6.46433e-08
-9.04159e-08
2.53595e-08
2.54566e-07
1.46725e-07
-1.00988e-07
-1.24294e-07
-2.32342e-07
-2.53909e-07
-5.58118e-08
2.16598e-07
1.4183e-07
1.66727e-07
-3.32931e-08
2.07041e-07
-3.39159e-08
-2.1837e-07
1.42547e-07
-3.96073e-08
-2.27116e-07
-1.21557e-07
1.64044e-07
-8.90898e-11
2.86785e-07
2.58441e-07
-1.84596e-07
-3.9906e-08
-4.52023e-08
-2.31452e-07
1.45698e-07
2.56902e-08
-2.07547e-07
1.29921e-07
1.42551e-07
-1.41317e-08
-1.49813e-07
3.3918e-08
5.80436e-08
-2.37078e-07
-7.33487e-08
4.42288e-08
2.87142e-08
-1.39047e-08
8.41483e-08
1.01985e-07
9.10801e-09
-1.89846e-10
2.11456e-08
4.95061e-08
5.69424e-08
1.90197e-08
-1.88631e-08
-2.23477e-08
8.58688e-08
1.09768e-07
1.69553e-09
-7.56806e-09
3.18296e-08
5.08633e-08
4.72098e-08
2.97714e-08
-1.16938e-08
-2.78876e-08
8.072e-08
1.12431e-07
-3.18637e-09
-1.25026e-08
3.21526e-08
6.03647e-08
4.01961e-08
2.98197e-08
8.31853e-09
-2.97964e-08
5.94516e-08
1.17272e-07
7.44167e-09
-1.06e-08
3.30757e-08
5.12581e-08
2.98977e-08
3.78122e-08
3.27049e-08
-1.00926e-08
4.8732e-08
9.54187e-08
3.50024e-09
-5.05347e-11
4.89026e-08
2.76774e-08
2.11319e-08
5.22968e-08
4.80841e-08
2.48656e-08
5.81368e-08
7.51349e-08
8.68899e-09
-1.04206e-08
3.88901e-08
3.02371e-08
3.27158e-08
3.91974e-08
3.8448e-08
5.41159e-08
3.43611e-08
8.62409e-08
3.6576e-08
-5.08109e-08
1.091e-08
7.19429e-08
3.13483e-08
2.54285e-09
5.88197e-08
6.13144e-08
2.89831e-08
9.4432e-08
6.17415e-08
-7.87827e-08
-1.08061e-08
8.68378e-08
1.85088e-08
5.99671e-09
7.46016e-08
7.86032e-08
1.78146e-08
1.0042e-07
8.99504e-08
-8.22388e-08
-3.61494e-08
6.49674e-08
2.17736e-08
8.0624e-09
9.35768e-08
1.02061e-07
-1.21149e-08
1.11882e-07
1.02371e-07
-9.96641e-08
-4.22912e-08
2.61494e-08
7.97569e-09
2.16072e-08
1.36331e-07
1.00971e-07
-1.6904e-08
1.1743e-07
1.09157e-07
-9.83752e-08
-5.1972e-08
-1.18312e-08
-1.21199e-08
4.59573e-08
1.76042e-07
1.30529e-07
-4.315e-09
5.92321e-08
8.75878e-08
-5.68106e-08
-6.48561e-08
-4.1978e-08
-1.9937e-08
6.64648e-08
1.98952e-07
1.01704e-07
2.99417e-08
2.18517e-08
4.27529e-08
1.80251e-08
-5.60095e-08
-1.27064e-07
-2.67597e-08
1.3776e-07
1.74341e-07
3.60805e-09
1.22172e-07
3.9321e-08
-6.69293e-08
9.75642e-08
-1.02127e-08
-2.25981e-07
-4.54448e-08
2.35868e-07
1.445e-07
-2.18155e-08
1.52326e-07
1.45554e-08
-1.15784e-07
1.3853e-07
-6.38452e-09
-2.6358e-07
-2.28006e-08
2.77143e-07
1.08441e-07
-3.21829e-08
1.58789e-07
4.27051e-10
-1.47812e-07
1.5041e-07
2.95501e-08
-2.82607e-07
-1.248e-08
2.94861e-07
8.47544e-08
-1.96936e-08
1.43749e-07
-2.25779e-08
-1.52106e-07
1.33233e-07
4.43136e-08
-2.53325e-07
2.64019e-09
2.71216e-07
7.5476e-08
8.68144e-08
1.15725e-07
-9.1522e-08
-1.08057e-07
1.07243e-07
1.24376e-08
-2.36858e-07
7.52079e-08
2.43302e-07
-7.39224e-09
1.57911e-07
1.14327e-07
-1.52097e-07
-1.18247e-07
1.99877e-08
-6.9899e-09
-2.06806e-07
1.83213e-07
2.83979e-07
-7.55715e-08
1.56581e-07
1.19063e-07
-1.767e-07
-1.46747e-07
-5.23493e-08
-7.24465e-08
-1.57884e-07
2.96219e-07
3.31866e-07
-8.64991e-08
1.2801e-07
8.68318e-08
-2.15527e-07
-1.43344e-07
-6.83933e-08
-1.02245e-07
-1.28076e-07
3.63679e-07
3.97468e-07
-1.01969e-07
1.24454e-07
4.93486e-08
-2.59671e-07
-9.26316e-08
-5.78704e-08
-1.49609e-07
-1.09391e-07
4.02174e-07
4.00037e-07
-1.16601e-07
1.18138e-07
2.84089e-08
-3.05289e-07
-2.34542e-09
-4.77113e-08
-2.21885e-07
-6.88508e-08
3.96754e-07
3.9588e-07
-1.25374e-07
1.16967e-07
1.21118e-07
-3.35149e-07
5.60102e-09
3.31679e-08
-2.56901e-07
-1.02367e-07
3.50133e-07
3.97275e-07
-1.42074e-07
1.17291e-07
1.54447e-07
-3.45785e-07
-1.69937e-08
3.00488e-08
-2.44835e-07
-9.63139e-08
3.42886e-07
3.91954e-07
-1.6427e-07
1.14067e-07
1.40524e-07
-3.51443e-07
-4.02734e-08
3.26866e-08
-2.16571e-07
-7.12278e-08
3.6269e-07
3.81678e-07
-1.59642e-07
1.00198e-07
3.74563e-08
-3.03242e-07
-7.87865e-08
-8.04263e-08
-1.75682e-07
3.87146e-08
4.22585e-07
3.37513e-07
-1.47851e-07
9.40224e-08
5.73477e-08
-2.5121e-07
-1.60901e-07
-1.06677e-07
-1.78626e-07
7.83354e-08
3.11394e-07
2.8138e-07
3.72316e-08
2.00685e-07
-8.20468e-08
-2.06204e-07
6.97064e-11
-5.12874e-08
-2.19476e-07
1.96874e-07
2.36611e-07
-5.52232e-08
1.55282e-07
1.97039e-07
-8.63453e-08
-6.55458e-08
-9.33538e-08
-2.19734e-07
-3.02353e-08
3.12734e-07
5.98909e-08
-1.26953e-07
2.06914e-07
-3.66117e-08
2.29969e-07
-2.14754e-08
-2.83761e-07
-1.16387e-07
1.972e-07
2.08932e-07
-1.74161e-07
4.72079e-10
8.69144e-08
-9.92736e-09
3.06504e-07
-4.88894e-08
-2.17608e-07
1.50595e-07
1.61402e-07
-1.17054e-07
-5.58593e-09
6.60575e-08
-1.95071e-07
4.22329e-08
7.66634e-08
4.57906e-08
2.31146e-07
1.68169e-07
-1.53045e-07
-1.3374e-07
8.03917e-08
-1.027e-07
-1.84985e-07
6.17868e-08
8.96992e-08
9.47462e-08
3.38383e-07
1.59555e-08
-3.91149e-08
8.76027e-08
-2.05819e-07
-2.26124e-07
-1.20243e-07
-8.39386e-08
-2.49678e-08
1.65167e-07
3.3258e-07
7.68585e-08
-4.97013e-08
-7.04177e-08
-1.1064e-07
-4.21575e-08
-9.96459e-08
-1.50161e-07
-5.68679e-09
3.21061e-07
2.04903e-07
-1.26935e-07
8.4107e-08
7.13219e-08
-3.61483e-07
-7.71631e-08
1.26981e-07
-3.84435e-08
9.90634e-08
1.71413e-07
4.04293e-09
9.12393e-08
1.1265e-07
-1.47464e-07
-2.43773e-07
-1.10222e-07
3.38906e-08
2.38961e-07
2.72473e-07
-1.62093e-08
5.58306e-08
6.81298e-08
-2.49018e-07
9.4344e-08
7.20891e-08
-3.90772e-07
-1.4652e-07
3.95843e-07
1.722e-07
-1.80264e-07
1.17354e-07
1.42356e-07
-3.00957e-07
9.32549e-08
1.3612e-07
-4.02001e-07
-1.25418e-07
1.83468e-07
-2.95344e-07
-7.58987e-08
1.01348e-07
1.678e-07
-2.80353e-08
1.198e-07
1.03993e-07
-3.69614e-07
1.15264e-07
-1.59309e-07
-1.39683e-07
2.92541e-07
9.97501e-08
-1.10311e-07
2.00524e-07
7.06639e-08
-2.62351e-07
-8.79343e-08
9.32104e-08
-2.54549e-07
6.79895e-08
7.39139e-08
-2.07782e-07
3.79623e-07
3.10751e-07
-3.16613e-07
4.88569e-08
1.21519e-07
-2.16318e-07
-1.24303e-07
-8.23736e-08
-3.70662e-10
7.08547e-08
4.51928e-07
1.49678e-07
-2.77878e-07
8.03563e-08
5.78016e-09
-2.3933e-07
-1.84078e-07
-1.74393e-07
1.10752e-07
2.00998e-07
-3.66473e-08
1.80122e-07
-5.19632e-08
-1.81551e-07
1.75598e-07
3.84124e-08
1.37209e-07
-3.1825e-07
-3.6026e-08
1.10922e-07
-8.46207e-08
3.89586e-08
2.13447e-07
5.00679e-08
-1.86164e-07
1.53091e-07
2.69264e-07
-2.55723e-07
-4.12846e-08
-5.2908e-08
-1.36004e-07
8.16534e-08
1.60257e-07
-5.04735e-08
-1.85884e-07
2.555e-07
1.80846e-07
1.92851e-07
-9.17447e-08
5.15138e-08
1.59585e-10
-2.06603e-07
-2.07582e-07
2.91556e-08
1.1593e-07
-9.02128e-08
-6.75175e-08
1.43511e-07
1.96346e-07
-1.62871e-07
-1.33939e-07
1.66046e-07
3.7626e-08
-2.61671e-07
-2.67157e-08
1.16606e-07
-1.0091e-09
1.65854e-07
2.40884e-07
-1.4521e-08
-2.01985e-07
-1.11124e-07
6.92809e-08
1.40699e-07
-1.34733e-07
-1.9314e-07
-1.60111e-08
-3.43804e-08
1.28011e-07
6.5184e-08
-2.14315e-07
-1.07208e-07
-5.35695e-08
-4.74345e-08
1.13812e-07
1.0915e-07
1.93869e-08
6.11547e-09
4.28162e-08
7.44281e-08
-6.39703e-09
3.25136e-08
1.17924e-07
9.07196e-08
-4.20589e-08
-4.23229e-08
1.96148e-08
5.85334e-09
4.44909e-08
6.81594e-08
-5.7549e-09
3.50297e-08
1.19989e-07
9.26023e-08
-4.74865e-08
-3.84827e-08
1.52133e-08
8.46747e-09
4.94588e-08
5.92014e-08
-8.53333e-09
3.02136e-08
1.29045e-07
8.85244e-08
-5.32864e-08
-2.2468e-08
5.99556e-09
9.37304e-09
6.75406e-08
4.962e-08
-1.87572e-08
3.22637e-08
1.35866e-07
7.40832e-08
-4.81618e-08
-8.87946e-09
-1.12942e-08
3.25955e-08
8.56151e-08
2.37939e-08
-9.62741e-09
3.5872e-08
1.3169e-07
6.3929e-08
-3.78777e-08
-8.93008e-09
-1.77912e-08
5.49995e-08
8.18948e-08
4.75979e-09
1.25553e-08
4.48052e-08
1.18765e-07
5.33212e-08
-3.22481e-08
9.44094e-10
-1.62401e-08
6.24444e-08
5.44103e-08
-1.17844e-08
5.18967e-08
6.49841e-08
9.73009e-08
2.16866e-08
-2.6474e-08
2.28669e-08
-2.161e-08
8.2002e-08
3.32014e-08
-3.37131e-08
6.01576e-08
9.04357e-08
8.2621e-08
-2.73251e-08
1.07689e-10
5.06261e-08
-1.95554e-08
6.22397e-08
3.37385e-08
-5.27316e-08
7.54013e-08
1.16759e-07
2.96915e-08
-4.0551e-08
2.12786e-08
9.14769e-08
-2.7699e-08
7.39987e-09
6.43319e-08
-4.3231e-08
7.86682e-08
1.1565e-07
-1.63443e-08
-3.10279e-08
4.64885e-08
1.30613e-07
-3.58862e-08
-2.7292e-08
5.98659e-08
-1.21654e-08
1.09133e-07
9.72584e-08
-6.91365e-08
-1.9381e-08
6.71044e-08
1.53415e-07
-3.59691e-08
-2.47939e-08
3.20523e-08
-1.06118e-08
1.61177e-07
8.33308e-08
-1.21317e-07
-4.26645e-08
9.30663e-08
1.75968e-07
-4.4491e-08
6.30621e-09
-3.26465e-08
-3.76135e-09
2.15223e-07
4.1999e-08
-1.14753e-07
-5.32162e-08
1.20515e-07
1.50327e-07
-1.46643e-08
1.88513e-08
-1.04886e-07
2.59747e-08
2.42986e-07
1.96412e-08
-1.24503e-07
-4.37705e-08
1.46062e-07
1.02926e-07
3.98333e-08
6.25155e-08
-1.85234e-07
4.82857e-08
2.43405e-07
5.16782e-09
-1.35638e-07
-1.10184e-08
1.7346e-07
2.40282e-08
9.52695e-08
1.29473e-08
-2.04745e-07
1.20489e-07
1.71904e-07
-4.95982e-08
-5.75912e-08
6.72643e-08
1.1599e-07
-2.80399e-08
9.54085e-08
6.72803e-09
-2.05048e-07
1.44272e-07
1.1882e-07
-9.50208e-08
2.47183e-08
9.84433e-08
7.98829e-08
-3.64389e-08
9.6633e-08
-5.84767e-09
-2.18513e-07
1.603e-07
1.1337e-07
-1.81287e-07
1.32288e-07
1.11102e-07
5.08888e-10
2.12225e-08
7.45469e-08
-1.14047e-08
-1.91588e-07
1.36971e-07
6.32195e-08
-2.12597e-07
1.9235e-07
1.60491e-07
-3.14885e-08
6.93546e-08
-9.79676e-08
-6.51016e-08
-9.66023e-08
1.09785e-07
1.41359e-08
-2.26263e-07
2.39335e-07
1.74809e-07
4.14383e-08
1.61684e-07
-1.39718e-07
-8.42121e-08
-9.47167e-08
1.22772e-09
-3.64593e-08
-1.82448e-07
3.02465e-07
2.04126e-07
6.8337e-08
1.93522e-07
-6.58124e-08
-9.01852e-08
-1.22857e-07
-5.3372e-08
-5.13394e-08
-1.65954e-07
2.98809e-07
2.92594e-07
3.84537e-08
1.43316e-07
6.52824e-08
-2.57678e-07
-1.45778e-07
-6.46131e-08
-4.86887e-08
-1.40544e-07
2.47263e-07
3.40815e-07
-6.23004e-09
2.2382e-07
1.40536e-07
-3.12572e-07
-1.4586e-07
-6.77237e-08
-5.91506e-08
-1.00534e-07
2.3783e-07
3.62281e-07
-3.25561e-08
2.36804e-07
1.7925e-07
-2.963e-07
-1.48581e-07
-7.94159e-08
-6.76816e-08
-9.80981e-08
2.44931e-07
3.89951e-07
-4.74284e-08
2.12548e-07
1.78368e-07
-2.71271e-07
-1.4564e-07
-4.91754e-08
-7.54672e-08
-1.3513e-07
2.65781e-07
4.18372e-07
-5.5136e-08
1.83034e-07
1.60174e-07
-2.04805e-07
-4.85627e-08
-8.00338e-08
-2.56286e-07
-1.57353e-07
3.11602e-07
3.94419e-07
-4.98564e-08
1.79043e-07
1.43343e-07
-1.06622e-07
-1.35875e-07
-8.19838e-08
-1.8581e-07
-2.29355e-07
2.77456e-07
3.39854e-07
-1.11326e-08
2.15463e-07
-1.15893e-08
5.77314e-08
-1.32261e-07
-1.43541e-07
-1.25216e-07
-1.2245e-07
1.79389e-07
1.40081e-07
1.88861e-07
1.90894e-07
7.77788e-09
9.90322e-09
-8.5201e-08
-2.19239e-07
-1.77889e-07
1.5299e-07
1.67704e-07
-9.85689e-08
1.5326e-07
2.73136e-07
1.75254e-07
2.43787e-07
-7.27343e-08
-3.53418e-07
-1.96333e-07
2.24016e-07
2.42186e-07
-2.02963e-07
-7.54328e-08
1.77957e-07
3.63028e-07
2.53872e-07
-3.59034e-07
-2.93391e-07
-4.44041e-08
9.53557e-08
2.80368e-07
-7.08491e-08
-1.62678e-07
7.14332e-08
2.52928e-07
3.00606e-07
-3.14008e-07
-1.09405e-07
5.70885e-08
-7.29656e-08
-4.74674e-09
5.43534e-08
5.62259e-08
-1.6344e-07
9.0454e-08
4.23262e-07
-3.48782e-08
-2.24763e-07
1.50801e-07
3.20066e-08
-1.47618e-07
4.08843e-08
-1.3436e-08
-2.41002e-07
1.45632e-07
4.25564e-07
-7.19864e-08
-2.45478e-07
2.9623e-07
4.85231e-08
-1.3417e-07
-3.06807e-08
-2.27517e-07
-1.64492e-07
5.39701e-08
4.93952e-07
9.72734e-08
-2.21977e-07
4.96708e-08
1.42392e-07
-7.32045e-08
-3.01952e-07
-1.50809e-07
-9.61314e-08
6.36901e-08
4.02459e-07
2.32962e-07
-2.63998e-07
1.04964e-07
2.04258e-07
-3.16345e-07
-1.30847e-07
-1.01323e-07
-1.7943e-07
1.04274e-07
2.7868e-07
2.13885e-07
1.36195e-08
-2.53645e-07
-1.66206e-08
-5.68271e-08
1.30407e-09
2.81849e-08
-2.73872e-07
2.34737e-07
-4.51497e-08
1.7035e-07
5.95948e-08
-2.94125e-07
-7.93253e-08
7.72385e-08
-1.16125e-07
-1.34221e-07
1.78219e-07
8.18903e-08
-2.2825e-07
1.78882e-07
-4.92893e-08
-2.62617e-07
-1.81243e-09
-1.83869e-08
2.51342e-08
1.45884e-08
2.77546e-07
-2.10483e-07
-1.06669e-08
3.00648e-07
3.01463e-08
-2.09704e-07
1.13325e-07
-5.63427e-08
-2.38109e-07
1.90704e-07
1.01603e-07
-2.43369e-07
9.13827e-08
1.19456e-07
-2.04275e-07
2.54581e-07
8.13111e-08
-3.52367e-07
1.83902e-07
2.80161e-07
-2.03064e-07
9.15799e-09
-4.75592e-08
-9.90996e-08
1.19275e-07
3.69601e-07
-4.48239e-08
-2.76758e-07
2.75543e-07
2.98364e-08
-3.21813e-07
-1.22016e-07
-3.06085e-08
-2.01156e-08
1.33689e-07
2.39391e-07
1.11017e-07
-2.7143e-07
9.42468e-08
2.08307e-07
-2.75444e-07
1.15382e-07
-2.99411e-07
-1.65906e-08
5.53188e-08
-7.19975e-08
2.11256e-07
-2.14149e-08
-1.90407e-07
1.68839e-08
2.68356e-07
2.15475e-07
-2.82271e-07
-4.59018e-08
-8.8544e-08
-1.88213e-07
2.77134e-07
-1.03494e-07
-2.84231e-07
9.47844e-08
4.28898e-07
2.4661e-07
-5.04724e-08
1.14986e-07
6.5488e-08
-1.86395e-07
-1.31329e-07
-1.17476e-07
5.43912e-08
-4.40726e-08
2.17805e-08
9.4872e-08
-5.21493e-08
1.15696e-07
1.58005e-07
1.61308e-09
-2.31395e-07
-1.29368e-07
7.10135e-08
-8.4464e-08
3.1547e-08
1.9178e-07
1.66446e-07
-8.22687e-08
1.15908e-07
6.30158e-08
-3.284e-07
2.84972e-08
-4.88573e-08
-2.16839e-07
3.73941e-08
-5.49569e-08
-3.8879e-08
8.49592e-08
4.55817e-08
-1.92023e-07
-2.37066e-07
8.80738e-08
8.07331e-09
4.77575e-08
2.30786e-07
2.75913e-08
-8.66795e-09
8.70094e-09
5.6203e-08
-5.68143e-09
3.37858e-08
9.02171e-08
7.11826e-08
8.65931e-09
-1.22229e-08
2.91326e-08
-9.24426e-09
6.26814e-09
5.62573e-08
-1.06203e-08
3.62061e-08
9.43763e-08
6.77959e-08
1.14099e-08
-1.1815e-08
4.20485e-08
-7.16253e-10
3.72812e-09
5.00151e-08
-1.69051e-08
3.27257e-08
1.07642e-07
5.87106e-08
-2.42662e-09
1.16345e-09
4.8432e-08
-1.63793e-09
1.65405e-08
2.80005e-08
-2.65225e-08
4.24619e-08
1.05116e-07
3.81825e-08
-1.27916e-10
2.87802e-08
4.62416e-08
3.33444e-09
2.31566e-08
1.06048e-08
-2.57612e-08
4.19162e-08
8.87452e-08
2.33795e-08
1.36981e-08
5.5777e-08
2.85128e-08
2.17388e-08
2.2116e-08
-5.86379e-09
-1.22867e-08
3.82418e-08
6.34482e-08
4.05175e-09
5.00241e-08
7.22074e-08
-3.30857e-09
7.52266e-08
5.19229e-09
-3.57364e-08
2.01917e-08
5.29811e-08
2.4537e-08
-2.64533e-08
1.00528e-07
6.52737e-08
-2.81031e-08
9.5582e-08
-4.95664e-09
-6.31245e-08
5.27604e-08
6.72848e-08
-1.38299e-08
-4.59157e-08
1.34166e-07
8.57254e-08
-2.53257e-08
1.10432e-07
6.02305e-09
-7.02179e-08
4.84492e-08
5.29809e-08
-3.0033e-08
-4.01749e-08
1.47418e-07
8.76269e-08
-1.12171e-08
1.18603e-07
-3.3952e-09
-5.70148e-08
6.00679e-08
8.21586e-09
-5.29015e-08
3.96912e-10
1.42628e-07
8.78697e-08
5.01565e-08
1.00211e-07
-4.68522e-08
-1.82254e-08
9.14241e-08
-2.63067e-08
-6.55992e-08
2.82466e-08
9.63808e-08
7.42682e-08
5.86888e-08
1.03564e-07
-7.24858e-08
7.62743e-09
1.696e-07
-7.17131e-08
-9.53295e-08
4.08162e-08
7.55563e-08
5.26213e-08
3.8876e-08
9.53988e-08
-4.52716e-08
3.17284e-08
2.15412e-07
-9.76628e-08
-1.10853e-07
5.06653e-08
5.14679e-08
4.89762e-08
-1.11072e-08
6.63462e-08
1.96238e-08
6.49346e-08
2.39505e-07
-1.00896e-07
-1.29725e-07
4.16697e-08
4.35957e-08
6.41672e-08
1.4823e-08
4.76848e-08
1.65046e-08
1.27233e-07
2.7816e-07
-1.51376e-07
-1.48863e-07
7.73354e-08
5.56879e-09
2.50621e-08
3.10271e-08
-5.38149e-09
-3.6633e-09
1.96936e-07
2.52628e-07
-1.80841e-07
-1.24838e-07
1.0767e-07
-2.48184e-08
2.03913e-08
2.54476e-08
-1.04571e-07
-9.20213e-09
2.75408e-07
2.14635e-07
-1.76254e-07
-9.39552e-08
9.57433e-08
-1.50204e-08
5.01691e-08
7.20919e-08
-2.28871e-07
-5.35006e-08
2.95313e-07
1.9429e-07
-1.81242e-07
-2.52835e-08
8.06344e-08
-4.99019e-08
1.73662e-07
4.16903e-08
-2.59642e-07
-4.32098e-08
2.04775e-07
1.0216e-07
-1.2414e-07
2.42215e-08
9.8504e-08
-1.4011e-08
2.45056e-07
-5.86599e-08
-2.77129e-07
-9.28852e-09
1.77427e-07
-7.32058e-11
-1.07837e-07
3.72605e-08
5.79667e-08
1.12928e-07
3.24015e-07
-1.34991e-07
-2.54506e-07
6.54949e-08
1.55193e-07
-2.19121e-07
-6.85807e-08
1.15446e-07
-1.93049e-08
2.49074e-07
3.57748e-07
-1.99532e-07
-1.73418e-07
1.5698e-07
1.77814e-08
-2.79463e-07
-5.09744e-08
1.08042e-07
-9.2057e-09
3.35206e-07
3.5971e-07
-1.94886e-07
-6.77545e-08
1.57525e-07
-1.90023e-07
-2.31581e-07
7.61916e-08
9.40272e-08
-4.73824e-08
3.0743e-07
4.08999e-07
-1.87278e-07
-2.31387e-10
1.67631e-07
-2.49721e-07
-3.13905e-07
9.63064e-08
2.31443e-07
-1.08625e-07
2.59319e-07
4.47668e-07
-1.82894e-07
8.10168e-08
1.6156e-07
-2.44415e-07
-3.2898e-07
3.15017e-08
2.50253e-07
-1.05647e-07
2.77055e-07
3.92087e-07
-1.20543e-07
1.56296e-07
7.18811e-08
-1.89666e-07
-3.21135e-07
-9.21998e-08
1.55452e-07
3.25383e-09
3.73044e-07
2.61526e-07
-5.26158e-08
1.08619e-07
1.7812e-07
-1.22001e-07
-4.20489e-07
-1.18172e-07
4.71837e-08
-1.24224e-08
3.96449e-07
2.61083e-07
3.5287e-08
1.23235e-07
1.10743e-07
-1.84939e-07
-3.87937e-07
-1.03805e-07
-9.09865e-09
-4.64151e-08
3.55259e-07
3.26994e-07
1.62733e-07
8.65754e-08
6.19491e-08
-5.48615e-08
-3.00796e-07
-1.65387e-07
1.06746e-08
-1.05847e-07
1.31017e-07
3.50456e-07
4.32987e-07
1.83024e-07
-1.43056e-07
-2.6116e-07
-1.36175e-07
3.15972e-08
-8.91103e-08
-1.52045e-07
-1.72147e-09
2.62883e-07
3.89742e-07
9.3493e-08
-1.99922e-07
-2.2614e-07
1.33472e-08
1.58639e-08
-4.92207e-08
-2.13724e-07
-9.72962e-08
3.69e-07
4.53415e-07
1.83797e-07
-3.33171e-07
-5.92328e-08
-5.25443e-08
-2.31763e-07
1.50851e-07
-4.6071e-08
-1.8604e-07
1.80027e-07
4.83471e-07
9.24895e-08
-3.23681e-07
8.30985e-08
-4.01367e-08
-2.80914e-07
1.48367e-07
-1.58188e-07
-2.45678e-07
2.26445e-07
4.01036e-07
1.59358e-07
-2.70577e-07
1.19357e-07
7.01938e-08
-2.37931e-07
4.36484e-08
-1.75663e-07
-2.55483e-07
1.19158e-07
1.10562e-07
2.27673e-07
-6.22535e-08
1.68704e-08
1.42325e-07
8.8644e-09
-1.95024e-07
-2.61848e-07
-4.25454e-08
-1.97719e-08
2.6964e-08
3.13784e-07
1.52797e-07
-2.47765e-07
1.97421e-07
1.56327e-08
-3.85024e-07
-3.83402e-08
1.3765e-08
-9.90468e-08
7.07611e-08
4.5032e-07
1.4791e-07
-3.2988e-07
1.50233e-07
2.16633e-07
-3.03936e-07
-3.12189e-07
-9.31715e-08
-9.39509e-09
-2.21209e-07
4.77427e-07
1.54428e-07
-2.62964e-07
1.3901e-08
1.29307e-07
-1.26262e-07
-2.42318e-07
2.09938e-07
-8.83276e-08
-1.90663e-07
4.08399e-07
2.61904e-07
-3.71333e-07
9.48882e-08
2.60736e-07
-2.72453e-07
-2.86765e-07
1.07138e-07
3.07103e-09
-1.93234e-07
1.58882e-07
2.76349e-07
-3.64571e-07
2.71586e-09
7.114e-08
-3.44134e-07
-1.24485e-07
2.80681e-07
2.83189e-07
-2.39655e-08
7.08261e-08
1.42658e-07
-2.14953e-07
1.24525e-07
1.44293e-07
-3.72275e-07
-2.25951e-07
1.04248e-07
2.80008e-07
1.5699e-09
6.51844e-08
1.24039e-07
-7.59499e-08
7.4251e-08
9.86427e-08
-3.41487e-07
-1.27027e-07
1.61034e-07
1.05552e-08
2.25895e-07
7.60111e-08
-2.17358e-07
1.94215e-07
1.45978e-08
-1.97691e-07
1.75076e-07
1.1737e-07
-2.26425e-07
-1.65508e-07
-2.31914e-07
-2.55351e-09
1.28861e-07
2.86976e-07
5.50391e-08
-1.19118e-07
-1.22735e-07
1.17969e-07
1.87404e-07
-2.57276e-07
-4.03589e-08
8.57984e-08
8.15835e-08
1.17432e-07
7.0457e-08
-1.7402e-07
-2.52788e-07
2.27644e-07
1.63415e-07
-2.71279e-07
-1.01032e-07
1.56531e-07
1.92791e-07
-1.28011e-07
-2.03701e-07
2.27596e-08
-8.06995e-08
-1.71315e-07
2.01622e-07
1.15005e-07
3.71055e-09
2.44379e-07
3.32421e-07
4.49144e-08
-2.28731e-07
-1.70218e-07
-2.04823e-07
1.38335e-09
1.33019e-07
-1.26233e-07
1.1561e-07
-1.36294e-07
2.24006e-07
1.81481e-07
-1.73574e-07
-2.17077e-07
-1.04325e-07
6.65982e-08
-6.91838e-08
1.13511e-07
1.51891e-07
-1.1334e-07
6.62481e-08
-3.47147e-08
5.90218e-08
-8.44044e-08
-4.89029e-08
-6.72141e-08
-2.3014e-07
2.71407e-07
3.43844e-07
-1.10346e-07
-2.58971e-07
-2.89053e-07
-1.29572e-07
1.0234e-07
1.04433e-07
-9.61718e-08
-3.90434e-09
4.01899e-07
2.03784e-08
2.95978e-08
-1.32379e-08
2.75897e-08
2.3269e-08
7.99796e-08
7.69377e-08
-3.03335e-09
3.81395e-08
-2.06273e-09
1.94962e-08
3.27379e-08
-2.25611e-08
3.6984e-08
3.20692e-08
7.64495e-08
6.79646e-08
-7.9471e-09
4.7644e-08
-4.74215e-09
3.72328e-08
4.69331e-08
-4.555e-08
3.70587e-08
4.50259e-08
7.21651e-08
5.73879e-08
-4.77279e-09
5.57563e-08
-2.68307e-08
5.31101e-08
5.69551e-08
-5.36133e-08
3.63736e-08
3.65703e-08
8.10931e-08
5.85977e-08
-1.2066e-08
4.92662e-08
-3.802e-08
7.07755e-08
7.93596e-08
-7.34748e-08
1.72988e-08
5.13242e-08
9.2409e-08
3.16736e-08
-6.77273e-09
5.60075e-08
-5.41372e-08
6.39398e-08
1.1149e-07
-9.10702e-08
-1.58101e-08
7.70022e-08
1.05691e-07
1.27493e-08
-4.36121e-09
6.65542e-08
-6.36789e-08
2.68345e-08
1.29173e-07
-8.49689e-08
-4.2131e-08
9.5049e-08
1.10346e-07
-5.53367e-09
-3.59865e-09
9.14519e-08
-6.05219e-08
4.60418e-10
1.40531e-07
-8.79464e-08
-3.61047e-08
9.99288e-08
8.78036e-08
-1.80466e-08
-2.00683e-09
1.34018e-07
-6.05318e-08
7.46828e-09
1.32862e-07
-1.12497e-07
-5.41919e-09
1.13025e-07
4.49477e-08
-4.49469e-08
4.60857e-08
1.64344e-07
-8.46977e-08
2.67873e-08
1.49381e-07
-1.29976e-07
-5.31764e-09
1.48019e-07
6.09289e-09
-9.69126e-08
1.10804e-07
1.74127e-07
-1.16877e-07
9.56062e-08
1.33812e-07
-1.49154e-07
2.64305e-08
1.68406e-07
-3.63829e-08
-1.21391e-07
1.63083e-07
1.26308e-07
-1.4557e-07
1.26628e-07
1.40926e-07
-1.40303e-07
4.71899e-08
1.54624e-07
-7.63602e-08
-1.06099e-07
1.97227e-07
7.70448e-08
-1.51491e-07
1.38034e-07
1.31565e-07
-7.19265e-08
8.07343e-08
6.77271e-08
-1.30725e-07
-4.83053e-08
2.25584e-07
2.60187e-08
-1.41836e-07
9.9078e-08
1.01804e-07
-2.0857e-08
1.08515e-07
8.00385e-08
-1.66711e-07
-1.96807e-08
2.1949e-07
-6.15749e-09
-1.09979e-07
7.07322e-08
7.81466e-08
1.73377e-08
1.35427e-07
1.23963e-07
-1.92588e-07
-2.36746e-08
2.20938e-07
-4.54666e-08
-8.14069e-08
5.1035e-08
4.79657e-08
3.99878e-08
1.57978e-07
1.59843e-07
-1.75778e-07
-1.24718e-08
1.44208e-07
-8.54356e-08
-2.12085e-08
5.24872e-08
1.28912e-08
7.24328e-08
1.71463e-07
1.58642e-07
-1.24027e-07
-2.50535e-08
1.11264e-07
-8.4348e-08
-2.35061e-08
6.16391e-08
1.41585e-08
-8.67569e-09
1.43802e-07
2.22023e-07
-5.12026e-08
-9.04668e-08
7.44951e-08
9.3449e-09
-3.37358e-08
8.85326e-08
3.35695e-08
-2.44881e-08
7.54744e-08
1.76542e-07
-4.93154e-08
-7.18686e-08
1.08024e-07
-1.40699e-08
-4.15845e-09
1.56276e-07
9.20594e-09
-1.28833e-07
1.6123e-07
1.13388e-07
-1.58665e-07
8.97872e-08
1.80343e-07
-8.71996e-08
-8.44946e-09
2.48304e-07
-3.64599e-08
-1.38135e-07
1.95624e-07
-2.45678e-08
-1.95848e-07
2.05165e-07
1.96208e-07
-1.4644e-07
4.392e-08
3.04975e-07
-3.76884e-08
-1.3645e-07
1.46965e-07
-1.18923e-07
-1.89267e-07
2.53421e-07
2.16435e-07
-1.41988e-07
7.01922e-08
3.21365e-07
-1.66305e-08
-9.64322e-08
4.99577e-08
-1.79222e-07
-1.23903e-07
1.96699e-07
1.83896e-07
-6.13451e-08
1.25229e-07
2.30213e-07
-8.10282e-08
8.64866e-08
-1.02415e-07
-2.70189e-07
-5.73222e-08
2.40462e-07
1.9393e-07
-9.36938e-08
2.25488e-07
1.0802e-07
1.70023e-08
2.15013e-07
-1.88655e-07
-3.16074e-07
-3.14196e-09
2.74274e-07
1.03216e-07
-7.89399e-08
1.74174e-07
1.09082e-07
1.81542e-07
1.51292e-07
-1.81323e-07
-2.92407e-07
2.93182e-08
1.93575e-07
-1.40261e-07
-4.13804e-08
1.88129e-07
5.5607e-08
1.5022e-07
2.63576e-07
-1.1256e-07
-3.24319e-07
6.06851e-08
7.95529e-08
-1.80451e-07
1.81976e-08
1.55796e-07
6.51338e-08
8.35152e-08
2.78844e-07
-3.06124e-08
-2.82138e-07
-1.33579e-07
-1.13942e-07
-1.02424e-08
1.27176e-07
1.69828e-07
1.30439e-07
1.34296e-07
1.35723e-07
1.15188e-07
-2.54021e-07
-2.93214e-07
6.28116e-08
-6.62318e-08
-3.37569e-08
1.90549e-07
2.99544e-07
2.16156e-07
-2.43952e-08
4.73693e-08
-2.47456e-07
-2.47556e-07
1.23646e-07
-5.18475e-08
-1.00874e-07
1.36089e-07
8.75821e-08
2.55566e-08
1.97918e-07
-8.32229e-09
-3.75383e-07
-3.15692e-08
9.99576e-08
-3.18064e-07
3.72232e-08
3.61712e-07
3.1668e-07
-1.22133e-07
9.01242e-08
1.49478e-07
-3.93091e-07
-9.49105e-08
-4.45456e-08
-3.11785e-07
1.72998e-08
4.36135e-07
3.89353e-07
-1.28433e-07
8.8301e-08
1.90535e-07
-3.4535e-07
-9.18105e-08
-3.68489e-08
-3.2919e-07
-1.20173e-07
4.00272e-07
3.54203e-07
-7.47026e-08
1.05363e-07
1.46088e-07
-2.0698e-07
-4.61758e-08
-5.40775e-08
-3.02958e-07
-2.08671e-07
2.76953e-07
2.1233e-07
1.29116e-07
-5.44312e-08
-9.11864e-08
2.38644e-07
8.98688e-08
-3.60374e-07
-3.48663e-07
-7.44591e-08
1.94099e-07
3.8052e-07
1.08989e-07
-1.78385e-07
1.33303e-08
3.18974e-07
1.38769e-07
-3.85404e-07
-3.14199e-07
-1.13359e-07
2.96588e-09
1.31151e-07
2.97581e-07
-8.05406e-08
-4.91144e-08
5.99076e-08
2.23638e-07
-3.51792e-08
-4.70352e-07
-1.34989e-07
-2.30185e-08
-2.45062e-07
3.42029e-07
1.30762e-07
-1.99326e-07
-1.97438e-08
1.31828e-07
2.06251e-08
-2.51895e-07
1.16412e-07
-3.98547e-08
-1.04082e-07
2.70812e-07
1.67965e-07
-2.77156e-07
1.70827e-07
3.2473e-07
-2.95485e-07
-1.2156e-07
3.84745e-08
-1.61975e-07
6.41741e-08
4.859e-08
2.68748e-07
-4.81771e-08
-2.01279e-07
1.68906e-07
1.88369e-08
-2.9489e-07
-1.20926e-07
1.41758e-07
2.79093e-07
2.52942e-08
-1.62043e-07
1.81386e-07
2.25401e-08
-2.01835e-07
4.03502e-08
6.91459e-09
-1.75207e-07
2.61809e-08
3.16828e-07
1.00532e-07
-2.03388e-07
1.21602e-07
7.25924e-08
-2.22523e-07
4.80786e-08
-1.1931e-07
-2.62367e-07
1.22837e-07
6.35225e-08
1.86361e-07
-7.25058e-08
1.01468e-07
3.77222e-08
-1.77165e-07
1.997e-07
-8.18333e-08
-2.31503e-07
-5.21758e-08
-2.12079e-07
-9.06085e-08
1.89523e-07
4.23844e-08
-2.33245e-07
1.27391e-07
2.07574e-07
-1.59185e-07
1.07894e-07
7.46724e-08
-8.68558e-09
2.6001e-08
9.16922e-08
1.46092e-07
-2.46736e-07
-1.12244e-07
5.63554e-08
2.08154e-07
7.92023e-08
-2.42854e-07
1.19575e-07
1.74172e-07
4.76297e-09
-5.17935e-08
1.40673e-07
-6.76282e-08
-2.79005e-07
1.48503e-07
3.78024e-08
-1.97174e-07
-1.52133e-07
2.85775e-07
2.50127e-07
-2.07017e-07
3.12542e-08
-8.85641e-08
-3.13265e-07
-3.40021e-08
2.27766e-07
3.5702e-08
-4.92538e-08
2.17519e-07
1.1634e-07
-8.30173e-08
-4.10649e-08
-8.17206e-08
-2.56709e-07
-6.13241e-08
2.68654e-07
-2.2803e-09
1.66571e-07
-6.28615e-08
-3.76903e-08
-2.35582e-07
-9.37006e-08
1.48969e-07
-2.29339e-07
-1.76693e-07
1.61137e-07
3.8239e-07
3.58651e-07
5.44696e-08
-1.43892e-07
-4.73557e-07
-3.87139e-07
1.2893e-08
-8.85834e-08
-5.00079e-08
3.07226e-07
5.01477e-07
-1.01159e-08
5.57623e-08
3.49553e-08
2.73073e-08
2.47607e-08
7.66501e-08
4.25004e-08
-5.68105e-08
5.53051e-08
5.62775e-08
-1.39504e-08
5.67547e-08
2.71111e-08
2.92231e-08
2.49059e-08
8.1683e-08
3.99978e-08
-5.65721e-08
6.72053e-08
4.58212e-08
-2.15725e-08
6.35727e-08
1.12896e-08
2.34844e-08
3.08744e-08
8.12149e-08
3.9746e-08
-6.1872e-08
8.52678e-08
4.96164e-08
-2.85669e-08
7.2446e-08
-5.46023e-09
2.74591e-08
4.07869e-08
6.49835e-08
3.50996e-08
-5.45923e-08
1.02167e-07
4.20783e-08
-4.40174e-08
9.111e-08
-4.1206e-09
2.33568e-08
5.73992e-08
3.66313e-08
1.42762e-08
-3.93441e-08
1.27678e-07
2.56983e-08
-5.99729e-08
1.25823e-07
9.66482e-09
-9.31223e-09
4.77927e-08
1.8078e-08
1.11813e-08
-1.93212e-08
1.44765e-07
1.55872e-08
-6.58396e-08
1.54106e-07
2.02003e-08
-2.69225e-08
5.10727e-08
1.12875e-08
-2.18505e-08
1.23078e-08
1.57445e-07
-7.02645e-09
-6.61655e-08
1.68815e-07
3.83863e-08
-4.21787e-08
7.7877e-08
1.38728e-08
-6.50953e-08
3.92589e-08
1.57062e-07
-2.77598e-08
-4.92263e-08
1.92164e-07
5.35219e-08
-4.14616e-08
8.74553e-08
-5.90083e-09
-6.41232e-08
7.19569e-08
1.29679e-07
-8.14517e-08
-4.374e-08
2.15605e-07
6.89729e-08
-2.72202e-08
8.00908e-08
-2.07394e-08
-6.91296e-08
1.18479e-07
1.345e-07
-1.56407e-07
-1.66239e-08
1.98924e-07
3.46296e-08
3.90837e-08
6.56629e-08
-6.10238e-08
-4.29669e-08
1.55885e-07
1.12186e-07
-1.94632e-07
3.72142e-08
1.80479e-07
-3.96763e-08
1.15523e-07
4.86709e-08
-1.4128e-07
1.88261e-08
1.94569e-07
6.29739e-08
-1.93149e-07
6.28406e-08
1.39586e-07
-4.87021e-08
1.65614e-07
2.85498e-08
-1.89283e-07
6.23869e-08
2.09874e-07
2.49066e-08
-1.70628e-07
3.11759e-08
9.06152e-08
-1.66982e-08
2.06617e-07
3.8711e-08
-2.0624e-07
8.32714e-08
1.74053e-07
-4.74517e-09
-1.08509e-07
2.60518e-08
1.10812e-07
3.34889e-08
2.02898e-07
5.70867e-08
-1.92482e-07
6.20727e-08
1.74318e-07
-5.42993e-08
-1.11978e-07
1.35208e-08
1.03349e-07
7.38977e-08
1.8191e-07
7.40468e-08
-1.56798e-07
7.35202e-08
1.41358e-07
-8.6639e-08
-9.20216e-08
1.20087e-08
5.17567e-08
1.64796e-07
1.28384e-07
-3.41236e-09
-7.26115e-08
9.22102e-08
6.28324e-08
-9.47326e-08
4.75457e-09
1.27558e-08
1.36844e-08
1.75122e-07
9.72222e-08
-3.99788e-08
-2.47105e-08
1.0399e-07
1.96146e-08
-5.39112e-08
5.62679e-08
7.5529e-08
-6.44009e-08
1.10405e-07
6.51946e-08
-4.95673e-08
5.9759e-08
7.8093e-08
-1.1403e-07
5.96273e-09
2.14522e-07
4.60746e-08
-1.24622e-07
1.40721e-07
7.07377e-08
-1.00144e-07
1.02142e-07
-4.85494e-08
-1.4729e-07
1.01691e-07
3.15913e-07
5.07838e-08
-1.8881e-07
2.27902e-07
1.4401e-07
-2.53363e-07
4.50351e-08
-7.8471e-08
-1.39767e-07
1.71816e-07
3.7402e-07
1.41656e-07
-2.07788e-07
1.98398e-07
1.31738e-07
-3.31731e-07
-2.84789e-08
-8.35163e-08
-8.21446e-08
2.09605e-07
3.97545e-07
2.74035e-07
-1.90336e-07
1.21177e-07
1.18789e-07
-3.30029e-07
-7.80971e-08
-8.80018e-08
-1.01267e-08
1.83081e-07
3.55293e-07
3.36488e-07
-1.30848e-07
6.07179e-08
1.03245e-08
-2.81366e-07
-1.10027e-07
-1.12093e-07
1.59747e-08
1.80909e-07
3.51935e-07
3.41667e-07
5.71498e-08
1.06266e-08
-1.24936e-08
-2.23675e-07
-1.24106e-07
-1.18537e-07
-3.67273e-08
1.57798e-07
1.93154e-07
2.78942e-07
2.81877e-07
-1.16567e-07
-9.24357e-08
-1.44114e-07
-2.60068e-08
-2.655e-08
-2.16392e-07
1.26327e-07
1.11862e-07
2.51758e-07
3.31705e-07
-1.25273e-07
-1.26845e-07
-1.33287e-07
2.71893e-08
-1.13912e-09
-2.78507e-07
5.73002e-08
1.15553e-07
1.96811e-07
2.80889e-07
1.12815e-07
-1.98167e-07
-2.15189e-07
8.59084e-08
-1.29171e-07
-3.71576e-07
7.48492e-08
2.86179e-07
1.99431e-07
1.59285e-07
1.21011e-07
-5.65091e-08
-2.78675e-07
-3.64517e-09
-6.33511e-08
-3.7955e-07
6.79626e-08
3.77803e-07
-1.26096e-08
3.37371e-07
1.32365e-07
-2.18682e-07
-2.07081e-07
-1.42871e-08
-6.97732e-08
-3.05129e-07
1.73718e-07
2.81703e-07
-3.59132e-08
3.52658e-07
1.62604e-07
-2.75418e-07
-1.26138e-07
-7.40778e-08
-1.71842e-07
-1.51808e-07
2.13293e-07
1.66832e-07
1.06991e-07
2.73051e-07
3.1501e-08
3.2046e-08
1.01377e-07
-2.49091e-07
-2.83458e-07
-1.57956e-07
1.03933e-07
1.4041e-07
2.46984e-07
4.38347e-07
1.87271e-07
-1.88741e-07
5.65468e-08
-7.08147e-08
-3.92963e-07
-1.32527e-07
-5.49467e-08
2.53624e-08
3.50574e-07
4.21854e-07
1.24457e-07
-1.44509e-07
8.25887e-08
-1.63341e-07
-2.97857e-07
1.82663e-08
-2.17243e-07
-4.85564e-08
3.4195e-07
2.77515e-07
-1.45818e-07
1.22853e-07
1.34466e-07
-2.37397e-07
-7.13347e-09
-4.4772e-08
-3.0437e-07
-9.58688e-08
2.98897e-07
5.20163e-08
-8.3625e-08
2.72777e-07
1.48948e-07
-1.70598e-07
7.0192e-08
-1.18961e-07
-4.02223e-07
-1.08159e-08
-4.8001e-08
-1.90009e-07
2.47564e-07
2.36774e-07
-1.473e-07
1.06598e-07
2.12075e-07
-4.0844e-07
-2.60022e-07
2.81156e-07
-3.16631e-07
-7.19825e-08
7.42651e-08
-1.98495e-08
3.77022e-08
7.69774e-08
2.99365e-07
-1.29779e-07
-7.20981e-08
1.34363e-07
5.63329e-08
-8.74615e-08
-8.41663e-08
-5.32233e-08
3.26541e-07
2.88067e-07
-2.03306e-07
-7.38712e-09
-4.27939e-08
-1.33804e-07
4.76383e-08
-3.29495e-07
1.13862e-07
1.09958e-07
-1.13494e-07
2.38023e-07
1.20825e-07
-2.7582e-07
-1.30121e-07
2.86996e-07
2.04382e-07
-3.82391e-07
-9.24683e-08
3.30352e-07
4.76017e-08
1.01739e-08
-6.82585e-08
-1.65601e-07
-8.63092e-08
2.53566e-07
2.10157e-07
-2.62282e-07
9.42197e-08
2.00432e-07
-2.29471e-07
1.32177e-07
1.77284e-07
-2.45591e-07
-2.47637e-07
2.10638e-07
2.98587e-07
-6.23111e-08
-8.03934e-08
2.48431e-08
-1.87552e-07
2.33487e-07
2.46432e-07
-4.08344e-07
-2.18074e-07
1.81255e-07
1.92172e-08
2.12501e-07
-3.99161e-08
-1.78534e-07
-1.37202e-07
-4.14442e-08
1.08199e-07
-4.95554e-08
7.1502e-08
7.05138e-08
2.32728e-07
-9.9612e-08
-2.19376e-07
9.51864e-08
3.79094e-08
-2.53283e-07
1.40088e-07
5.84395e-09
-1.4688e-07
2.54985e-07
-2.02689e-08
4.03256e-08
3.24407e-08
1.23594e-08
2.77719e-08
8.96513e-08
-8.05221e-08
3.90411e-09
6.37191e-08
-1.1739e-07
7.59841e-09
2.66252e-07
1.14582e-07
-1.05242e-07
-5.85156e-08
-5.9233e-08
-1.73711e-07
5.43182e-08
1.45657e-07
-1.38867e-07
-5.04427e-08
3.97966e-07
1.43671e-07
-3.46728e-07
-2.30812e-07
-6.95565e-09
2.33804e-08
-3.46144e-08
1.97194e-07
2.46927e-08
7.21869e-08
2.5753e-07
5.96866e-08
-3.32878e-07
-8.43831e-08
2.16029e-07
-1.47179e-07
-3.17937e-07
1.3281e-07
2.65156e-07
4.95134e-07
1.4765e-07
-1.45892e-07
-2.97611e-07
-2.58348e-07
-1.10915e-07
-6.30838e-08
-8.2745e-08
3.22154e-08
3.77592e-07
)
;

boundaryField
{
    inlet
    {
        type            cyclic;
    }
    outlet
    {
        type            cyclic;
    }
    sideLeft
    {
        type            cyclic;
    }
    sideRight
    {
        type            cyclic;
    }
    top
    {
        type            symmetryPlane;
    }
    bottomRoughWall
    {
        type            zeroGradient;
    }
}


// ************************************************************************* //
