/*--------------------------------*- C++ -*----------------------------------*\
| =========                 |                                                 |
| \\      /  F ield         | foam-extend: Open Source CFD                    |
|  \\    /   O peration     | Version:     3.2                                |
|   \\  /    A nd           | Web:         http://www.foam-extend.org         |
|    \\/     M anipulation  | For copyright notice see file Copyright         |
\*---------------------------------------------------------------------------*/
FoamFile
{
    version     2.0;
    format      ascii;
    class       volScalarField;
    location    "200000";
    object      Uz;
}
// * * * * * * * * * * * * * * * * * * * * * * * * * * * * * * * * * * * * * //

dimensions      [0 1 -1 0 0 0 0];

internalField   nonuniform List<scalar> 
5000
(
1.82619e-09
-2.86675e-09
-1.69362e-09
6.36231e-10
-3.53671e-11
-1.27854e-09
1.67213e-10
2.05541e-09
-5.37188e-10
9.4506e-10
2.40336e-09
-7.62438e-09
-2.20332e-09
2.17575e-09
-1.14932e-09
-1.18048e-09
1.5738e-09
4.52318e-10
-7.21874e-10
5.02505e-09
-1.46087e-09
-9.47027e-09
-6.15606e-10
2.99842e-09
-5.12537e-09
5.15528e-10
5.6275e-09
-6.40208e-09
4.72336e-10
1.03908e-08
-5.93626e-09
-8.63171e-09
4.94191e-09
2.69374e-09
-8.42747e-09
-7.78809e-10
7.00077e-09
-6.11283e-09
6.61912e-11
1.12822e-08
-6.37054e-09
-6.22538e-09
1.09733e-08
1.45502e-09
-1.24085e-08
-4.70938e-09
1.1779e-08
-4.80511e-11
-3.20172e-09
6.72176e-09
-3.43771e-09
-1.59698e-09
1.18036e-08
-1.83289e-09
-1.38065e-08
-4.63607e-09
1.29189e-08
-1.52177e-10
-5.43012e-09
3.77307e-09
1.34063e-09
1.48441e-09
1.02806e-08
-6.84307e-09
-1.11018e-08
1.8085e-09
9.22461e-09
-3.40927e-09
-8.30887e-09
4.01513e-09
4.32792e-09
3.34968e-09
7.13551e-09
-7.35735e-09
-7.40281e-09
6.64379e-09
3.97631e-09
-5.10524e-09
-7.19942e-09
1.21908e-09
4.59172e-09
5.33576e-09
5.37893e-09
-7.44128e-09
-6.67217e-09
9.20141e-09
-2.20968e-09
-3.51991e-09
-1.81083e-09
-3.96243e-09
3.84175e-09
6.30446e-09
3.5003e-09
-4.70637e-09
-4.61857e-09
6.20808e-09
-4.28857e-09
-3.80776e-10
3.87615e-09
-8.04155e-09
2.04854e-09
4.14018e-09
1.75527e-10
-2.67236e-09
-2.53631e-09
5.10232e-09
-6.50906e-09
-9.23733e-10
7.12887e-09
-4.50754e-09
-9.04657e-10
1.33203e-09
-4.50928e-09
-1.47662e-09
2.19045e-09
2.32521e-09
-5.95449e-09
-3.49737e-09
1.13615e-08
1.91826e-09
-5.85614e-10
-1.71543e-10
-7.92126e-09
8.22242e-10
8.33599e-09
-1.61184e-09
-4.12242e-09
6.49704e-10
8.62448e-09
5.67111e-10
-2.08267e-09
-1.56838e-09
-1.03524e-08
3.12947e-10
1.02519e-08
-1.72794e-09
-1.86772e-10
7.36124e-09
4.53591e-09
-3.0603e-09
-7.79468e-09
-2.59613e-09
-6.66713e-09
-3.19749e-09
8.95019e-09
1.69478e-09
2.97511e-09
8.65427e-09
3.24562e-09
-4.43024e-09
-9.83854e-09
3.99594e-09
-8.5645e-09
-8.79661e-09
5.81405e-09
7.7725e-09
8.38616e-09
5.25646e-09
2.75247e-09
-8.87334e-09
-7.99893e-09
5.74746e-09
-8.48706e-09
-1.21527e-08
8.19804e-09
9.07529e-09
8.43028e-09
6.61969e-09
-2.27547e-09
-1.03944e-08
2.62351e-09
7.94702e-10
-5.51439e-09
-5.42849e-09
5.41386e-09
1.52184e-09
1.27802e-09
8.73216e-09
-6.25337e-09
-5.72095e-09
7.06103e-09
-3.59431e-09
-3.39104e-09
1.36705e-10
2.18948e-09
-5.61434e-09
-4.85071e-09
9.30344e-09
-2.70787e-09
-1.73293e-09
1.51418e-09
-4.21296e-09
1.51179e-09
5.92115e-09
-4.14985e-09
-1.0093e-08
-6.09443e-09
7.44664e-09
3.1679e-09
2.30902e-09
-6.03912e-09
-6.99101e-09
2.53609e-09
4.76015e-09
-6.52344e-09
-6.60582e-09
2.58491e-09
1.9261e-09
5.95567e-09
6.53876e-09
-2.25401e-09
-5.52751e-09
-3.34515e-09
4.80132e-09
-8.93932e-09
-1.75458e-09
1.03207e-08
5.68327e-10
4.27011e-09
2.43214e-09
6.59766e-09
-3.5565e-09
-7.83152e-09
3.46491e-09
-2.6543e-09
5.5097e-10
1.28713e-08
3.7978e-09
-3.30533e-09
-7.17657e-09
8.65594e-09
-6.1749e-09
-1.13839e-08
5.95347e-09
5.99762e-09
6.91275e-09
7.42374e-09
3.43433e-09
-6.60588e-09
-1.0216e-08
5.79615e-09
-5.36763e-09
-7.97051e-09
1.11875e-09
8.60136e-09
1.21049e-08
2.36336e-09
-2.92043e-09
-6.60123e-09
-4.4309e-09
3.91833e-09
-3.32308e-09
-5.97402e-09
3.9981e-10
7.59357e-09
9.16135e-09
-1.54122e-09
-3.83684e-09
-3.5761e-09
-2.65197e-09
4.07712e-09
1.3388e-10
-4.69402e-09
2.27522e-10
2.40375e-09
1.19229e-09
-1.04069e-09
-1.64093e-09
-8.28166e-10
-1.04609e-09
5.16556e-09
1.66078e-09
-4.36062e-09
1.41526e-09
1.03376e-09
-2.5001e-09
-1.81889e-09
-6.25164e-09
-2.1615e-09
3.23895e-09
4.4836e-09
-1.16969e-09
-3.8316e-09
4.79495e-09
-5.24436e-09
-1.22808e-08
1.48774e-09
-6.83739e-09
1.15294e-10
1.33923e-08
3.22575e-09
-2.06791e-09
-1.79467e-09
8.50448e-10
-9.78958e-09
-1.18631e-08
9.09233e-09
-1.9313e-09
-1.0811e-09
1.50932e-08
-2.55241e-09
3.07141e-10
3.13679e-09
-1.01449e-08
-6.98349e-09
3.68237e-09
1.01506e-09
-9.78224e-10
4.46537e-09
6.33755e-09
-8.24742e-09
1.7012e-10
3.75942e-09
-1.84156e-08
-5.94843e-09
8.29756e-09
-1.94466e-09
4.68784e-09
1.51441e-08
3.46747e-09
-1.08808e-08
-3.14954e-09
4.522e-09
-1.0595e-08
-7.82734e-09
3.01278e-09
-1.75589e-09
6.55276e-09
1.37857e-08
7.28728e-09
-8.04442e-09
-4.69543e-09
1.37132e-08
-1.43558e-09
-8.0923e-09
2.59313e-09
-2.42781e-09
-7.48514e-10
6.73854e-09
2.50197e-09
-1.37484e-09
1.06963e-08
4.03832e-09
-8.54732e-10
6.78194e-11
-1.28641e-10
-4.70174e-09
-8.88937e-10
1.43797e-09
-8.5725e-09
-1.24603e-09
1.15506e-08
-1.83021e-09
1.9402e-09
1.31043e-08
-3.24283e-09
-7.97872e-09
9.64277e-10
-3.55792e-09
-1.06269e-08
9.08603e-09
1.22354e-09
-2.64307e-09
9.50776e-09
9.74973e-09
-2.35374e-09
-1.00299e-09
-2.50495e-09
-1.58867e-08
-6.08707e-09
1.21014e-08
-5.2283e-09
-1.65137e-09
1.31606e-08
-6.0737e-09
-5.27528e-09
9.92714e-09
-3.57034e-09
-1.24335e-08
2.83252e-10
-3.45102e-09
-8.15571e-10
2.79537e-09
-1.64306e-09
-5.77961e-09
-3.42319e-09
3.47164e-09
2.15371e-09
6.15571e-10
1.45347e-09
-1.42217e-08
2.79429e-09
4.52599e-09
-5.7611e-09
4.10506e-09
7.44456e-09
-7.38954e-09
1.88367e-09
6.28409e-09
-4.35913e-09
-1.00567e-08
-7.75988e-09
1.29462e-09
8.62318e-10
9.69443e-09
3.2436e-09
-3.45081e-09
-2.62729e-09
4.17034e-09
1.22118e-09
-2.98119e-09
-9.82763e-09
1.29083e-09
5.51657e-09
2.09192e-09
-2.92315e-09
-4.32088e-09
9.20682e-10
3.07594e-09
6.47665e-09
3.65837e-09
-1.12894e-09
-4.65884e-09
1.05591e-09
-3.43975e-09
-3.27108e-09
-7.80606e-10
5.02177e-09
3.58676e-09
-9.4813e-10
1.53246e-09
2.27734e-09
3.35693e-09
-1.12358e-09
-3.89675e-09
4.7186e-09
2.81096e-09
-5.29221e-09
-3.16087e-09
-2.31202e-09
-7.87328e-10
2.08592e-09
8.7972e-09
-1.69178e-09
-2.84018e-09
4.44233e-09
-2.97475e-09
-5.42267e-09
-2.49577e-09
6.06697e-11
2.31729e-09
-9.72739e-10
6.08193e-10
3.47292e-09
1.43573e-09
-1.80636e-09
3.53506e-10
-9.93586e-10
-4.57574e-09
-4.08668e-10
6.79475e-10
-1.29995e-09
8.09751e-10
6.79283e-09
3.72276e-09
-5.02726e-09
1.31229e-09
-2.03807e-09
-5.56206e-09
1.00321e-09
-1.49373e-11
1.6315e-09
-4.14264e-12
2.65007e-09
-3.1179e-10
-4.31623e-09
3.11953e-09
-7.70771e-11
-3.45836e-09
-3.70785e-10
-1.7199e-10
2.69077e-09
-3.95243e-09
-3.61967e-09
2.01894e-09
2.77634e-09
-1.46593e-09
1.92788e-09
2.45831e-09
-2.36569e-09
-3.33232e-10
2.61657e-10
-1.44542e-09
-5.78333e-10
2.72844e-09
1.82909e-09
-1.21531e-09
-5.74734e-10
1.27683e-09
-4.45171e-10
2.60806e-09
3.34635e-10
8.2268e-10
5.91323e-11
-2.10632e-09
-1.5982e-09
1.43343e-09
1.27238e-09
-1.78785e-09
6.89136e-10
4.37961e-09
3.53277e-10
4.36082e-10
-7.85084e-10
-3.80243e-09
-2.60985e-09
3.09953e-09
-2.91347e-13
-3.45301e-09
3.05786e-09
3.11878e-09
-7.85585e-10
3.07093e-10
-3.83284e-09
-3.49057e-09
-1.18596e-09
3.0281e-09
-2.89208e-09
-3.14849e-09
7.36902e-09
9.47365e-10
-5.75445e-10
9.71851e-11
-8.42547e-09
-4.85242e-10
3.05418e-09
2.28136e-09
-6.32198e-09
-1.91647e-09
1.15608e-08
-1.64281e-09
-1.53398e-09
-1.01577e-09
-8.60763e-09
1.41275e-09
4.17758e-09
4.99111e-10
-5.03378e-09
-1.40839e-09
1.27742e-08
-1.22889e-09
-4.21371e-09
-8.05692e-10
-6.45871e-09
8.15372e-10
4.04313e-09
-1.946e-09
-1.08616e-09
3.33544e-09
8.54142e-09
-3.8459e-11
-7.91565e-09
3.78605e-10
-2.22794e-09
-3.18096e-09
4.74009e-09
5.38456e-10
-2.90688e-09
3.20725e-09
7.52602e-09
3.44305e-10
-8.40534e-09
-2.33774e-09
-1.24994e-09
-3.12714e-09
8.62104e-09
2.43405e-10
-4.26499e-09
2.31107e-09
7.06658e-09
7.43626e-10
-7.00151e-09
-7.75714e-09
1.27283e-09
4.26179e-09
6.05043e-09
-6.24464e-09
-1.67542e-09
8.44376e-09
2.08469e-09
-2.17127e-10
-6.55976e-09
-8.72085e-09
2.37402e-09
6.21828e-09
2.34813e-09
-7.32753e-09
5.15646e-10
1.06088e-08
6.69536e-10
-2.97259e-09
-3.77195e-09
-4.07145e-09
-7.08056e-10
3.51965e-09
-1.17323e-09
-3.6514e-09
5.62774e-09
8.36549e-09
2.13581e-11
-7.44609e-09
-5.94461e-10
8.80819e-10
-6.24869e-09
1.73869e-09
7.13631e-11
-2.18667e-10
8.63932e-09
6.3389e-09
1.98456e-10
-1.01541e-08
-1.0886e-09
3.91897e-09
-4.457e-09
-2.29322e-09
4.15677e-09
5.4071e-09
6.12567e-09
5.78794e-09
-2.67259e-09
-7.48825e-09
-2.84194e-09
-1.53208e-10
-9.42829e-10
-2.15124e-09
6.81235e-09
1.13618e-08
5.19017e-09
2.98013e-09
-5.67812e-09
-3.41171e-09
-3.35908e-09
-1.11987e-08
2.79605e-09
1.49466e-09
8.93711e-09
1.6576e-08
3.98994e-09
-1.90489e-09
-9.08535e-09
1.53575e-09
-9.54077e-09
-1.51425e-08
5.38461e-09
4.99861e-09
6.72281e-09
1.7829e-08
6.61964e-09
-6.89532e-09
-7.93468e-09
2.91431e-09
-6.45821e-09
-9.42327e-09
1.45385e-09
5.45293e-09
8.83742e-09
1.19126e-08
7.86295e-09
-1.05501e-08
-8.00533e-09
6.2098e-09
-3.22101e-09
-4.83714e-09
3.18518e-10
3.45982e-09
6.41623e-09
7.3765e-09
6.39142e-09
-8.84623e-09
-8.9612e-09
1.8543e-09
-2.72736e-09
-2.01199e-09
8.73919e-10
2.05021e-09
3.34147e-09
3.4709e-09
3.4075e-09
-3.97753e-09
-2.72427e-09
-3.78679e-09
-3.15546e-09
1.80245e-09
2.03014e-09
-9.65978e-10
-1.81659e-09
2.95738e-09
1.11327e-09
1.76415e-10
3.9345e-09
-1.21698e-08
-4.29236e-09
8.7018e-09
2.34721e-09
-1.07477e-08
-8.23224e-09
4.12996e-09
1.92773e-09
6.98887e-09
1.26075e-08
-7.41469e-09
-7.30139e-09
1.27889e-08
3.78594e-09
-1.23679e-08
-9.11812e-09
4.55842e-09
-1.66411e-09
6.97937e-09
1.13363e-08
-4.14184e-10
-3.99554e-09
9.62558e-09
-1.37687e-09
-7.62005e-09
1.74501e-09
2.59849e-09
-4.64728e-09
-2.2459e-09
7.79556e-09
4.90949e-09
-1.42132e-09
7.10586e-09
-2.41077e-09
-4.93008e-09
5.33906e-09
2.22957e-09
-4.56549e-09
-8.29116e-09
4.60249e-09
7.18902e-09
1.54878e-09
3.77955e-09
8.55113e-10
-8.41816e-10
4.39758e-09
1.61119e-09
-7.8063e-09
-1.04531e-08
5.5824e-09
4.28078e-09
2.48576e-09
1.09997e-09
2.49138e-09
2.16332e-09
3.89353e-09
-2.03168e-09
-6.62463e-09
-4.27758e-09
2.60196e-09
3.81256e-09
3.73936e-09
6.35181e-11
4.16801e-09
5.14051e-09
8.38582e-10
-5.28562e-09
-5.93312e-09
-2.37092e-09
1.50896e-09
5.24991e-09
6.01177e-09
-4.08827e-09
8.93128e-09
1.12442e-08
-5.759e-09
-1.13824e-08
-6.86986e-09
-3.28379e-11
8.9273e-10
5.48405e-09
5.54042e-09
-7.03035e-09
9.11104e-09
7.14236e-09
-9.49906e-09
-1.03369e-08
-2.08296e-09
7.34964e-09
1.21256e-09
7.79516e-09
3.60418e-09
-5.04058e-09
2.84498e-09
-7.77257e-09
-1.06887e-08
3.32559e-09
6.73974e-09
1.2714e-09
2.82529e-09
7.90083e-09
8.395e-09
9.04238e-10
-8.31571e-09
-1.23041e-08
-6.7822e-09
1.09627e-08
1.13444e-08
-1.79584e-09
-4.36884e-09
7.87454e-10
4.9065e-09
-4.07988e-10
-1.32737e-08
-3.39842e-09
1.17846e-08
-1.51825e-09
1.13054e-09
4.73292e-09
2.1204e-09
-3.86824e-09
-4.71013e-09
-6.14386e-09
-6.15602e-09
5.83354e-09
1.30154e-08
-8.30153e-09
-7.60968e-09
1.09997e-08
9.68992e-09
-7.02129e-09
2.68674e-09
-4.50387e-09
-2.81523e-09
1.01678e-08
6.31223e-09
-8.73768e-09
-8.52352e-09
1.13111e-08
2.43046e-10
-2.00359e-09
8.48868e-09
-1.14675e-09
-4.93883e-09
7.45222e-09
5.94327e-10
2.05872e-09
7.03204e-11
-8.41745e-09
-6.02295e-10
6.51031e-09
2.35975e-09
-2.8432e-10
2.60036e-10
6.49481e-10
-2.27573e-09
5.69755e-09
5.42124e-10
-1.15505e-08
3.48004e-10
3.48327e-09
-2.8073e-10
5.88385e-09
1.06459e-08
-7.95464e-09
-7.25996e-09
4.78765e-09
3.10964e-09
-5.52949e-09
-2.70554e-09
1.23631e-09
-7.20128e-09
4.66086e-09
1.10377e-08
-8.2727e-09
-8.16087e-09
9.70108e-09
2.81517e-09
-4.93136e-09
-7.09184e-11
-8.96829e-09
-5.54662e-09
6.73706e-09
-2.74101e-09
-5.92912e-10
8.47831e-09
1.53279e-09
-6.32176e-10
-2.25573e-10
-2.23744e-10
-8.3907e-09
9.29822e-10
5.30318e-09
-5.19763e-09
3.32736e-09
1.12775e-08
-3.8321e-09
1.23472e-11
2.95694e-09
-8.81165e-09
-7.95324e-09
2.11678e-09
-6.31848e-09
-8.28083e-10
8.66368e-09
2.85492e-09
-4.88752e-09
1.50051e-09
6.17018e-09
-7.44951e-09
-8.37924e-09
1.48505e-09
-3.72378e-09
-1.88964e-09
6.3857e-09
-5.61384e-09
-5.93293e-09
3.75058e-09
1.25842e-08
-2.27869e-09
2.447e-10
-4.61989e-09
6.9345e-10
1.29349e-09
-5.55958e-09
-4.22056e-09
-4.28041e-10
7.58145e-09
2.19937e-09
7.95232e-10
1.32471e-09
-1.49255e-09
8.2367e-10
1.58426e-09
-2.59554e-09
-3.07726e-10
2.79281e-09
1.28795e-10
-3.41422e-09
-2.35941e-09
1.68954e-09
4.45735e-09
-9.56208e-10
9.63252e-10
4.20287e-09
-3.59517e-09
-4.28516e-09
-1.53561e-09
-1.59602e-09
-2.24444e-09
7.16641e-09
-2.29554e-09
1.20284e-09
5.65362e-09
-1.39948e-09
-3.99701e-09
-1.29556e-09
-2.54731e-09
-5.80529e-09
1.51671e-09
2.6798e-09
-2.06263e-09
5.27728e-09
7.92411e-09
-5.34876e-10
-2.32134e-09
-1.52476e-09
-8.31791e-09
-4.68931e-09
4.63358e-09
8.13282e-10
2.02986e-09
2.45298e-09
-2.9647e-09
-1.80674e-09
1.77132e-09
3.60952e-10
-2.47498e-09
-1.15392e-09
1.80813e-09
2.6307e-09
1.93256e-09
-4.41405e-09
-6.53946e-09
-3.36668e-09
1.68588e-09
2.60986e-09
3.81109e-09
2.76644e-09
-4.43574e-10
-7.49468e-10
-5.40347e-10
-8.1271e-10
-6.59826e-10
-3.2301e-10
5.97378e-11
7.63243e-10
4.75527e-10
1.37202e-09
1.48852e-09
3.2915e-09
-1.18268e-09
-2.28263e-09
2.28037e-10
-7.10729e-10
-2.61236e-09
7.49368e-10
2.71367e-09
-1.89057e-09
9.15396e-10
3.39562e-09
-1.98228e-09
-2.47558e-09
-6.43696e-10
-1.84553e-09
-4.43557e-09
1.99519e-09
2.70535e-09
-1.45095e-09
4.20006e-09
-1.29617e-09
-2.52564e-09
4.01269e-10
-3.94124e-09
-1.64847e-09
-2.00148e-09
1.55603e-10
-5.79057e-10
1.58223e-09
9.65636e-09
-4.04892e-09
-8.09674e-10
5.28372e-09
-9.58969e-09
3.07948e-10
2.66224e-09
-2.3028e-09
-3.44476e-09
1.17008e-09
1.08804e-08
-7.51128e-09
-4.26061e-10
5.01914e-09
-7.58547e-09
2.60797e-09
3.99918e-09
-5.56388e-09
-2.5469e-09
2.5482e-09
1.05152e-08
-8.20287e-09
-4.67928e-09
3.87346e-09
-5.57606e-09
5.80486e-09
7.18193e-10
-9.12522e-09
1.88665e-09
8.68381e-09
7.39225e-09
-7.69435e-09
-8.95782e-09
4.54167e-09
-4.16311e-10
3.0441e-09
-3.45746e-10
-9.71749e-09
4.15752e-09
9.48609e-09
6.30703e-09
-6.77676e-09
-9.57479e-09
5.13392e-09
8.38586e-10
3.33347e-10
2.50407e-09
-4.50911e-09
1.18631e-09
6.20617e-09
5.33131e-09
-3.92391e-09
-4.22145e-09
7.57481e-10
-1.06763e-09
5.53673e-10
2.06647e-09
-2.0526e-09
2.14966e-09
4.7819e-09
1.64197e-09
3.13131e-10
-8.69939e-10
-2.97695e-09
-3.47258e-09
9.31722e-10
1.00473e-09
-1.48661e-09
4.83359e-09
3.04305e-09
3.42288e-10
1.57425e-09
-3.13371e-09
-1.89578e-09
-3.0486e-09
-1.79275e-09
4.40469e-09
3.88649e-09
1.26042e-09
-8.07306e-10
1.77095e-09
-4.30874e-09
-9.1808e-09
3.62636e-09
3.68031e-09
-6.67867e-09
7.29525e-09
1.05118e-08
-3.24988e-09
-3.65581e-09
3.27638e-09
-6.07784e-09
-1.22001e-08
8.38567e-09
3.49233e-09
-4.53859e-09
8.98425e-09
1.30315e-08
-3.03365e-09
-6.42908e-09
2.7297e-09
-1.8226e-09
-7.79438e-09
3.32174e-09
1.21256e-09
-1.9282e-09
1.03103e-08
1.39325e-08
-2.07478e-09
-1.12525e-08
2.00879e-09
5.56948e-10
-5.35687e-09
6.60074e-10
2.1966e-09
2.08993e-09
7.93449e-09
1.43371e-08
-2.86477e-09
-1.40344e-08
1.40496e-09
5.0009e-10
-3.76641e-09
-1.22834e-09
4.45004e-09
6.48093e-09
5.5685e-09
1.04896e-08
-1.93287e-09
-1.0479e-08
-2.26893e-09
8.31169e-10
-1.75581e-09
9.95681e-11
2.67657e-09
3.99673e-09
4.7361e-09
8.21999e-09
1.78482e-10
-8.2759e-09
-4.21163e-09
1.19432e-09
7.11182e-10
3.36331e-09
-3.00396e-09
-4.82792e-09
3.66464e-09
8.80353e-09
2.75582e-09
-5.96214e-09
-4.73739e-09
1.59047e-09
3.39039e-09
3.47128e-09
-5.67721e-09
-8.54929e-09
2.12434e-09
9.71279e-09
3.79042e-09
-4.76659e-09
-5.01862e-09
2.66586e-09
6.27667e-09
1.84067e-09
-4.86344e-09
-4.61513e-09
-9.29549e-10
4.30216e-09
1.89195e-09
-2.27438e-09
-4.49252e-09
4.58338e-09
1.08895e-08
-5.72187e-10
-4.54514e-09
-1.71267e-09
-6.1722e-09
-1.7335e-09
1.67326e-09
3.15921e-09
-3.039e-09
4.20591e-09
9.39169e-09
-1.31149e-09
6.59954e-10
2.47267e-09
-8.44898e-09
-7.36296e-09
8.49206e-10
5.78735e-09
-3.35847e-09
-3.30499e-09
5.7981e-09
1.52623e-09
8.86829e-09
1.00885e-08
-1.27198e-08
-1.1882e-08
1.75026e-09
8.33377e-09
-5.26308e-09
-1.07323e-08
1.53094e-09
3.2513e-09
9.85981e-09
8.17835e-09
-5.40672e-09
-1.4158e-08
4.71628e-09
1.55449e-08
-9.28291e-09
-7.63582e-09
-3.73323e-10
1.99288e-09
5.33582e-09
3.30441e-09
7.9036e-09
-4.76701e-09
-8.00024e-09
8.7552e-09
-3.69023e-09
1.86698e-09
-4.09103e-10
-2.5413e-09
-2.00906e-10
-1.99662e-09
1.1316e-08
-6.08089e-11
-1.27335e-08
6.16445e-09
4.19629e-09
6.96761e-09
-5.06366e-09
1.73497e-09
-1.9699e-09
-6.92537e-09
5.33012e-09
1.94112e-09
-4.40979e-09
1.36251e-09
8.34111e-09
1.40082e-09
-7.53767e-09
6.11634e-09
8.47246e-10
-7.42294e-09
2.26414e-09
8.97399e-10
-2.45148e-09
2.83847e-09
1.14799e-08
-2.16586e-09
-6.71195e-09
2.00914e-09
7.64656e-09
3.83875e-09
-6.48771e-09
-2.05774e-10
1.09264e-10
3.78485e-09
8.28533e-09
2.06751e-09
-6.73407e-10
-3.07951e-09
5.73153e-09
-1.44045e-09
-1.34414e-08
7.68613e-09
9.87251e-09
-3.82457e-09
2.66593e-09
1.5578e-09
4.4132e-10
-4.0294e-09
-2.5024e-09
-2.8185e-09
-1.0863e-08
7.35156e-09
1.41073e-08
2.73022e-09
-1.52411e-09
4.14903e-10
-7.93084e-10
-6.32837e-09
-8.83303e-09
2.96477e-10
4.92849e-09
-2.11945e-09
8.79566e-09
9.12136e-09
1.50764e-09
9.30936e-09
4.94958e-09
-1.14982e-08
-8.15159e-09
5.34707e-09
5.30025e-09
-7.20112e-09
-3.76107e-09
6.32761e-09
8.01736e-09
8.69867e-09
7.90164e-09
-9.43059e-09
-5.22971e-09
1.04461e-08
1.69731e-09
-1.23103e-08
-7.60259e-09
4.67021e-09
4.54507e-09
2.96451e-09
-1.29582e-09
-5.04571e-09
8.4808e-10
7.75915e-09
4.58019e-09
-4.71213e-09
-5.71616e-09
1.93969e-09
6.18945e-10
2.05299e-09
-4.46082e-09
-1.15124e-09
8.39264e-09
-3.01662e-09
4.6672e-09
3.62491e-09
-2.93009e-09
-2.34018e-09
-5.42885e-09
-1.03638e-09
3.39218e-10
2.93441e-09
9.15383e-10
-5.92311e-09
3.89102e-09
9.22307e-09
1.37529e-09
-3.52402e-09
-4.77706e-09
-7.95311e-09
-2.34761e-09
8.2328e-09
-2.47751e-09
-6.15696e-09
3.93169e-09
9.00494e-09
1.11289e-09
-1.83862e-09
5.38502e-10
-6.55981e-09
-5.24362e-09
1.25715e-08
-3.28601e-09
-5.47745e-09
6.75567e-09
2.9399e-09
-3.61017e-10
-3.22867e-09
1.68381e-09
1.61937e-09
-6.9716e-10
-5.23108e-09
3.59891e-09
9.14015e-09
-1.09832e-10
2.30625e-09
1.8577e-09
-8.7747e-09
-4.49955e-09
-2.31599e-09
-2.58611e-09
-1.09754e-08
3.89678e-09
1.10975e-08
-2.07957e-09
2.13035e-09
5.46046e-09
-2.21925e-10
-1.00775e-08
-4.38662e-09
4.48392e-09
7.13324e-10
-6.22905e-09
3.33087e-10
-6.70196e-09
-4.47869e-09
8.71296e-09
7.56934e-09
-4.61985e-09
-2.54266e-09
7.65358e-09
1.06339e-09
-4.16168e-09
-2.1974e-09
-7.7903e-09
-6.59714e-09
6.95549e-09
5.83906e-09
-1.68755e-09
6.67493e-09
-3.81338e-09
3.14268e-11
7.24147e-09
-4.89788e-09
-1.04769e-09
3.93746e-09
-9.38479e-10
-6.98939e-09
-1.20562e-09
6.80338e-09
-1.19007e-09
-1.28876e-09
5.63502e-09
-1.85694e-09
-6.29327e-10
3.51849e-09
-4.5033e-09
-6.53224e-09
-1.35565e-10
1.23557e-09
2.12318e-09
2.68488e-09
-1.98932e-09
-1.93854e-09
-7.33097e-10
-2.09673e-10
-4.05253e-09
-1.88531e-09
4.39889e-09
-3.79794e-09
7.99019e-10
7.16009e-09
5.2355e-10
-6.79687e-10
2.72561e-09
-5.78963e-09
-5.54003e-09
7.30137e-10
4.35712e-09
-2.71105e-10
-7.10073e-11
9.89199e-10
-3.00632e-09
-8.57332e-10
4.44891e-09
-4.26604e-09
-3.43313e-09
5.34619e-09
2.0918e-09
2.45053e-09
-3.3232e-10
-6.04955e-09
-3.56956e-09
-1.1801e-09
-1.86768e-09
5.00885e-09
4.22215e-09
2.2017e-10
1.10825e-09
-7.14061e-10
-7.87773e-10
-6.21263e-10
4.5665e-10
-2.432e-10
-6.20372e-10
2.94893e-09
1.35421e-09
-1.07275e-09
-1.26038e-10
-9.21438e-11
-3.39375e-09
-2.82651e-10
1.15398e-10
-1.79237e-09
-1.06254e-10
3.14625e-09
-8.60027e-10
-3.1435e-10
2.52153e-09
3.06008e-10
-5.16706e-09
-1.38522e-09
9.57843e-10
-2.81617e-09
-3.27769e-10
5.44726e-09
-4.0938e-10
-8.21229e-10
6.57296e-09
-3.89096e-10
-3.94491e-09
-4.32068e-09
3.24579e-09
1.06219e-09
-2.95715e-09
1.86371e-09
8.94634e-11
3.84933e-09
4.81119e-09
-2.71492e-09
-4.46639e-09
-1.70445e-09
5.54349e-09
-1.59412e-10
-3.86884e-09
1.58869e-09
1.3651e-10
4.42481e-09
4.73444e-09
-6.95183e-09
-1.92905e-09
6.55347e-09
2.22213e-09
-2.76563e-09
-2.09934e-09
3.10488e-09
-2.37308e-09
2.16557e-09
5.34552e-09
-9.25436e-09
3.80324e-10
1.0272e-08
-2.2119e-09
-2.57382e-09
2.74319e-09
1.42699e-09
-2.79115e-09
1.45395e-09
2.81847e-09
-1.0434e-08
3.354e-09
8.96556e-09
-5.59619e-09
-1.13973e-09
7.82064e-09
-2.08976e-09
-1.14667e-09
6.15978e-09
-3.17534e-09
-1.12952e-08
6.05194e-09
7.26428e-09
-5.31426e-09
-3.07551e-09
8.48687e-09
-3.92448e-09
9.55024e-10
1.22608e-08
-9.0136e-09
-1.00625e-08
1.07217e-08
3.1027e-09
-3.10491e-09
-6.91025e-10
4.88837e-09
-6.71173e-09
7.10543e-10
1.15243e-08
-7.64775e-09
-4.97459e-09
7.8397e-09
-1.92661e-09
-1.24237e-09
2.8635e-09
1.58186e-10
-7.50502e-09
-2.16426e-09
9.85601e-09
-3.69737e-09
-2.13027e-09
5.5828e-09
-6.32471e-09
-3.14818e-09
5.95829e-09
-1.08731e-09
-4.70311e-09
1.0464e-10
4.68994e-09
-1.18713e-09
-3.84363e-09
3.27034e-09
-9.09312e-09
-9.08438e-09
1.08155e-08
3.03642e-09
-7.39324e-09
1.35511e-09
4.39532e-09
2.21079e-09
-8.27892e-09
2.30911e-09
-8.77578e-09
-1.04902e-08
1.25472e-08
7.45669e-09
-5.19903e-09
-2.94379e-09
7.64562e-09
7.7994e-10
-1.14874e-08
4.48533e-09
-7.13144e-09
-9.96043e-09
1.11828e-08
1.2242e-08
4.93706e-10
-6.3552e-09
5.10187e-09
-3.00005e-09
-7.5245e-09
1.55409e-10
-5.44781e-09
-5.74006e-09
7.34875e-09
1.35161e-08
8.09559e-10
-6.79461e-09
3.42699e-09
-2.36411e-09
-5.10891e-09
-2.21322e-09
-4.6704e-09
-4.5736e-09
4.61197e-09
1.07623e-08
5.5731e-09
-1.72498e-09
1.88328e-10
-3.08806e-09
-2.5196e-09
-2.80876e-09
-4.07929e-09
-4.1437e-09
1.37775e-09
8.74001e-09
8.3375e-09
2.38394e-09
-2.39529e-09
-4.15232e-09
-8.23937e-10
-1.9332e-09
-2.90285e-09
-3.48322e-09
4.03659e-10
4.49881e-09
8.70287e-09
6.4594e-09
-5.39007e-09
-5.84189e-09
1.4775e-09
-9.74839e-10
-2.24016e-09
-3.83193e-09
-6.90022e-10
1.26195e-09
1.07556e-08
1.19448e-08
-1.0122e-08
-7.80605e-09
5.42149e-09
-6.9469e-10
-2.38242e-09
-3.15409e-09
-7.55766e-11
-1.11609e-09
5.4755e-09
8.68845e-09
-6.103e-09
-3.57249e-09
1.01859e-08
-1.37133e-09
-2.7033e-09
-1.2348e-09
2.4055e-09
-6.54761e-09
-6.13098e-09
5.00903e-09
3.90209e-10
5.33154e-09
1.70973e-08
-4.20378e-09
-4.98459e-09
1.25074e-09
1.91313e-09
-9.49586e-09
-1.21188e-08
7.45247e-09
1.36481e-09
9.72915e-09
1.22267e-08
-5.84596e-09
-1.31048e-09
5.92077e-09
-2.38352e-09
-7.86957e-09
-6.30182e-09
3.83557e-09
4.52145e-10
7.45227e-09
1.71242e-09
-5.3688e-09
7.46798e-09
1.22425e-08
-9.50391e-09
-6.46263e-09
-3.9011e-10
1.62224e-09
-1.02267e-09
2.16597e-09
4.76402e-09
-2.84167e-09
4.08518e-09
1.28145e-08
-9.40098e-09
-4.66471e-09
9.93809e-09
5.00452e-10
-7.90444e-09
-7.67721e-09
8.83878e-09
2.7674e-09
-2.33753e-09
1.30992e-08
-6.38942e-09
-5.9884e-09
1.20497e-08
2.45053e-10
-8.47032e-09
-1.12224e-08
-3.18599e-09
3.70563e-09
9.06687e-09
7.42065e-10
-7.00504e-09
-6.03256e-10
1.85547e-09
-5.25578e-10
6.11054e-10
-2.27397e-09
-1.64977e-08
4.4181e-11
1.48116e-08
-3.56208e-09
-5.15573e-09
8.32021e-09
-1.17497e-09
-7.23955e-09
6.24328e-09
7.86595e-09
-9.76555e-09
1.7225e-09
1.15516e-08
-4.3431e-09
-3.08479e-09
1.08506e-08
-5.22326e-09
-1.11429e-08
9.20322e-09
2.99365e-09
-1.20211e-09
1.34273e-08
2.11248e-09
-3.2662e-09
1.69201e-09
8.22045e-10
-7.89022e-09
-9.32188e-09
6.45459e-09
-8.9895e-10
3.76505e-09
4.94514e-09
-2.95264e-09
5.29372e-10
8.76812e-09
-1.04038e-08
-1.59832e-09
7.22988e-09
-2.96887e-09
-2.15851e-09
3.91974e-09
2.76917e-09
-9.9267e-09
-4.87479e-09
8.73214e-09
-6.80261e-09
-3.35935e-09
1.00216e-08
4.56858e-09
3.19305e-09
5.61739e-09
-2.12638e-09
-1.13918e-08
-1.016e-08
1.20642e-08
-3.78264e-09
-1.15109e-08
7.02379e-09
1.06726e-08
1.13639e-08
4.77652e-09
-8.68833e-09
-1.39476e-10
5.00469e-09
5.77252e-09
-3.47914e-09
-6.34801e-09
-1.37519e-09
1.14608e-09
1.13822e-08
-6.07005e-09
-9.94685e-09
5.13083e-09
8.95346e-09
4.95855e-10
-3.782e-10
3.65431e-09
2.93459e-09
-1.43651e-09
-7.75126e-10
-5.6865e-09
2.88837e-09
1.57099e-09
5.21725e-10
-6.46879e-09
2.68316e-09
7.73585e-09
3.87721e-09
1.42901e-09
-8.50045e-09
-3.4856e-09
6.28124e-09
1.14983e-09
-1.63775e-09
-6.77268e-09
4.34075e-09
1.19515e-08
-2.67376e-09
-3.22988e-09
-5.55007e-09
-2.56458e-09
-6.81545e-10
-1.54353e-09
-5.33285e-09
8.45933e-11
9.68229e-09
1.11036e-08
-5.16636e-09
-4.79879e-09
2.54451e-10
-2.11136e-10
-4.53082e-09
3.81226e-09
-1.94267e-09
-2.13696e-09
1.16897e-08
-6.23283e-10
-7.77085e-09
-1.40666e-09
4.18692e-09
6.5144e-10
-4.84992e-09
2.58714e-09
5.67083e-09
4.83058e-09
-8.39345e-11
6.58368e-10
-1.67077e-09
-8.57896e-09
6.30504e-10
5.40268e-09
3.24088e-09
-6.8543e-09
3.86842e-09
4.89778e-09
-7.10221e-09
3.68019e-09
7.3758e-09
-5.88186e-09
-7.93731e-09
1.50548e-09
8.03069e-10
-2.41515e-09
-3.55183e-10
-4.13579e-09
-7.72758e-09
-8.73332e-10
1.02291e-08
5.1874e-09
-4.07779e-09
-1.60743e-09
-3.22993e-10
-1.50933e-09
5.5956e-10
-2.41557e-09
-4.85596e-09
-1.48321e-09
3.20481e-09
4.73911e-09
2.71528e-10
3.47709e-09
4.40538e-10
-3.24598e-09
3.28685e-09
4.59631e-09
5.11149e-09
-5.34658e-10
-5.97818e-09
-4.91501e-09
-3.34355e-09
7.50005e-10
1.79605e-09
6.72305e-10
-4.55008e-09
3.23585e-09
7.67754e-09
-7.92301e-11
-8.87777e-09
-3.21613e-09
4.16695e-09
-2.54831e-09
9.50386e-10
3.44905e-09
-3.2481e-09
-3.18799e-09
1.12546e-09
8.93485e-10
-7.76013e-10
-1.3666e-10
2.65937e-09
-2.1242e-09
2.03906e-09
5.19285e-09
1.34847e-09
-2.57141e-09
-3.02295e-09
-4.7791e-09
1.04607e-09
3.6346e-09
-1.48228e-09
-1.00574e-09
3.75254e-09
-2.249e-09
-1.25232e-09
1.41209e-09
-1.94893e-09
-4.30035e-09
-1.50422e-09
6.01954e-09
9.32222e-10
1.29218e-09
-4.75528e-10
-4.58279e-09
-3.7607e-09
-2.75267e-10
1.37682e-09
5.465e-09
3.0769e-09
-2.57648e-09
8.7684e-11
-1.34636e-11
-5.63612e-10
-5.10545e-10
-1.09115e-10
-9.36403e-10
5.73687e-10
3.45134e-09
9.51034e-10
-1.62321e-09
-8.00772e-10
6.54653e-11
-1.05479e-09
-1.34882e-09
7.8125e-10
1.6124e-09
-9.96249e-10
-1.54406e-09
1.25555e-09
1.51334e-09
8.03147e-12
1.09433e-09
-3.01121e-09
-4.90492e-09
3.55125e-09
5.40543e-09
-4.64575e-09
-5.34356e-09
4.16287e-09
5.46576e-09
-1.07695e-09
-1.74462e-09
-4.9053e-09
-6.50015e-09
5.70902e-09
4.45062e-09
-4.82454e-09
-4.95326e-09
4.58902e-09
7.41932e-09
1.99343e-09
-5.88009e-09
-3.88342e-09
-2.44634e-09
2.85554e-09
1.01944e-09
-2.52729e-09
7.82936e-10
-1.81725e-09
6.85105e-09
5.77e-09
-6.83791e-09
-1.10579e-09
1.71932e-09
-1.98329e-09
-6.90645e-10
-1.15015e-09
9.67705e-10
-3.97377e-09
5.63202e-09
5.61309e-09
-7.67303e-09
2.90687e-09
1.69114e-09
-7.92783e-09
1.27811e-09
4.10148e-09
-5.01721e-09
-2.1941e-09
8.0616e-09
1.26516e-09
-8.78191e-09
3.30297e-09
2.04528e-09
-7.50508e-09
2.75447e-10
5.88753e-09
-4.37589e-09
-3.37672e-09
9.70497e-09
-1.93438e-09
-1.10734e-08
9.91744e-10
5.55342e-09
-1.31785e-09
-4.4432e-09
5.19557e-09
-3.90115e-10
-4.11272e-09
8.67078e-09
-4.89757e-09
-1.06503e-08
-4.24422e-10
5.71941e-09
9.19103e-10
-3.97585e-09
-8.79595e-10
1.90769e-09
4.49258e-10
5.21879e-09
-4.91155e-09
-4.95495e-09
-3.22199e-09
-7.23767e-10
3.59418e-09
1.92553e-09
-9.0781e-09
2.1953e-09
6.29838e-09
-9.12679e-11
-2.10676e-09
1.5981e-09
-7.62707e-09
-4.95519e-09
2.83872e-09
5.12606e-09
-8.67647e-09
6.23124e-10
6.83746e-09
-4.71499e-09
2.68985e-09
6.4133e-09
-4.56002e-09
-9.61085e-09
-2.69078e-09
1.11305e-08
1.21914e-10
-3.8118e-09
1.19311e-09
-8.13274e-09
5.48675e-09
8.28133e-09
-4.37598e-09
-1.02996e-08
-6.4253e-09
1.29463e-08
6.71925e-10
-5.30623e-09
1.24912e-09
-5.58394e-09
5.30744e-09
2.26707e-09
-5.79176e-09
-6.26551e-09
-4.14263e-11
8.46457e-09
-1.77887e-09
-8.16807e-09
5.4953e-09
7.99477e-10
1.74798e-09
2.65257e-10
-9.82448e-09
-2.07114e-09
7.62856e-09
6.16686e-09
-3.11767e-10
-4.70741e-09
2.30723e-09
7.77541e-10
-3.24466e-10
9.06935e-10
-1.12059e-08
-5.0827e-09
1.15694e-08
5.47534e-09
1.64041e-09
-3.93664e-10
1.55467e-09
-9.88174e-10
-3.3898e-09
2.45307e-09
-6.10265e-09
-7.95877e-09
9.41291e-09
4.7118e-09
5.1402e-09
4.30475e-09
1.09551e-09
-3.04238e-09
-7.38596e-09
9.43714e-11
-2.10539e-09
-4.12047e-09
6.30872e-09
3.08667e-09
8.40323e-09
9.40634e-09
9.15772e-10
-6.44245e-09
-1.20174e-08
8.87043e-10
1.31375e-09
-1.39183e-09
3.76168e-09
1.96111e-10
1.20817e-08
1.64109e-08
1.23461e-09
-1.44602e-08
-1.53604e-08
4.21545e-09
4.79377e-09
3.34918e-10
-9.6323e-11
-1.22889e-09
1.14786e-08
1.47442e-08
1.98362e-09
-1.44528e-08
-1.74102e-08
1.79417e-09
3.3667e-09
1.85462e-09
-2.26265e-09
-1.77267e-09
7.74063e-09
7.74919e-09
9.34183e-10
-7.74379e-09
-9.21797e-09
1.56508e-09
3.89289e-09
3.6025e-09
-4.29004e-09
-3.71746e-09
4.52506e-09
4.35561e-09
-8.72218e-10
-3.03894e-09
-1.72571e-09
3.98144e-10
3.61894e-09
6.23602e-09
-4.73655e-09
-8.56003e-09
-2.03441e-09
3.79824e-09
3.89588e-10
1.51967e-09
5.20513e-09
-3.63113e-09
2.98257e-09
1.21123e-08
-1.06523e-08
-1.10967e-08
-3.92433e-10
3.0736e-09
-4.32192e-09
3.72933e-09
1.23095e-08
-4.64614e-10
2.41853e-09
7.47075e-09
-5.0766e-09
-7.33311e-09
4.44555e-09
1.99408e-09
-8.30859e-09
-2.16994e-09
9.48659e-09
1.1958e-09
-1.31955e-09
-1.73432e-09
7.30057e-09
5.93839e-09
-2.66209e-09
-1.92876e-10
-3.97042e-09
-5.71654e-09
2.43741e-09
-2.75596e-09
-1.78945e-09
-2.30559e-09
9.82617e-09
7.99672e-09
-2.4413e-09
-6.28369e-09
4.72673e-09
3.17738e-09
-8.98162e-09
-9.33131e-09
3.43388e-09
1.1053e-08
1.77625e-09
-8.97799e-10
-3.3636e-09
-6.0623e-09
8.25179e-09
6.72451e-09
-4.9345e-09
-7.16989e-09
9.81865e-09
7.43242e-09
-4.21968e-09
4.38369e-10
-2.08556e-10
-1.00285e-08
-5.95736e-09
1.2552e-08
2.25542e-09
3.50792e-09
1.21606e-08
2.19858e-09
2.34704e-09
2.62444e-09
-6.79573e-09
-1.00616e-08
-4.02077e-09
3.05623e-09
-8.70761e-10
1.04763e-08
1.2822e-09
2.52218e-09
6.14502e-09
-2.23947e-09
-1.35759e-08
-2.7576e-09
9.4715e-09
-4.78851e-09
-1.69146e-09
2.90583e-09
1.88197e-09
-3.86011e-11
-2.01319e-09
-5.09066e-09
-1.12984e-08
-2.05888e-10
7.56913e-09
2.92898e-09
5.26277e-09
-3.94135e-09
1.31661e-09
-1.85086e-09
-2.34082e-09
-1.2106e-09
-6.93642e-09
-4.51817e-09
1.11801e-09
1.01274e-08
9.59884e-09
9.70245e-10
1.98025e-09
-3.09536e-09
1.35991e-11
4.67865e-09
-2.74007e-09
-4.06286e-09
-2.83818e-09
3.30458e-09
5.13713e-09
4.53165e-09
-1.89108e-09
-4.06479e-09
-1.70046e-09
-3.74628e-09
4.97786e-09
1.03686e-08
2.06007e-09
-3.66924e-09
-3.30181e-09
1.80434e-09
-2.55315e-09
-1.79257e-09
-5.73945e-09
-6.26595e-09
1.09291e-08
1.00389e-08
5.62371e-09
-3.19619e-09
-6.20722e-09
2.1608e-09
-4.97228e-09
-2.67148e-09
-1.65374e-09
-1.55954e-10
1.31613e-08
5.61643e-09
-2.37629e-09
-7.38724e-09
-2.04211e-09
-8.39215e-09
-7.06274e-09
3.11944e-09
8.91818e-10
1.51981e-09
6.53852e-09
1.74818e-09
-7.75045e-09
1.03893e-10
1.02017e-08
-9.02353e-09
1.14133e-09
1.02822e-08
1.6378e-09
-2.22085e-09
1.87205e-10
-3.42201e-09
-5.8677e-09
4.91379e-09
2.50739e-09
-2.06478e-09
6.47426e-09
-1.25909e-09
5.14304e-09
4.47112e-09
-3.92919e-09
-4.26787e-10
1.45936e-09
-9.80946e-10
-6.67995e-09
1.04072e-08
-3.65064e-09
-7.83883e-09
2.36445e-09
-4.2315e-10
-6.04292e-09
7.18925e-09
9.16933e-09
-7.80758e-09
-7.19133e-10
1.01625e-08
1.63522e-09
-4.88202e-09
-3.82374e-09
-2.17521e-09
-6.21044e-09
-3.0016e-09
8.07418e-09
2.18019e-10
-1.7148e-09
-2.50652e-10
5.29796e-09
3.77082e-09
-2.8452e-09
-1.88829e-09
-1.5378e-09
-4.47052e-09
-9.66861e-10
2.05985e-09
-1.7537e-10
-6.86492e-09
-3.38123e-09
7.67331e-09
4.71792e-09
1.00743e-10
4.48843e-09
1.75503e-09
-9.96122e-09
-2.18798e-09
3.17049e-09
-6.94997e-09
-6.51928e-09
3.83772e-09
4.71397e-10
2.34087e-09
8.16216e-09
1.53376e-09
-7.10112e-09
-2.60162e-09
5.32363e-09
6.15373e-10
-9.36459e-10
-3.90526e-09
9.52359e-10
3.02778e-09
2.97305e-09
1.34528e-09
1.61048e-09
-1.53461e-09
-3.83603e-09
1.76493e-10
1.74899e-09
-3.6513e-09
1.1184e-09
5.84224e-09
-3.22781e-09
-4.02674e-09
2.86608e-09
1.87253e-09
-3.34045e-09
2.95811e-09
1.11048e-09
-1.62002e-09
3.44188e-10
-6.70793e-10
-3.87109e-09
-2.64134e-09
-3.38277e-09
2.25596e-09
5.42573e-09
2.41394e-09
-2.97905e-09
-2.17671e-09
4.5599e-10
-2.95379e-09
1.88756e-10
5.97871e-09
2.74191e-10
-2.76653e-09
2.4387e-09
-2.00312e-09
-6.14928e-10
2.13066e-10
-7.08132e-10
1.0821e-10
1.25852e-09
2.01115e-09
2.25666e-09
2.52285e-10
-1.83736e-09
1.22799e-10
-3.15669e-10
-2.9535e-09
1.02699e-09
1.94168e-09
3.46797e-12
-8.72356e-10
8.20351e-10
1.52013e-09
-1.913e-09
1.6115e-09
6.75832e-10
-5.54376e-09
8.26323e-10
3.92607e-09
-2.38175e-10
-5.24269e-09
1.31708e-09
2.99955e-09
-2.62988e-09
-8.66299e-10
2.00459e-09
-2.71701e-09
-1.09433e-09
1.32324e-09
-3.16247e-09
-4.54321e-09
-4.06581e-10
4.7023e-09
5.09235e-10
-4.65753e-09
1.09684e-09
-1.05575e-09
-6.40765e-10
4.72412e-10
-7.85106e-09
-5.05719e-10
2.1938e-09
3.29008e-09
3.04329e-09
-8.39305e-09
-3.31251e-09
-5.57667e-10
-1.99901e-10
1.22479e-09
-6.67255e-09
8.58895e-10
4.09961e-10
4.21037e-09
7.2066e-09
-8.02961e-09
-1.1698e-09
-3.41693e-09
-5.07937e-09
4.82082e-09
1.98475e-09
-3.66411e-09
-2.34873e-09
7.36868e-09
4.72782e-09
-7.17555e-09
1.89682e-09
-3.30918e-09
-6.89479e-09
7.04575e-09
3.08292e-09
-4.6649e-09
-1.12839e-09
8.78047e-09
5.29111e-11
-1.01875e-08
-1.40427e-09
-1.17322e-09
-2.97124e-09
3.93116e-09
5.48485e-10
6.7005e-10
4.61218e-09
5.89968e-09
-2.7698e-09
-1.35142e-08
-4.09744e-09
2.91367e-10
1.30862e-09
2.15145e-09
-1.75035e-09
6.56773e-09
1.03315e-08
4.77339e-09
-7.60657e-09
-1.17879e-08
-6.6366e-09
9.53304e-10
6.73199e-09
1.33271e-09
-2.43256e-09
7.76155e-09
1.13965e-08
2.04065e-09
-9.58868e-09
-5.56965e-09
-1.07165e-08
2.71504e-09
1.2849e-08
-1.31451e-09
-4.21358e-09
7.44939e-09
8.81637e-09
-2.3658e-09
-6.11427e-09
3.428e-09
-1.19809e-08
6.97041e-10
1.37193e-08
-2.851e-09
-4.77027e-09
7.31946e-09
6.69335e-09
-8.38403e-09
-2.80987e-09
1.14879e-08
-5.97627e-09
-5.28214e-09
1.12626e-08
-3.12197e-09
-6.26385e-09
8.23635e-09
4.88932e-09
-1.06371e-08
-1.95959e-09
1.37512e-08
-3.83777e-09
-7.93404e-09
1.31697e-08
-2.15631e-09
-6.14829e-09
7.20797e-09
2.23834e-09
-8.75786e-09
-4.72227e-09
6.37806e-09
-2.59688e-09
-2.69209e-09
8.44058e-09
6.5322e-10
-1.60103e-09
4.26102e-09
-2.18433e-09
-5.67259e-09
3.54921e-10
6.99687e-10
-2.71246e-09
1.42515e-09
4.26101e-09
1.99409e-09
9.90282e-10
1.56452e-09
-4.7812e-09
-2.26987e-09
5.32576e-09
-6.38084e-09
-4.14672e-09
6.74997e-09
-4.50744e-10
1.75636e-09
4.84187e-09
7.54029e-11
-8.00202e-09
6.01608e-10
1.23727e-08
-5.55352e-09
-5.30484e-09
7.57866e-09
9.01311e-10
4.98975e-09
9.65189e-09
2.24329e-09
-1.20254e-08
-6.52669e-09
1.10412e-08
-3.66819e-09
-7.27004e-09
6.72568e-09
1.66436e-09
1.07297e-08
1.47631e-08
2.96435e-09
-1.31992e-08
-1.51121e-08
6.05034e-09
-1.53719e-09
-5.46522e-09
3.31209e-09
1.3417e-09
9.33213e-09
1.40529e-08
1.55095e-09
-9.34054e-09
-1.21078e-08
6.31917e-10
-1.28514e-09
-4.19386e-09
1.75625e-09
1.0279e-10
4.23426e-09
9.11877e-09
1.5627e-09
-6.12754e-09
-7.24304e-09
3.42963e-10
-4.97746e-10
-1.37917e-10
3.69124e-09
-4.00076e-09
-2.11701e-09
5.99531e-09
1.22824e-09
-3.44888e-09
-3.18817e-09
7.62095e-12
3.61393e-10
8.79811e-10
5.09892e-09
-5.55823e-09
-1.03548e-08
3.05865e-09
3.72762e-09
9.31253e-10
-9.99442e-10
-4.68093e-10
1.08583e-10
-1.92075e-10
6.11144e-09
-4.23362e-09
-1.35224e-08
1.43234e-09
5.73623e-09
2.1258e-09
1.32148e-10
-4.15265e-10
-5.45721e-10
2.5991e-09
2.85643e-09
-1.65963e-09
-4.59178e-09
9.28975e-10
1.27187e-09
-1.10167e-09
2.67463e-10
-1.95168e-09
-8.8704e-10
6.56171e-09
-2.03479e-09
-4.20532e-10
5.13306e-09
1.44237e-09
-4.76738e-09
-2.96022e-09
2.98214e-09
-5.17214e-09
-7.30396e-10
7.81907e-09
-2.26216e-09
5.30711e-10
4.53691e-09
1.79642e-10
-6.23023e-09
1.34489e-09
9.02372e-09
-1.14497e-08
-2.13073e-10
1.14926e-08
2.20285e-10
-4.84962e-09
-5.26335e-09
-2.48511e-09
-7.02735e-09
3.29428e-09
1.29957e-08
-7.39573e-09
-1.15374e-09
1.24713e-08
-4.471e-09
-5.24091e-09
6.77584e-10
-6.98002e-09
-1.01883e-08
-2.6551e-09
1.59887e-08
2.23624e-10
1.37195e-08
-1.83462e-09
-9.93943e-09
4.17252e-09
7.82407e-09
-1.36157e-08
-6.18788e-09
8.52387e-09
-7.85382e-10
3.25454e-09
1.61716e-08
-5.61372e-09
-7.41406e-09
5.53211e-09
-7.35429e-09
-1.07554e-08
4.86602e-09
5.81746e-09
-5.58952e-09
8.43328e-09
6.56849e-09
4.56308e-09
5.32309e-09
-1.39671e-08
-1.6095e-08
-3.92341e-09
1.08861e-08
-3.26794e-09
-3.891e-09
1.54081e-08
3.98988e-09
6.0844e-09
-1.16337e-10
-1.15192e-08
-7.38352e-09
3.98271e-10
-5.5861e-09
4.17524e-09
7.97784e-09
5.57538e-09
3.65548e-09
2.57529e-09
-4.32285e-09
-2.02909e-09
1.92728e-09
-4.64568e-09
-5.51552e-09
5.15134e-09
2.47589e-09
-4.76857e-10
8.75813e-10
5.70637e-09
-4.88531e-09
4.13042e-10
7.63161e-09
-2.15215e-09
7.64097e-10
5.55958e-09
-9.36841e-10
-1.19894e-08
-4.51693e-09
1.90273e-09
-1.45685e-10
1.62599e-09
3.91115e-09
3.36282e-11
3.23863e-09
7.45373e-09
-1.48948e-10
-1.11246e-08
-7.7018e-09
-5.06919e-09
5.43542e-09
1.41344e-09
-3.95993e-09
9.93922e-09
6.74896e-09
-1.15318e-08
2.35282e-09
4.86462e-09
-7.80949e-09
-8.42454e-09
7.18706e-09
-1.88517e-10
-2.80518e-09
1.40827e-08
-3.23201e-09
-1.46067e-08
8.33155e-09
8.02131e-09
-5.12151e-09
2.28421e-09
5.4508e-09
5.04582e-09
4.85611e-09
-2.68272e-09
-3.89861e-09
-3.63648e-09
2.98921e-09
-3.00182e-09
5.54675e-09
6.91571e-09
-7.70111e-09
1.78946e-09
7.33732e-09
-6.57071e-09
-8.42445e-10
8.27244e-09
-5.59902e-09
-5.14843e-09
1.12519e-08
-3.86064e-09
-5.8873e-09
5.00505e-09
-4.65091e-10
-6.99161e-09
7.18318e-09
5.83048e-09
-1.11204e-08
6.74198e-10
4.44202e-09
3.97666e-09
6.2255e-09
2.97685e-09
-1.0915e-08
-7.52303e-09
6.65665e-09
-3.68566e-09
-6.5207e-09
2.66011e-09
-2.93781e-09
8.04827e-09
6.52944e-09
-5.73542e-09
3.53255e-10
1.80742e-09
-7.64478e-09
6.93339e-10
2.07134e-09
-4.9755e-09
-9.16408e-09
9.96782e-10
4.57825e-09
2.81261e-09
6.43926e-09
3.34022e-09
-6.51793e-09
-2.73024e-09
3.70002e-09
-4.54446e-09
-8.63729e-09
-3.13244e-09
5.52509e-09
6.62064e-09
2.01671e-09
3.45812e-09
-2.51715e-09
-6.7287e-09
4.9969e-09
-1.21516e-09
8.84284e-10
-6.14806e-09
-1.86426e-09
-3.12651e-10
2.1881e-09
5.57141e-09
5.04292e-09
2.67083e-10
-6.77881e-09
9.48767e-10
4.06187e-09
-2.86652e-09
-5.75448e-09
6.67337e-10
4.97449e-09
2.34713e-09
4.37803e-10
1.10427e-09
-3.97682e-09
-2.08353e-10
6.26348e-09
9.6683e-10
-3.45138e-09
2.52954e-09
2.47806e-09
-3.83998e-09
-6.66922e-09
-2.45411e-09
2.34254e-09
2.75933e-09
3.57768e-10
-8.56829e-11
-7.34692e-10
-1.87924e-09
-5.76309e-10
2.63825e-09
2.7161e-09
-1.02242e-09
-1.4824e-09
2.25317e-09
-1.50081e-09
-1.23891e-10
-5.52732e-10
-9.18011e-10
8.05315e-10
1.90081e-09
2.13002e-09
1.76463e-09
-7.43378e-10
-2.1632e-09
-2.1546e-09
1.61539e-10
-7.74077e-10
2.2575e-10
1.27445e-09
2.83436e-10
-1.95382e-09
-4.32872e-10
3.08689e-09
-9.27317e-10
-2.31081e-09
-5.98769e-10
-5.59783e-09
-7.91366e-11
4.53757e-09
1.91242e-09
-6.04953e-09
-4.79959e-10
8.83473e-09
-2.17183e-09
-9.7865e-10
-1.84786e-09
-1.19496e-08
2.52459e-10
1.08372e-08
1.41603e-09
-7.03524e-09
-9.82106e-10
8.37627e-09
-9.59495e-10
4.49113e-09
-5.39327e-09
-1.40217e-08
-9.37896e-10
1.11207e-08
-1.24829e-09
-5.15928e-09
2.84843e-09
4.66567e-09
1.04326e-09
3.38032e-09
-8.16994e-09
-1.05828e-08
4.68056e-09
7.47428e-09
-4.71911e-09
-3.51167e-09
6.31871e-09
3.61184e-09
4.66906e-10
5.78427e-10
-7.96419e-09
-6.83031e-09
1.07221e-08
5.31812e-09
-9.54729e-09
-3.41836e-09
9.9327e-09
3.67028e-09
-2.90732e-09
-2.79568e-09
-6.58559e-09
1.09085e-09
1.08209e-08
3.41968e-09
-1.1732e-08
-3.1913e-09
1.22787e-08
2.56468e-09
-5.00626e-09
-6.72339e-09
-2.89732e-09
5.58893e-09
1.18361e-08
2.89663e-09
-1.03765e-08
-3.68657e-09
1.22285e-08
7.77969e-10
-6.18648e-09
-1.07262e-08
1.47902e-09
9.34544e-09
9.36543e-09
-1.23768e-09
-7.54003e-09
2.31973e-09
7.41976e-09
7.80751e-10
-7.44889e-09
-1.28487e-08
4.49714e-09
1.11843e-08
7.73018e-09
-5.1034e-09
-5.48578e-09
6.87631e-09
4.84977e-09
-2.99872e-10
-7.72551e-09
-6.20121e-09
1.88058e-09
8.95999e-09
6.07934e-09
-8.45325e-09
-4.02107e-09
1.11293e-08
4.82945e-09
-5.52387e-09
-6.85452e-09
1.71668e-09
-1.23209e-09
7.77995e-09
3.84512e-09
-9.82613e-09
-4.20177e-09
1.34146e-08
4.19611e-09
-1.07384e-08
-4.4289e-09
4.37519e-09
-2.74846e-09
6.93728e-09
-6.73025e-10
-6.21646e-09
1.0331e-09
8.33394e-09
-2.56751e-10
-1.21714e-08
-1.53155e-09
-9.39168e-10
-7.84286e-09
6.82589e-09
-1.65756e-09
-9.05269e-10
6.45081e-09
5.5036e-09
-7.89344e-09
-1.03037e-08
5.38049e-09
-6.57669e-09
-1.14226e-08
6.60812e-09
-3.10548e-09
5.24857e-09
1.3995e-08
5.3678e-10
-1.5828e-08
-5.79434e-09
1.08787e-08
-4.48501e-09
-7.34585e-09
1.83491e-09
-2.85892e-09
6.32391e-09
1.55747e-08
-3.44499e-09
-1.48373e-08
-1.47859e-09
7.56179e-09
-3.43477e-09
-4.97472e-09
2.14618e-09
-2.2901e-09
9.24203e-10
1.57789e-08
-5.23007e-09
-9.95276e-09
6.33463e-09
1.28412e-10
-1.58241e-09
1.08897e-09
1.63059e-09
-1.06637e-09
-2.33869e-09
1.57277e-08
-5.22765e-09
-9.06909e-09
7.97527e-09
-6.00413e-09
4.03898e-09
9.46375e-09
-4.04358e-09
2.47394e-10
3.53413e-09
9.05008e-09
-3.50672e-09
-5.40433e-09
-3.98111e-10
-1.14382e-08
5.56252e-09
7.4474e-09
-4.05541e-09
4.42528e-09
1.01721e-08
3.4039e-09
-4.43433e-09
-4.56092e-09
-4.01352e-09
-1.12584e-08
-4.58954e-09
1.72259e-10
-5.11197e-09
7.77188e-09
1.08142e-08
1.5959e-09
-2.57986e-09
-7.06673e-09
1.26516e-09
-1.18626e-10
-1.08851e-08
1.33513e-09
-1.0727e-10
4.97206e-09
4.34691e-09
3.46897e-10
6.77794e-10
-7.69987e-09
5.481e-09
-8.86653e-10
-1.23226e-08
6.37242e-09
3.11867e-09
1.51932e-09
1.17766e-09
-6.05226e-10
-4.20804e-10
-5.02513e-09
4.31568e-09
-5.14019e-09
-7.10965e-09
4.3873e-09
2.43248e-09
-1.73002e-09
-9.64058e-10
-1.43546e-09
-2.15193e-09
-3.31393e-09
1.95096e-09
-2.21068e-09
-3.09954e-09
5.39988e-09
1.10127e-09
-6.64892e-09
-3.93404e-09
-6.77174e-10
-7.1062e-10
-1.28198e-09
5.16877e-10
-2.90171e-10
-1.40139e-10
4.36389e-09
-2.28656e-09
-9.03218e-09
-4.65427e-09
-1.11261e-10
1.59115e-09
3.80257e-09
4.80033e-10
1.45819e-10
3.05701e-09
-9.74665e-10
-1.55547e-10
-6.92778e-09
-8.25879e-09
-2.36179e-09
4.17533e-09
9.86338e-09
-6.32202e-11
-9.85274e-10
9.13077e-09
-5.9685e-09
2.30706e-09
-2.09401e-09
-1.15453e-08
-9.2764e-09
3.20802e-09
1.59675e-08
-5.0114e-09
-2.27892e-10
8.46497e-09
-4.55801e-09
-6.11484e-09
3.39038e-09
2.97721e-09
-1.42819e-08
-4.76906e-09
1.21997e-08
5.34554e-10
2.51176e-09
3.91063e-09
-1.19843e-08
-1.24868e-08
4.40895e-09
8.70604e-09
-7.69116e-09
-9.9234e-09
7.48647e-09
8.9247e-09
1.18021e-08
-5.09669e-10
-1.11715e-08
-4.43732e-09
2.03493e-09
-1.85682e-09
2.5132e-09
1.42006e-09
-5.90752e-09
6.04081e-09
1.53702e-08
3.22004e-09
-3.92083e-09
5.6585e-09
-5.76434e-09
-1.05192e-08
2.32649e-09
7.71568e-09
-6.1083e-09
-3.60219e-09
1.28583e-08
1.14595e-08
2.54917e-09
-1.42389e-08
-4.92455e-09
-5.31095e-09
-6.73206e-09
7.39025e-09
8.57712e-10
-3.06157e-09
8.56898e-09
7.43542e-09
-1.35519e-09
-1.87733e-08
3.20958e-09
1.09165e-09
-8.08849e-09
-3.23546e-09
3.53473e-09
9.5302e-09
-3.89522e-10
1.57699e-10
-1.37455e-09
-8.07769e-09
4.22136e-10
6.59576e-09
-1.28262e-09
-2.54927e-09
6.45894e-09
4.37918e-09
-5.11634e-09
-5.58616e-11
2.72694e-09
-2.96088e-09
-1.15242e-09
4.39398e-09
9.7678e-10
8.81792e-09
7.10744e-09
-8.41937e-09
-9.17329e-09
-3.9172e-09
6.27497e-09
3.03526e-09
-1.03258e-08
2.08487e-09
9.5763e-09
1.30186e-08
-3.90487e-09
-1.03979e-08
-4.75495e-09
-1.00196e-08
4.42761e-09
2.60161e-09
-1.05708e-08
3.85355e-09
1.1279e-08
3.56471e-10
9.59583e-10
5.56319e-09
-8.99286e-09
-9.83384e-09
7.90847e-09
5.74184e-09
1.43257e-09
9.51174e-10
-9.53104e-10
-2.61621e-09
1.97365e-09
5.4648e-09
-7.51857e-09
6.71592e-09
1.7009e-09
5.66792e-10
1.95816e-09
5.76502e-10
-5.03039e-09
-3.50175e-09
1.24696e-09
-2.27446e-09
1.32672e-09
1.02966e-08
-3.17809e-09
1.1797e-09
9.16186e-09
-5.86718e-09
-7.01866e-09
7.48637e-10
-2.03952e-09
-6.3679e-09
6.07442e-09
4.07161e-09
4.03929e-09
8.19012e-09
4.74024e-09
-9.60682e-09
-6.18738e-09
3.74864e-09
-8.21508e-09
-6.55189e-09
7.98519e-09
-1.68473e-09
5.11576e-09
8.10673e-09
-1.21588e-09
-1.5093e-09
2.48278e-10
-4.05705e-09
-2.54991e-09
-6.87856e-10
-4.28314e-10
-7.19015e-09
6.98606e-10
3.40323e-09
4.39976e-09
7.42106e-09
1.75099e-09
-7.49627e-09
3.16277e-09
4.73002e-09
-9.62422e-09
-1.01322e-08
9.30901e-10
3.1701e-09
4.96521e-09
7.88372e-09
4.1031e-10
-5.73987e-09
3.22774e-09
4.21957e-09
-7.32571e-09
-2.01694e-09
-3.11227e-09
-4.99991e-09
-3.87733e-09
4.60744e-09
9.16715e-09
6.85524e-09
-1.81393e-09
-2.62466e-09
-5.74103e-10
2.56727e-09
-2.73218e-09
-4.56131e-09
-4.99692e-09
9.51356e-11
1.10788e-08
4.12063e-09
-4.04326e-09
-3.32582e-09
2.80865e-09
2.34908e-09
-2.56118e-09
3.03287e-09
2.26566e-09
-2.13795e-09
5.82457e-10
-4.37297e-09
-3.27013e-09
1.30913e-09
3.18495e-09
2.55335e-09
-9.85475e-10
-3.27253e-10
7.72378e-10
-2.75298e-10
-3.0139e-10
-2.00293e-09
-9.50819e-10
-3.23067e-10
1.44201e-09
1.92769e-09
8.13896e-10
-1.90584e-09
-3.34898e-10
1.35482e-09
3.11626e-10
4.13193e-10
3.25844e-10
-1.71445e-09
-1.11597e-09
-1.22999e-09
-7.90937e-10
-4.09335e-11
2.88378e-11
7.22723e-10
3.76456e-10
-1.22569e-09
1.32196e-09
2.4881e-09
-1.11373e-11
-3.39638e-09
-2.36356e-09
-2.77775e-09
-2.66735e-11
4.27474e-09
6.9831e-10
-4.43717e-09
3.3305e-09
7.63127e-09
-3.53048e-10
-2.7525e-09
-5.64743e-10
-7.60819e-09
1.41396e-09
9.99652e-09
-1.12125e-09
-5.24707e-09
4.48219e-09
8.83706e-09
-2.24973e-09
-1.79431e-09
-4.42717e-10
-7.11616e-09
2.34764e-09
9.0036e-09
-2.65586e-09
-3.07334e-09
7.70919e-09
5.84332e-09
-5.48799e-09
5.50431e-10
-4.40438e-09
-5.1887e-09
6.63475e-09
7.40954e-09
-7.02118e-09
-1.39154e-09
1.11958e-08
1.58578e-09
-4.77451e-09
6.11735e-09
-9.89313e-09
-4.43799e-09
1.05593e-08
2.89964e-09
-8.33227e-09
1.64299e-10
1.12247e-08
-1.49295e-09
-2.57826e-09
5.48109e-09
-7.41954e-09
-3.11435e-09
1.23945e-08
-8.04114e-10
-8.57139e-09
1.26755e-09
1.1173e-08
-3.00853e-09
-3.90734e-09
1.32078e-09
-4.662e-09
1.30931e-09
9.19312e-09
-3.6389e-09
-5.66519e-09
5.14642e-09
7.38134e-09
-3.5436e-09
-4.51444e-09
-6.07356e-09
-3.83529e-09
5.26519e-09
7.48993e-09
-8.07556e-09
-2.57368e-09
9.98292e-09
8.85501e-10
-2.51716e-09
1.03822e-09
-1.15999e-08
-2.70787e-09
1.21437e-08
4.70318e-09
-1.17902e-08
-5.30984e-09
1.03384e-08
-1.21944e-09
-1.48264e-10
6.78081e-09
-6.58784e-09
-2.13014e-09
1.47412e-08
2.62504e-09
-1.34438e-08
-4.43648e-09
8.67447e-09
-3.30413e-09
-2.76947e-10
5.51374e-09
7.35079e-10
3.23848e-09
1.08153e-08
-2.62082e-09
-1.19529e-08
-1.41816e-09
8.12436e-09
-4.52191e-09
-4.50717e-09
1.74795e-09
6.43167e-09
9.18886e-09
5.45336e-09
-6.21132e-09
-9.43135e-09
2.48301e-09
5.33266e-09
-4.03426e-09
-7.29659e-09
-4.33215e-09
5.38781e-09
8.02808e-09
4.56543e-09
-9.80637e-09
-7.589e-09
8.33045e-09
4.43063e-09
-7.47717e-09
-6.73118e-09
-3.59776e-09
3.23078e-11
3.69215e-09
3.62253e-09
-8.9372e-09
-4.0481e-09
1.67652e-08
-5.32062e-10
-1.10512e-08
-3.62713e-09
7.3176e-10
-5.44236e-09
4.01366e-09
3.4344e-10
-6.10197e-09
2.98458e-09
1.54962e-08
-4.77697e-09
-8.75782e-09
2.56863e-09
-3.53643e-09
-1.28794e-08
3.91458e-09
1.39167e-10
-5.43268e-10
6.35544e-09
1.20715e-08
-7.75228e-09
-3.58329e-09
1.16894e-08
-1.09626e-08
-1.45813e-08
2.50853e-09
-5.67516e-10
4.98971e-09
1.17279e-08
7.81274e-09
-6.89336e-09
-3.45232e-09
1.0409e-08
-1.09327e-08
-5.95691e-09
2.02111e-09
-5.0588e-09
1.21796e-09
1.52529e-08
3.89022e-09
-3.24145e-09
5.06421e-09
1.79493e-09
-1.04586e-08
3.39804e-09
1.15979e-09
-8.98428e-09
-4.17574e-09
1.31681e-08
9.47683e-10
-2.86107e-09
1.09813e-08
-2.04104e-09
-8.08354e-09
9.89859e-09
-5.7499e-10
-1.34012e-08
-5.04991e-09
1.13009e-08
-6.66102e-10
-2.31058e-09
1.19926e-08
-3.53292e-09
-7.17715e-09
7.69412e-09
-6.21556e-09
-9.89631e-09
7.30345e-09
2.50191e-09
-6.73873e-09
8.2059e-10
6.54512e-09
-8.03863e-10
-5.80584e-09
5.60348e-09
-4.09419e-09
-8.37929e-09
1.02393e-08
5.65366e-09
-5.30354e-09
-9.0207e-09
4.12607e-09
2.67755e-09
-5.47141e-09
3.06416e-09
-1.98644e-10
-1.58184e-09
1.06341e-09
6.3911e-09
-1.91862e-09
-1.0624e-08
-6.95409e-10
4.47365e-10
-1.39218e-09
-9.98736e-10
1.87497e-09
7.90147e-09
-3.01919e-09
-2.6407e-09
3.54599e-10
-1.41799e-09
-6.60907e-09
-5.06236e-09
2.35611e-09
-1.73156e-09
5.81588e-09
6.45023e-09
-9.01957e-09
-8.54888e-09
-5.78357e-10
3.28299e-09
-3.44387e-09
-2.81157e-09
3.35434e-09
-9.62542e-10
3.0456e-09
5.1693e-10
-7.08303e-09
-1.3717e-08
-4.44946e-09
7.33364e-09
2.67329e-09
1.7866e-09
4.40035e-09
-1.63093e-09
-6.88012e-09
3.46981e-09
-3.17032e-09
-1.60527e-08
-6.81796e-09
3.99012e-09
4.02639e-09
9.24762e-09
1.1955e-08
-3.70246e-09
-9.4315e-09
1.01646e-09
1.70685e-09
-9.2118e-09
-1.06993e-08
-1.02747e-09
3.06009e-09
1.38634e-08
1.21852e-08
-4.55834e-09
-8.21888e-09
-7.12637e-10
6.30274e-09
-4.7226e-09
-9.12193e-09
-3.20428e-09
2.78165e-09
8.94437e-09
6.98408e-09
1.40886e-09
-5.70899e-09
-8.11405e-10
-6.86768e-09
-2.80332e-09
7.00335e-09
-5.43333e-09
-8.10342e-09
6.01226e-09
7.8599e-09
-8.29664e-10
-8.06726e-09
1.69502e-09
-7.94942e-09
-6.22559e-09
9.56911e-09
-3.24055e-09
-8.40392e-09
3.59447e-09
1.07874e-08
2.68233e-09
-2.42013e-10
-6.43751e-09
-4.71685e-09
-1.07723e-09
-2.9516e-09
-1.5492e-09
9.31361e-10
2.55654e-09
3.47867e-09
9.98977e-09
4.37185e-09
-1.52751e-08
-1.12364e-10
7.26408e-09
-1.41254e-08
-1.06326e-09
4.16152e-09
-3.49812e-09
3.75245e-09
9.41339e-09
6.50526e-10
-1.12248e-08
6.99019e-09
5.69255e-09
-9.51156e-09
5.66859e-09
2.11591e-09
-9.48055e-09
-3.34127e-09
-2.33396e-09
-3.11872e-09
-6.43185e-09
8.78655e-09
4.46003e-09
-1.82708e-09
8.87861e-09
4.56759e-09
-4.72036e-09
-1.15965e-08
-2.31895e-09
5.09094e-10
-1.25477e-09
-1.31605e-09
6.42826e-09
7.39506e-09
2.51673e-09
4.9151e-09
-8.6549e-09
-1.26244e-08
3.83075e-09
3.96009e-09
9.25274e-11
-5.52681e-10
-1.78392e-10
2.24161e-09
2.4345e-09
7.95132e-10
-5.27024e-09
-8.23183e-09
-3.39843e-09
4.09614e-09
3.25412e-09
5.73784e-10
-3.34786e-09
-4.94146e-09
-1.0223e-09
7.80196e-10
4.5992e-09
6.45854e-10
-7.17771e-09
2.32285e-09
5.19991e-09
-3.67037e-09
-2.32929e-09
9.91899e-10
-1.34863e-09
-1.75976e-09
5.32507e-09
4.59753e-09
-1.80405e-09
1.59584e-09
9.03996e-09
-2.16327e-09
-3.50184e-09
-6.77558e-10
1.32541e-10
-3.67558e-09
-1.31811e-11
6.4776e-09
1.28439e-09
3.08664e-09
9.18397e-09
-1.71908e-09
8.59332e-11
6.92317e-09
-6.47239e-09
-1.07423e-08
-2.60006e-09
6.63034e-09
6.01627e-09
6.32331e-09
5.73765e-09
-2.18282e-09
5.17832e-10
5.0809e-09
-3.92055e-09
-7.41885e-09
-6.58893e-09
1.60968e-09
3.46327e-09
4.72393e-09
6.13673e-10
3.35069e-09
3.3163e-09
-3.0291e-09
3.42421e-09
-1.14247e-09
-6.85725e-09
-3.68455e-09
-4.42647e-09
-2.24391e-09
-8.99332e-10
6.32675e-09
6.13065e-09
-7.20856e-10
-2.22384e-09
3.56596e-09
2.59028e-09
-6.54626e-09
-4.6539e-09
-4.63714e-09
-6.00218e-09
-1.6132e-09
8.03906e-09
6.37234e-09
2.71563e-09
3.70584e-09
2.99586e-10
-4.54489e-09
-4.76453e-09
1.34016e-09
-2.55363e-10
-4.15173e-09
1.05585e-09
8.68795e-09
4.3448e-09
-3.59103e-09
-4.99393e-10
-2.31116e-09
-1.46129e-09
4.15119e-09
6.17837e-09
5.23739e-09
-2.32315e-09
-2.15925e-09
-4.95382e-09
-4.97636e-09
2.63131e-09
-1.89723e-09
1.53146e-09
-2.00108e-09
2.35982e-09
4.13888e-09
-1.64356e-09
-3.38605e-09
-3.04276e-09
-1.7972e-09
3.42581e-10
1.52981e-09
2.64727e-10
-8.07189e-10
4.01431e-10
1.03587e-09
1.03618e-09
-1.57503e-10
1.9974e-11
2.9383e-10
-1.61635e-09
1.33802e-10
4.99765e-10
-3.08142e-09
6.87584e-10
7.63249e-10
-9.23915e-10
-8.97598e-10
7.41069e-10
3.86762e-09
-1.48074e-09
9.64989e-11
3.62471e-10
-7.21204e-09
2.39485e-09
1.80155e-09
-1.33424e-10
-2.78064e-09
1.04981e-09
4.15417e-09
-1.81857e-09
5.52901e-09
-1.45729e-09
-7.48158e-09
1.0947e-09
4.17907e-09
6.26306e-09
-4.84274e-09
-3.27718e-09
2.56777e-09
-9.22441e-10
7.62074e-09
-6.5744e-10
-5.54128e-09
1.63862e-09
7.528e-09
4.96609e-09
-5.88986e-09
-5.48279e-09
4.55477e-09
9.66295e-10
3.46322e-09
2.2826e-09
-4.16479e-09
1.15071e-09
1.01476e-08
1.13746e-09
-6.91752e-09
-1.84094e-09
3.41575e-09
-9.81458e-10
1.05728e-09
5.18183e-09
-1.0123e-09
-6.78502e-10
1.00383e-08
-1.16619e-09
-5.39905e-09
1.24589e-09
4.66504e-09
-3.00937e-09
-3.46782e-09
4.58941e-09
1.04627e-09
4.25927e-10
7.5165e-09
-2.38867e-09
-3.24173e-09
5.59728e-09
4.07709e-09
-6.79113e-09
-6.0841e-09
-2.22706e-10
3.18774e-09
7.93172e-09
4.69832e-09
-7.00254e-09
-8.89369e-10
1.16019e-08
-2.64037e-10
-1.01017e-08
-5.10573e-09
-4.82241e-09
2.10459e-10
1.15415e-08
2.87191e-09
-1.07627e-08
4.79457e-10
1.38513e-08
-3.91324e-09
-9.05482e-09
1.96392e-09
-7.55519e-09
-2.40029e-09
1.18145e-08
-1.32364e-09
-1.05773e-08
-1.04724e-09
1.33349e-08
-5.43712e-09
-5.28071e-09
8.61663e-09
-4.46887e-09
-3.03194e-09
7.87358e-09
-3.88956e-09
-6.80409e-09
3.7986e-09
9.36914e-09
-6.40192e-09
-5.60709e-09
8.61796e-09
-9.10189e-10
8.62578e-10
4.67003e-09
-8.5516e-09
-2.45837e-09
9.85446e-09
2.38174e-09
-6.8064e-09
-4.0298e-09
3.76696e-09
2.44466e-09
6.0013e-09
1.77367e-09
-1.09363e-08
-4.23708e-09
1.16249e-08
-2.35403e-10
-5.92519e-09
-9.79102e-10
-1.88108e-09
2.84916e-09
7.31264e-09
1.00149e-09
-7.72455e-09
-8.64442e-09
9.6768e-09
-1.99172e-09
-4.72069e-09
3.40716e-09
-3.8104e-09
-1.89566e-10
5.00421e-09
-3.21395e-09
-5.23342e-09
-4.34566e-09
7.02812e-09
-4.52068e-09
-2.29719e-09
9.77783e-09
-3.85087e-09
-2.98471e-09
2.53863e-09
-7.84936e-09
-2.39496e-09
1.33272e-09
3.49289e-10
-5.08249e-09
-1.06868e-09
1.11698e-08
-7.26071e-10
-6.22002e-09
-2.99551e-09
-4.96145e-09
2.10553e-09
8.47102e-10
-4.96714e-09
-6.93521e-10
2.33373e-09
9.88835e-09
-4.54933e-10
-8.81562e-09
-1.06474e-08
-1.24896e-09
4.52226e-09
1.21628e-09
-1.66514e-09
4.13758e-10
3.16594e-09
7.37443e-09
-5.01732e-10
-1.00073e-08
-9.95045e-09
1.9532e-09
-8.74041e-10
3.62076e-09
1.03845e-08
-6.13162e-09
-3.74183e-09
8.53652e-09
1.4948e-09
-9.77662e-09
-7.58261e-09
5.23608e-09
-6.06318e-09
3.73338e-10
1.31976e-08
-6.58374e-09
-5.92219e-09
8.78661e-09
2.91033e-09
-5.02681e-09
-1.76631e-09
-2.59015e-09
-4.71831e-09
3.44998e-09
6.89943e-09
-2.1884e-09
-2.1909e-09
2.96814e-09
-1.39976e-09
-1.20152e-09
3.43602e-09
-8.14738e-09
-2.14686e-09
6.63206e-09
-6.44151e-10
-2.20006e-10
6.01812e-10
-1.58741e-09
-2.71155e-09
5.27737e-09
1.28054e-08
-1.54987e-08
-1.30975e-09
1.14326e-08
-3.99505e-09
-5.5845e-09
-1.80894e-09
-1.1114e-09
-4.2193e-09
1.13063e-08
8.46245e-09
-1.36536e-08
-3.85405e-09
1.11103e-08
-4.61157e-09
-9.4972e-09
-3.10241e-09
-1.04505e-09
1.67062e-09
1.21397e-08
-2.4895e-09
-3.89546e-09
2.29241e-09
3.61081e-09
-1.02865e-08
-7.51102e-09
8.00481e-09
-3.63907e-09
3.36907e-09
7.03731e-09
2.06087e-09
2.21102e-09
-1.82812e-10
-2.21433e-09
-1.14624e-08
-4.79887e-09
9.39215e-09
-3.88547e-09
1.74002e-09
5.76387e-09
7.55341e-09
2.32162e-09
-5.00705e-09
-9.84643e-09
-3.11604e-09
8.39398e-09
-2.03234e-09
-9.41623e-09
-2.63731e-10
2.51786e-09
1.36451e-09
4.78011e-09
-4.88349e-09
-1.34333e-08
4.71835e-09
4.84473e-09
-4.48755e-09
-3.25793e-09
8.86998e-10
-5.19767e-09
-6.9864e-09
4.298e-09
-1.92357e-09
-8.44774e-09
2.24704e-09
-4.72366e-09
-1.24294e-09
7.19636e-09
2.89685e-09
-3.82077e-09
-3.55896e-10
-6.9904e-09
-1.55589e-09
7.08152e-09
-7.53498e-09
-3.41435e-09
1.0398e-08
2.18744e-09
-7.65323e-09
-8.57257e-09
6.27973e-09
-5.8424e-09
-1.05687e-08
5.74512e-09
-4.57315e-09
-4.32042e-09
1.15468e-08
4.41476e-09
-5.3135e-09
-1.25969e-08
-1.78228e-09
-1.03235e-09
-5.78338e-09
-1.69142e-09
-1.00363e-09
-1.76256e-10
3.23984e-09
1.0764e-08
1.84808e-09
-1.63026e-09
-6.8399e-09
-4.41846e-09
7.13432e-10
-4.58005e-09
-3.36468e-09
-3.68139e-10
1.28379e-09
7.99985e-09
4.19584e-09
1.08159e-08
-1.09703e-08
-3.00247e-09
9.33706e-09
-1.09232e-08
-6.28864e-09
5.14134e-09
-8.97095e-10
-2.59976e-09
7.54244e-09
4.60446e-09
-7.01565e-09
-1.32584e-09
8.5763e-09
-5.75513e-09
-7.07644e-09
7.41858e-09
-5.47129e-10
-5.84741e-09
4.54455e-09
-3.52372e-09
-3.51439e-09
9.76848e-10
3.32008e-09
8.08057e-09
1.91736e-09
-3.70455e-09
8.12567e-10
-4.24819e-09
-2.46236e-09
9.37858e-09
4.12039e-09
-8.3415e-09
3.68413e-09
1.04266e-08
6.85862e-09
7.31288e-10
-1.86654e-09
-1.33622e-08
-1.24654e-08
1.14135e-08
4.75887e-09
-6.48113e-09
3.27695e-09
-3.23066e-09
-2.76918e-10
8.51219e-09
-3.87478e-09
-9.24384e-09
-6.27635e-09
-5.85679e-09
3.64348e-09
2.01419e-09
-7.41156e-09
-3.63239e-09
-3.41322e-09
-2.64247e-09
2.92748e-09
1.02578e-08
3.77711e-09
-1.10432e-08
5.18431e-10
8.70522e-09
-7.05466e-09
-3.71396e-09
7.76334e-09
-3.69109e-09
-1.52349e-09
9.6354e-09
2.0271e-10
-4.70611e-09
-5.37555e-09
1.37917e-08
1.05686e-09
-8.25095e-09
7.51355e-09
-7.52122e-11
-6.84276e-09
1.88066e-09
3.54865e-09
6.66544e-09
3.41165e-09
4.78369e-10
8.12468e-11
-2.62026e-10
1.91941e-09
-4.69394e-09
-6.4636e-09
-8.86505e-10
3.82032e-09
9.3233e-09
8.05919e-09
-1.72824e-09
1.81586e-09
7.38234e-09
-3.35964e-09
-3.21909e-09
-1.31539e-10
-9.79454e-09
-4.55988e-09
2.34531e-09
8.22478e-09
2.05323e-09
2.64002e-09
7.15211e-09
-2.45659e-09
-2.70648e-10
-1.22584e-09
-9.20218e-09
-6.12207e-09
-2.33904e-09
-1.28019e-09
3.39461e-09
5.1879e-09
-3.38572e-09
-5.70783e-10
4.44184e-09
-2.45519e-09
-2.91578e-09
2.13289e-09
-1.2463e-09
-5.40895e-09
-3.35717e-09
6.1625e-09
1.56859e-11
2.68703e-10
6.48956e-09
3.64576e-09
-1.27227e-09
-5.76876e-09
-2.47894e-09
-1.30523e-09
1.06077e-09
2.56962e-09
4.54914e-09
4.84607e-09
-2.77051e-10
-1.48663e-10
-3.56252e-09
-5.56178e-09
-4.45908e-09
2.99591e-09
5.63451e-09
2.44378e-09
2.33509e-09
5.54074e-10
-3.01218e-09
-2.64707e-09
-8.10507e-10
-2.73242e-09
-2.04716e-09
4.08557e-11
2.74868e-10
2.2711e-09
2.74048e-09
2.42798e-10
-6.26484e-10
-1.57615e-09
3.54483e-10
-1.11835e-09
4.31657e-10
-1.07484e-09
-1.12956e-09
-5.57373e-11
1.68578e-09
1.56127e-09
-1.38446e-10
-1.23164e-09
-5.78453e-10
8.07007e-10
9.27675e-10
-1.60097e-09
-6.32148e-11
6.80956e-10
4.65074e-10
-1.82896e-09
8.86028e-10
4.2934e-09
-2.01155e-09
-2.41178e-09
2.20293e-09
-5.43974e-09
1.33293e-09
5.03349e-09
-1.35621e-09
-3.05654e-09
7.35301e-10
6.40495e-09
-3.52639e-09
-3.63196e-09
3.87401e-09
-6.8096e-09
6.86226e-10
4.97417e-09
-5.02544e-09
-1.74003e-09
3.6261e-09
7.77355e-09
-3.97301e-09
-5.81728e-09
5.39551e-09
-3.38285e-09
-3.90737e-09
7.86082e-10
-9.0866e-09
1.05561e-09
9.5109e-09
4.00208e-09
-3.53008e-09
-3.69728e-09
5.713e-09
-4.45789e-09
-7.10247e-09
1.42388e-09
-7.6772e-09
-6.8948e-10
1.1404e-08
1.66352e-09
-2.35459e-09
-1.325e-09
4.73974e-09
-6.35764e-09
-8.76955e-09
5.21728e-09
-5.13213e-09
-2.0668e-09
9.37495e-09
-6.55624e-10
-2.84078e-09
2.69288e-09
3.38184e-09
-4.11366e-09
-4.27014e-09
3.42808e-09
-8.25045e-09
-4.45568e-09
9.83847e-09
-3.02273e-09
-2.71152e-09
6.90692e-09
1.87995e-09
-3.14779e-09
5.06114e-10
8.19279e-10
-9.19249e-09
-6.50609e-09
1.02713e-08
-5.65148e-09
-1.79575e-09
1.04841e-08
6.15738e-10
-1.30563e-09
6.12027e-09
-3.4802e-09
-8.15137e-09
-2.39664e-09
6.28659e-09
-8.05091e-09
-3.44497e-09
1.17293e-08
-2.33847e-09
1.3098e-09
1.31291e-08
-8.06241e-09
-7.1231e-09
3.35729e-09
2.27296e-09
-8.85583e-09
-5.65437e-09
1.1074e-08
-5.62578e-09
1.25035e-09
1.39758e-08
-7.61999e-09
-6.23817e-09
8.03711e-09
-2.92775e-09
-7.39301e-09
-4.31e-10
6.62272e-09
-4.89843e-09
7.61585e-10
1.25444e-08
-8.88911e-09
-8.81689e-09
9.63465e-09
-3.59549e-09
-3.06373e-09
4.90472e-09
1.85472e-09
-1.92258e-09
5.49849e-09
2.31538e-09
-8.25491e-09
-5.21651e-09
6.0347e-09
-4.63386e-09
2.47039e-10
9.47773e-09
-3.05648e-09
-3.20836e-09
4.60564e-09
-3.58066e-09
-5.71681e-09
-9.66488e-10
4.7541e-09
-4.69245e-09
-1.35578e-09
1.11842e-08
-7.04903e-10
-4.94107e-09
7.91988e-10
-4.97891e-09
-3.82733e-09
4.4481e-09
4.3528e-09
-5.6604e-09
-3.96118e-09
1.16372e-08
-1.57939e-10
-6.72469e-09
3.20119e-09
-8.36187e-09
-1.78775e-09
1.2525e-08
2.28713e-09
-6.8519e-09
-4.21227e-09
9.27723e-09
-5.2799e-09
-9.35341e-09
1.9782e-09
-7.34154e-09
-2.37362e-09
1.54388e-08
-1.14781e-09
-5.22422e-09
1.76408e-09
3.64754e-09
-7.8296e-09
-1.43719e-08
-1.96717e-09
-5.26075e-10
3.11932e-09
1.07558e-08
-8.69344e-09
-2.75596e-09
1.07927e-08
4.36037e-09
-1.07521e-08
-1.63179e-08
-1.44526e-09
1.43929e-09
1.12488e-09
4.38133e-09
-7.38284e-09
-3.88035e-11
1.54737e-08
3.06018e-09
-1.10843e-08
-1.01781e-08
-2.43272e-11
-4.12147e-09
-8.88539e-09
1.84392e-09
1.64834e-09
6.03633e-09
9.58835e-09
3.22505e-09
-6.2639e-09
-6.71975e-09
-1.00325e-09
-7.10636e-09
-1.2309e-08
1.52074e-09
8.50062e-09
1.04077e-08
4.27427e-09
1.1736e-09
-3.26594e-09
-2.75454e-09
-2.96434e-09
-5.11647e-09
-6.89906e-09
-1.88291e-09
7.30623e-09
8.71918e-09
8.66128e-10
8.6123e-10
2.83492e-11
3.59935e-09
-5.32066e-09
-3.87487e-09
-1.83928e-09
9.55485e-10
3.53912e-09
2.09896e-09
-2.39203e-10
-9.35746e-10
2.29891e-09
1.13002e-08
-1.20982e-08
-3.34989e-09
5.0296e-09
3.92637e-09
-5.79019e-10
-3.52803e-09
-1.72124e-09
-2.64304e-09
7.12294e-09
9.64576e-09
-1.42005e-08
2.06384e-09
1.3332e-08
5.12396e-09
-8.41984e-09
-1.32219e-08
-1.8933e-09
-1.6441e-09
1.23553e-08
7.98158e-09
-9.06339e-09
1.3512e-09
1.27401e-08
5.38141e-09
-1.13732e-08
-1.65821e-08
8.67555e-10
7.96998e-10
7.60214e-09
8.65181e-09
4.71021e-09
-9.0262e-09
3.36844e-09
1.70089e-09
-6.6633e-09
-4.55144e-09
2.76635e-10
-1.88607e-09
-2.95706e-09
8.50785e-09
8.76652e-09
-7.78936e-09
-2.83634e-09
-1.92316e-10
-1.99368e-09
-2.64087e-11
-4.60187e-10
-4.76838e-09
-6.17819e-09
7.92955e-09
3.87504e-09
-1.68861e-09
2.237e-10
-6.27738e-09
3.49613e-11
1.19178e-09
-1.16289e-09
-5.99572e-09
-4.74308e-09
7.18613e-09
-1.792e-09
-2.20341e-09
3.92616e-09
-9.69524e-09
5.87592e-10
9.3195e-09
-4.0961e-10
-6.63537e-09
-6.05895e-09
-5.10147e-09
1.7629e-09
6.192e-09
-1.01809e-08
-1.62207e-08
5.50978e-10
1.01226e-08
3.24782e-09
1.54714e-09
1.03913e-09
-1.04739e-08
-6.13746e-09
-1.94161e-09
-7.63211e-09
-1.28434e-08
-5.6953e-09
7.27206e-09
5.68683e-09
1.3864e-08
9.67867e-09
-6.86317e-09
-9.09559e-09
-6.39448e-09
1.93242e-10
-2.95035e-09
-4.41549e-09
-1.06474e-10
-1.86999e-09
1.43331e-08
1.19398e-08
-1.50276e-09
-4.20371e-11
1.14595e-08
-8.52051e-09
-4.90699e-09
7.22565e-09
-8.6246e-09
-9.88382e-09
3.78869e-09
9.12763e-09
8.04348e-10
7.65575e-09
1.11706e-08
-7.84503e-09
-3.94336e-09
4.50407e-09
-7.63074e-09
-7.44437e-09
6.69573e-10
8.99893e-10
-4.0423e-10
1.07489e-08
-3.9499e-09
-5.34504e-10
1.33288e-08
-4.30075e-09
-6.64357e-09
3.58193e-09
-3.47234e-09
-1.34559e-08
4.60489e-09
5.5138e-09
-2.05053e-09
6.99543e-09
1.18353e-08
-2.47441e-09
-4.53569e-09
7.51349e-10
-1.23072e-08
-1.07524e-08
7.13616e-09
6.4283e-11
8.24769e-10
7.38138e-09
-7.24485e-09
-5.89794e-09
7.24772e-09
-1.20227e-09
-9.45023e-09
-1.21849e-09
-8.35618e-09
3.51592e-10
5.31239e-10
-4.35472e-09
-2.59933e-09
-4.98856e-09
2.9139e-09
5.95453e-09
7.36676e-09
7.11265e-10
-1.39241e-08
7.48582e-10
4.03539e-09
-5.33243e-09
2.58828e-09
6.1681e-09
-3.66316e-09
3.0782e-09
8.69627e-09
-4.40227e-09
-3.94523e-09
-3.93511e-09
2.54441e-09
1.76991e-09
2.89435e-09
3.75523e-09
-2.16094e-09
-2.86212e-09
2.55669e-09
1.61999e-09
4.73452e-09
-4.84095e-09
-2.81712e-09
6.25444e-10
7.46524e-09
-1.74169e-09
-6.56577e-09
-1.59884e-10
7.54592e-10
5.0309e-09
5.17198e-09
-3.20906e-09
1.39856e-10
5.22703e-09
-6.22747e-10
1.95399e-09
3.5774e-09
-2.81209e-09
-7.21384e-09
4.13978e-10
1.8413e-09
4.25657e-09
6.41842e-09
1.99335e-09
-4.73523e-09
5.50669e-09
2.9457e-09
-5.97862e-09
-5.75432e-09
-4.31205e-09
2.20423e-09
5.35781e-09
4.13441e-09
-1.29522e-09
-3.1227e-09
-1.62391e-09
3.40598e-10
-2.60777e-09
-3.42163e-09
1.26582e-09
5.06606e-09
-3.37414e-09
-3.4079e-09
3.93892e-09
3.19602e-09
-1.46523e-09
3.18041e-09
-1.52969e-09
-7.09238e-09
1.91178e-09
-1.61639e-09
-3.00733e-09
3.99967e-10
7.00847e-09
5.30041e-09
9.94752e-10
-1.0253e-09
-6.0282e-10
-3.02733e-09
-6.04022e-09
-2.27638e-09
5.12953e-10
1.71463e-09
5.4488e-09
2.41435e-09
-3.22311e-09
-2.42907e-09
2.53153e-09
-1.27115e-09
-5.86336e-09
-5.05815e-09
1.37045e-09
6.74811e-10
-8.91e-10
1.45377e-09
1.81247e-09
1.00415e-09
-9.82748e-10
1.19586e-09
-1.05644e-09
-1.63776e-09
4.19121e-10
4.5232e-10
-1.83852e-10
1.83838e-09
3.18959e-09
-1.60311e-10
-2.23186e-09
-1.43028e-10
-2.28236e-10
)
;

boundaryField
{
    inlet
    {
        type            cyclic;
        value           nonuniform List<scalar> 
500
(
9.74494e-10
2.00743e-09
-1.16358e-09
-5.29689e-09
-7.3818e-09
-5.73366e-09
-2.91746e-09
-2.92979e-09
-4.46124e-09
-3.97307e-09
-1.76056e-09
1.26167e-09
5.45114e-09
5.83426e-09
-7.0831e-10
-4.56943e-09
-7.18988e-09
-1.465e-09
1.69642e-09
-1.1505e-11
-3.66213e-09
-1.37588e-09
3.47953e-09
4.38226e-09
2.62521e-09
1.51565e-09
1.67336e-09
2.47624e-09
1.66493e-09
8.47262e-09
6.80959e-09
-8.39465e-10
-3.44546e-09
-2.19447e-09
-2.49513e-10
-2.88148e-09
6.92115e-10
2.14595e-09
-4.28626e-09
-4.33747e-09
5.976e-10
7.30415e-10
3.6028e-10
-3.81581e-09
-4.71231e-09
1.60079e-09
2.37067e-09
3.12427e-09
9.2889e-11
-9.17021e-10
2.2673e-10
1.0344e-09
1.07006e-09
2.71925e-09
8.68755e-10
-3.25232e-10
-1.41707e-09
-3.18954e-09
-4.99129e-09
-6.53291e-09
-4.5869e-09
-2.86471e-09
-2.88946e-09
-4.21371e-09
-4.9942e-09
-1.47463e-09
-2.6023e-10
2.3137e-09
2.94664e-09
8.87865e-10
-8.37967e-09
-9.1499e-09
-6.36839e-09
-1.10008e-09
2.04474e-09
2.07032e-09
3.43478e-09
7.19034e-09
6.97451e-09
5.85289e-09
3.69558e-09
2.00375e-09
3.79563e-09
2.07065e-10
-9.22946e-10
3.22722e-09
-2.16965e-10
-4.39164e-09
-9.40107e-09
-8.3739e-10
1.17168e-09
-2.15382e-09
-7.20015e-10
-2.93272e-09
-4.22133e-09
2.57473e-09
2.62353e-09
1.58118e-09
2.59202e-09
5.89111e-10
1.03075e-09
-3.8e-13
-2.02434e-09
-2.92161e-09
-3.48042e-09
-1.04276e-09
-1.10663e-09
-2.72799e-09
-4.99873e-09
-5.64338e-09
-2.5068e-09
-1.78683e-09
1.76915e-10
1.78261e-09
2.94628e-10
-2.47113e-09
-6.02412e-09
-6.69349e-09
-2.18322e-09
3.03195e-09
7.24098e-09
5.95001e-09
1.14924e-09
-3.83407e-09
-4.31728e-09
6.771e-11
3.00253e-09
-1.15055e-10
-2.93416e-09
-1.24541e-09
1.48333e-09
-2.0738e-10
5.99584e-09
9.34422e-09
6.18895e-09
-1.40485e-10
-1.67767e-09
-2.06118e-09
-4.97912e-09
-2.77917e-09
-2.06002e-09
-1.55112e-09
1.7368e-09
5.0691e-09
1.18846e-09
-1.70917e-09
-4.28123e-09
-8.66197e-10
1.99099e-09
-2.24667e-10
2.03811e-10
3.3424e-10
-9.23193e-10
-1.68618e-09
-2.33462e-09
-2.03627e-09
-2.92229e-09
-5.75895e-09
-7.44246e-09
-6.26489e-09
-3.29957e-09
-2.37691e-09
-2.91713e-09
-4.31912e-09
-3.85703e-09
-4.04681e-09
-4.36981e-09
-4.81978e-09
-4.2649e-09
-2.17756e-09
2.57954e-09
7.94789e-09
8.75203e-09
6.50936e-09
8.45186e-09
7.93804e-09
1.28894e-09
-6.98992e-09
-7.48161e-09
-2.51144e-09
-2.40376e-09
-4.33858e-09
1.99356e-09
7.79621e-09
-7.32795e-10
-4.60511e-09
2.94649e-09
4.42446e-09
-3.03396e-09
-5.19588e-09
3.48285e-10
4.08546e-09
3.85793e-09
2.9112e-09
-7.94517e-10
-1.8973e-09
-2.30157e-09
-2.73241e-09
-3.7749e-10
2.09097e-10
4.9657e-10
1.64863e-09
1.0647e-09
-2.4229e-10
-5.62455e-10
-1.46664e-09
-2.70004e-09
-4.59672e-09
-5.01728e-09
-3.64671e-09
-2.01384e-09
7.57435e-10
3.17938e-09
-4.70645e-10
-2.33791e-09
-2.90888e-09
-3.45017e-09
-7.13876e-09
-7.71543e-09
-2.98132e-09
-2.46279e-09
-5.9473e-10
1.99875e-09
3.83453e-09
4.59057e-09
4.58869e-09
2.94792e-09
-4.1173e-10
3.7983e-10
5.34702e-09
2.68742e-09
-3.78403e-09
-5.40226e-09
-2.66257e-10
2.668e-09
7.00055e-10
3.38284e-09
-6.27995e-10
-8.68985e-09
-7.99444e-09
3.23098e-09
7.44851e-09
2.46066e-09
-2.51181e-09
-2.37287e-09
2.84072e-09
-7.19949e-10
3.40865e-10
-1.32211e-09
-1.82044e-09
9.74494e-10
2.00743e-09
-1.16358e-09
-5.2969e-09
-7.3818e-09
-5.73366e-09
-2.91746e-09
-2.92979e-09
-4.46124e-09
-3.97307e-09
-1.76055e-09
1.26167e-09
5.45114e-09
5.83426e-09
-7.0831e-10
-4.56943e-09
-7.18988e-09
-1.465e-09
1.69642e-09
-1.1505e-11
-3.66213e-09
-1.37588e-09
3.47953e-09
4.38226e-09
2.62521e-09
1.51565e-09
1.67336e-09
2.47624e-09
1.66493e-09
8.47262e-09
6.80959e-09
-8.39465e-10
-3.44546e-09
-2.19447e-09
-2.49513e-10
-2.88148e-09
6.92115e-10
2.14596e-09
-4.28626e-09
-4.33747e-09
5.976e-10
7.30415e-10
3.6028e-10
-3.81581e-09
-4.71231e-09
1.60079e-09
2.37067e-09
3.12427e-09
9.2889e-11
-9.17021e-10
2.2673e-10
1.0344e-09
1.07006e-09
2.71925e-09
8.68755e-10
-3.25232e-10
-1.41707e-09
-3.18954e-09
-4.99129e-09
-6.53291e-09
-4.5869e-09
-2.86471e-09
-2.88946e-09
-4.21371e-09
-4.9942e-09
-1.47463e-09
-2.6023e-10
2.3137e-09
2.94664e-09
8.87865e-10
-8.37967e-09
-9.1499e-09
-6.36839e-09
-1.10008e-09
2.04474e-09
2.07032e-09
3.43478e-09
7.19034e-09
6.97451e-09
5.85289e-09
3.69558e-09
2.00375e-09
3.79563e-09
2.07065e-10
-9.22946e-10
3.22722e-09
-2.16965e-10
-4.39164e-09
-9.40107e-09
-8.3739e-10
1.17168e-09
-2.15382e-09
-7.20015e-10
-2.93272e-09
-4.22133e-09
2.57474e-09
2.62353e-09
1.58118e-09
2.59202e-09
5.89111e-10
1.03075e-09
-3.8e-13
-2.02434e-09
-2.92161e-09
-3.48042e-09
-1.04276e-09
-1.10663e-09
-2.72799e-09
-4.99873e-09
-5.64338e-09
-2.5068e-09
-1.78683e-09
1.76915e-10
1.78261e-09
2.94628e-10
-2.47113e-09
-6.02412e-09
-6.69349e-09
-2.18322e-09
3.03195e-09
7.24098e-09
5.95001e-09
1.14924e-09
-3.83407e-09
-4.31728e-09
6.771e-11
3.00253e-09
-1.15055e-10
-2.93416e-09
-1.24541e-09
1.48333e-09
-2.0738e-10
5.99584e-09
9.34422e-09
6.18895e-09
-1.40485e-10
-1.67767e-09
-2.06118e-09
-4.97912e-09
-2.77917e-09
-2.06002e-09
-1.55112e-09
1.7368e-09
5.0691e-09
1.18846e-09
-1.70917e-09
-4.28124e-09
-8.66197e-10
1.99099e-09
-2.24667e-10
2.03811e-10
3.3424e-10
-9.23193e-10
-1.68618e-09
-2.33462e-09
-2.03627e-09
-2.92229e-09
-5.75895e-09
-7.44246e-09
-6.26489e-09
-3.29957e-09
-2.37691e-09
-2.91713e-09
-4.31912e-09
-3.85703e-09
-4.04681e-09
-4.36981e-09
-4.81978e-09
-4.2649e-09
-2.17756e-09
2.57954e-09
7.94789e-09
8.75203e-09
6.50936e-09
8.45186e-09
7.93804e-09
1.28894e-09
-6.98992e-09
-7.48161e-09
-2.51144e-09
-2.40376e-09
-4.33858e-09
1.99357e-09
7.79621e-09
-7.32795e-10
-4.60511e-09
2.94649e-09
4.42446e-09
-3.03396e-09
-5.19588e-09
3.48285e-10
4.08546e-09
3.85793e-09
2.9112e-09
-7.94517e-10
-1.8973e-09
-2.30157e-09
-2.73241e-09
-3.7749e-10
2.09097e-10
4.9657e-10
1.64863e-09
1.0647e-09
-2.4229e-10
-5.62455e-10
-1.46665e-09
-2.70004e-09
-4.59672e-09
-5.01728e-09
-3.64671e-09
-2.01384e-09
7.57435e-10
3.17938e-09
-4.70645e-10
-2.33791e-09
-2.90888e-09
-3.45017e-09
-7.13876e-09
-7.71543e-09
-2.98132e-09
-2.46279e-09
-5.9473e-10
1.99875e-09
3.83453e-09
4.59057e-09
4.58869e-09
2.94792e-09
-4.1173e-10
3.7983e-10
5.34702e-09
2.68742e-09
-3.78403e-09
-5.40226e-09
-2.66257e-10
2.668e-09
7.00055e-10
3.38284e-09
-6.27995e-10
-8.68986e-09
-7.99444e-09
3.23098e-09
7.44851e-09
2.46066e-09
-2.51181e-09
-2.37287e-09
2.84072e-09
-7.19949e-10
3.40865e-10
-1.32211e-09
-1.82044e-09
)
;
    }
    outlet
    {
        type            cyclic;
        value           nonuniform List<scalar> 
500
(
-4.8397e-10
1.19758e-09
5.45002e-09
7.16275e-09
6.96418e-09
4.25044e-09
2.03402e-09
-7.7536e-10
-5.7845e-09
-8.81511e-09
-5.3109e-09
-4.45805e-10
-6.96239e-10
-3.89129e-09
-2.03766e-09
-1.77379e-09
9.8915e-10
2.66013e-09
2.15871e-09
1.47047e-09
3.44086e-09
1.21988e-09
-3.82233e-09
-5.31563e-09
-3.19129e-09
-3.91206e-09
-6.24789e-09
-2.07839e-09
6.80796e-09
9.17387e-09
7.38541e-09
9.43779e-09
6.43133e-09
1.01256e-09
-1.02809e-08
-1.08758e-08
-6.11225e-10
4.15228e-09
-7.74175e-10
-4.75378e-09
9.47689e-10
4.56838e-09
-2.96181e-09
-3.42824e-09
-5.77245e-10
2.70049e-10
3.97428e-10
1.19427e-09
-5.626e-11
-1.30419e-09
-1.19091e-10
4.43015e-10
3.20476e-09
6.30203e-09
6.62055e-09
2.81705e-09
1.25988e-09
4.4005e-10
-2.6821e-09
-3.52799e-09
-3.41658e-09
-2.11522e-09
-2.10207e-09
-1.48815e-10
8.96675e-10
-1.86445e-10
-3.93846e-09
-7.48266e-09
-7.08124e-09
-3.66195e-09
6.24444e-09
5.22482e-09
1.32769e-09
1.1959e-09
2.64611e-09
1.37389e-09
2.61843e-10
3.32419e-10
1.86216e-09
7.31369e-09
5.50068e-09
7.48935e-09
9.12945e-09
-7.3238e-11
-2.85932e-09
-4.41264e-09
-3.73024e-09
-4.53189e-09
-3.87116e-09
-3.74247e-09
-6.87545e-10
2.85325e-09
1.83459e-10
-5.99182e-09
-4.78508e-09
4.71303e-10
3.72111e-09
2.49654e-09
4.99218e-10
1.86275e-10
4.52129e-10
1.92351e-09
3.70332e-09
2.6962e-09
2.87035e-09
2.40699e-09
1.19985e-09
4.08435e-10
1.34009e-09
3.56155e-09
3.64235e-09
2.51216e-09
-8.01225e-10
-7.94485e-10
1.06836e-09
-2.90268e-09
-7.58711e-09
-7.83504e-09
-7.73861e-09
-6.28803e-09
-5.10807e-09
-4.58215e-09
-5.36724e-09
-5.33755e-09
-6.6706e-10
3.77532e-09
6.37073e-09
1.17175e-08
1.02353e-08
4.825e-09
3.1679e-09
6.14752e-09
5.74802e-09
4.14876e-09
-1.36116e-09
-8.51267e-09
-8.70073e-09
-3.84666e-09
1.16483e-09
4.899e-11
-1.79995e-09
1.00525e-09
-3.8935e-11
-2.44509e-09
-3.34091e-09
-7.3e-11
1.02298e-09
9.7285e-11
1.31903e-09
3.882e-12
1.30901e-09
6.05098e-09
6.21597e-09
4.09883e-09
3.2014e-09
-3.24675e-10
-4.62972e-09
-7.05966e-09
-2.84192e-09
2.45963e-09
3.71541e-09
2.98888e-09
-5.5057e-10
-3.40523e-09
-3.10749e-09
-1.90707e-09
-2.30363e-09
-3.17181e-09
-3.15562e-09
-3.3108e-10
1.96589e-09
3.5088e-09
1.61648e-09
1.9183e-09
-2.15407e-09
-4.74119e-09
-1.26885e-09
4.37647e-09
2.94525e-09
-4.27609e-09
-3.73601e-09
2.52056e-09
7.77987e-09
9.46232e-09
1.88471e-09
-5.48141e-09
-9.00774e-09
-3.01095e-09
3.98201e-09
4.16607e-10
-2.19433e-09
-1.28735e-10
-2.14418e-09
-4.73281e-09
3.14992e-09
-1.55469e-09
-3.52203e-09
-9.00099e-10
-5.15333e-10
3.1175e-12
-1.20187e-09
-2.35446e-09
-1.91192e-09
1.03636e-09
2.14405e-09
1.97902e-09
2.48627e-09
2.79327e-09
3.40888e-09
4.48362e-09
4.65629e-09
3.67073e-09
1.12548e-09
5.21539e-10
-2.41202e-10
-4.33485e-09
-7.60778e-09
-1.13847e-08
-1.32223e-08
-1.1837e-08
-6.24195e-09
-8.4868e-10
3.75202e-09
9.71622e-09
1.09209e-08
5.01977e-09
-5.96934e-09
-5.55634e-09
-1.24383e-09
-3.46486e-09
-3.26165e-10
7.47072e-09
1.07693e-08
7.13238e-09
-1.20096e-09
-9.83156e-09
-6.39725e-09
4.49161e-09
1.60933e-09
-5.54111e-09
4.50428e-10
1.65805e-09
1.19304e-10
-5.7078e-10
3.29472e-09
-9.62125e-10
-4.69034e-09
-2.18815e-10
6.9113e-10
-1.0328e-09
-4.8397e-10
1.19758e-09
5.45002e-09
7.16275e-09
6.96418e-09
4.25044e-09
2.03402e-09
-7.7536e-10
-5.7845e-09
-8.81511e-09
-5.3109e-09
-4.45805e-10
-6.96239e-10
-3.89129e-09
-2.03766e-09
-1.77379e-09
9.8915e-10
2.66013e-09
2.15871e-09
1.47047e-09
3.44086e-09
1.21988e-09
-3.82233e-09
-5.31563e-09
-3.19129e-09
-3.91206e-09
-6.24789e-09
-2.07839e-09
6.80796e-09
9.17387e-09
7.38541e-09
9.43779e-09
6.43133e-09
1.01256e-09
-1.02809e-08
-1.08758e-08
-6.11225e-10
4.15228e-09
-7.74175e-10
-4.75378e-09
9.47689e-10
4.56838e-09
-2.96181e-09
-3.42824e-09
-5.77245e-10
2.70049e-10
3.97428e-10
1.19427e-09
-5.626e-11
-1.30419e-09
-1.19091e-10
4.43015e-10
3.20476e-09
6.30203e-09
6.62055e-09
2.81705e-09
1.25988e-09
4.4005e-10
-2.6821e-09
-3.52799e-09
-3.41658e-09
-2.11522e-09
-2.10207e-09
-1.48815e-10
8.96675e-10
-1.86445e-10
-3.93846e-09
-7.48266e-09
-7.08124e-09
-3.66195e-09
6.24444e-09
5.22482e-09
1.32769e-09
1.1959e-09
2.64611e-09
1.37389e-09
2.61843e-10
3.32419e-10
1.86216e-09
7.31369e-09
5.50068e-09
7.48935e-09
9.12945e-09
-7.3238e-11
-2.85932e-09
-4.41264e-09
-3.73024e-09
-4.53189e-09
-3.87116e-09
-3.74247e-09
-6.87545e-10
2.85325e-09
1.83459e-10
-5.99182e-09
-4.78508e-09
4.71303e-10
3.72111e-09
2.49654e-09
4.99218e-10
1.86275e-10
4.52129e-10
1.92351e-09
3.70332e-09
2.6962e-09
2.87035e-09
2.40699e-09
1.19985e-09
4.08435e-10
1.34009e-09
3.56155e-09
3.64235e-09
2.51216e-09
-8.01225e-10
-7.94485e-10
1.06836e-09
-2.90268e-09
-7.58711e-09
-7.83504e-09
-7.73861e-09
-6.28803e-09
-5.10807e-09
-4.58215e-09
-5.36724e-09
-5.33755e-09
-6.6706e-10
3.77532e-09
6.37073e-09
1.17175e-08
1.02353e-08
4.825e-09
3.1679e-09
6.14752e-09
5.74802e-09
4.14876e-09
-1.36116e-09
-8.51267e-09
-8.70073e-09
-3.84666e-09
1.16483e-09
4.899e-11
-1.79995e-09
1.00525e-09
-3.8935e-11
-2.44509e-09
-3.34091e-09
-7.3e-11
1.02298e-09
9.7285e-11
1.31903e-09
3.882e-12
1.30901e-09
6.05098e-09
6.21597e-09
4.09883e-09
3.2014e-09
-3.24675e-10
-4.62972e-09
-7.05966e-09
-2.84192e-09
2.45963e-09
3.71541e-09
2.98888e-09
-5.5057e-10
-3.40523e-09
-3.10749e-09
-1.90707e-09
-2.30363e-09
-3.17181e-09
-3.15562e-09
-3.3108e-10
1.96589e-09
3.5088e-09
1.61648e-09
1.9183e-09
-2.15407e-09
-4.74119e-09
-1.26885e-09
4.37647e-09
2.94525e-09
-4.27609e-09
-3.73601e-09
2.52056e-09
7.77987e-09
9.46232e-09
1.88471e-09
-5.48141e-09
-9.00774e-09
-3.01095e-09
3.98201e-09
4.16607e-10
-2.19433e-09
-1.28735e-10
-2.14418e-09
-4.73281e-09
3.14992e-09
-1.55469e-09
-3.52203e-09
-9.00099e-10
-5.15333e-10
3.1175e-12
-1.20187e-09
-2.35446e-09
-1.91192e-09
1.03636e-09
2.14405e-09
1.97902e-09
2.48627e-09
2.79327e-09
3.40888e-09
4.48362e-09
4.65629e-09
3.67073e-09
1.12548e-09
5.21539e-10
-2.41202e-10
-4.33485e-09
-7.60778e-09
-1.13847e-08
-1.32223e-08
-1.1837e-08
-6.24195e-09
-8.4868e-10
3.75202e-09
9.71622e-09
1.09209e-08
5.01977e-09
-5.96934e-09
-5.55634e-09
-1.24383e-09
-3.46486e-09
-3.26165e-10
7.47072e-09
1.07693e-08
7.13238e-09
-1.20096e-09
-9.83156e-09
-6.39725e-09
4.49161e-09
1.60933e-09
-5.54111e-09
4.50428e-10
1.65805e-09
1.19304e-10
-5.7078e-10
3.29472e-09
-9.62125e-10
-4.69034e-09
-2.18815e-10
6.9113e-10
-1.0328e-09
)
;
    }
    sideLeft
    {
        type            cyclic;
        value           nonuniform List<scalar> 
500
(
2.73825e-10
6.1144e-10
-4.72671e-10
-3.35753e-09
-5.53996e-09
-4.03689e-09
1.57456e-09
5.48586e-09
6.89657e-09
5.02491e-09
3.57543e-09
7.10276e-10
-1.09873e-09
-1.9053e-09
-3.04995e-09
-1.03302e-09
5.3818e-10
2.07267e-09
7.23345e-10
-4.28941e-09
-6.32247e-09
-2.00429e-09
3.57431e-09
7.78434e-09
8.95052e-09
6.53984e-09
2.63471e-09
1.33273e-09
-3.8986e-09
-4.31868e-09
5.6498e-10
2.507e-11
-3.93401e-09
-2.72564e-09
-7.5174e-10
-2.24443e-09
3.36615e-09
3.41306e-09
-3.4371e-09
-3.38857e-09
-3.40655e-09
-2.95217e-09
1.93645e-10
3.12553e-09
1.8275e-09
2.55465e-10
-2.17389e-09
-2.16558e-09
1.30217e-09
7.47929e-10
-1.34977e-09
-3.02529e-09
-1.92138e-09
-8.1547e-10
2.77681e-09
5.66096e-09
5.35451e-09
3.66299e-09
1.56304e-09
1.00795e-09
-1.18444e-09
-2.31123e-09
-2.14698e-09
-8.77576e-10
1.8949e-10
6.19105e-09
7.08887e-09
1.03636e-09
-4.22251e-09
-5.15369e-09
-2.20305e-09
2.39659e-09
4.6574e-09
6.2442e-10
-1.50214e-09
-2.43215e-09
-4.53405e-10
-7.9055e-11
1.59025e-10
3.51221e-09
6.611e-10
-8.8727e-10
-2.45271e-09
-3.56162e-09
2.99728e-09
1.78594e-09
1.10275e-10
2.34942e-09
1.32803e-09
-2.29763e-09
-5.60534e-09
-7.07425e-09
-9.54773e-10
2.54415e-09
-4.44415e-10
-3.09617e-10
6.17e-12
2.37552e-09
6.1242e-10
-4.76827e-10
1.80895e-10
-8.75501e-10
-3.50884e-09
-5.8546e-10
5.46262e-09
5.82571e-09
3.43566e-09
1.01514e-09
9.2951e-10
1.55976e-09
-3.74103e-10
-4.00332e-09
-3.63578e-09
-1.49558e-09
9.9357e-10
-1.65402e-09
-9.33685e-10
1.60888e-09
2.9562e-09
4.47921e-09
2.23109e-09
-1.38841e-09
-2.01686e-09
-3.97479e-09
-5.44547e-09
-4.90543e-09
-3.16747e-09
-5.30613e-09
-5.33449e-09
-1.86299e-09
1.07928e-09
4.22363e-09
5.53738e-09
6.48234e-09
1.57469e-09
-4.32966e-10
-2.57401e-09
-2.61085e-09
2.47454e-09
3.20483e-09
-6.66335e-10
1.10576e-09
1.81465e-10
-9.6764e-10
1.68727e-09
-1.92697e-10
-6.1416e-10
-4.06099e-11
-1.01228e-09
-1.01008e-09
4.95215e-11
7.26938e-10
1.73538e-09
1.37997e-09
-8.7335e-10
-3.63151e-09
-7.57597e-09
-7.27839e-09
-4.62606e-09
-4.1511e-10
2.22826e-09
4.94244e-09
4.72336e-09
2.42443e-09
2.4065e-11
-3.02207e-09
-7.21408e-09
-5.84093e-09
-1.28558e-09
4.54453e-09
5.35791e-09
4.53572e-09
7.979e-11
-3.26205e-10
-2.74124e-09
-1.58814e-09
-3.00322e-10
-3.7312e-10
2.45512e-09
-1.15326e-10
-2.83976e-09
-1.63575e-09
1.59535e-09
2.65148e-09
2.91619e-10
-8.0886e-10
-3.18947e-09
3.6355e-10
-5.13744e-10
2.61495e-10
2.51633e-09
4.29626e-09
2.32133e-09
-2.14223e-09
-2.09377e-09
-5.5141e-10
6.15385e-10
-4.04145e-10
-5.8068e-10
3.49248e-10
4.54846e-10
1.93787e-09
2.63272e-09
1.42737e-09
-2.84337e-09
-5.01672e-09
-3.54334e-09
-3.09187e-09
-5.3173e-09
-6.33006e-09
-3.52193e-09
2.05435e-09
4.45155e-09
3.5958e-09
2.25998e-09
-1.52965e-09
-1.09818e-09
-1.53545e-10
2.28275e-10
-9.20415e-10
7.66e-12
-3.25359e-09
-4.91543e-09
-2.10919e-09
2.08523e-09
2.4708e-09
6.7883e-10
2.13635e-09
4.07397e-09
2.65181e-09
-3.2297e-10
-1.24048e-09
-2.7003e-10
-2.79517e-09
-4.25234e-09
1.2387e-09
1.83133e-09
-2.89522e-09
-2.16307e-09
-1.27035e-10
5.45781e-09
4.28429e-09
-2.19394e-09
-3.10439e-09
-1.38976e-09
5.13531e-10
2.36298e-09
-3.41287e-10
-1.73375e-10
1.14163e-09
2.73825e-10
6.1144e-10
-4.72671e-10
-3.35753e-09
-5.53996e-09
-4.03689e-09
1.57456e-09
5.48586e-09
6.89657e-09
5.02491e-09
3.57543e-09
7.10276e-10
-1.09873e-09
-1.9053e-09
-3.04995e-09
-1.03302e-09
5.3818e-10
2.07267e-09
7.23345e-10
-4.28941e-09
-6.32247e-09
-2.00429e-09
3.57431e-09
7.78434e-09
8.95052e-09
6.53984e-09
2.63471e-09
1.33273e-09
-3.8986e-09
-4.31868e-09
5.6498e-10
2.507e-11
-3.93401e-09
-2.72565e-09
-7.5174e-10
-2.24443e-09
3.36615e-09
3.41306e-09
-3.4371e-09
-3.38857e-09
-3.40655e-09
-2.95217e-09
1.93645e-10
3.12553e-09
1.8275e-09
2.55465e-10
-2.17389e-09
-2.16558e-09
1.30217e-09
7.47929e-10
-1.34977e-09
-3.02529e-09
-1.92138e-09
-8.1547e-10
2.77681e-09
5.66096e-09
5.35451e-09
3.66299e-09
1.56304e-09
1.00795e-09
-1.18444e-09
-2.31123e-09
-2.14698e-09
-8.77576e-10
1.8949e-10
6.19105e-09
7.08887e-09
1.03636e-09
-4.22251e-09
-5.15369e-09
-2.20305e-09
2.39659e-09
4.6574e-09
6.2442e-10
-1.50214e-09
-2.43215e-09
-4.53405e-10
-7.9055e-11
1.59025e-10
3.51221e-09
6.611e-10
-8.8727e-10
-2.45271e-09
-3.56162e-09
2.99728e-09
1.78594e-09
1.10275e-10
2.34942e-09
1.32803e-09
-2.29763e-09
-5.60534e-09
-7.07425e-09
-9.54773e-10
2.54415e-09
-4.44415e-10
-3.09617e-10
6.17e-12
2.37552e-09
6.1242e-10
-4.76827e-10
1.80895e-10
-8.75501e-10
-3.50884e-09
-5.8546e-10
5.46262e-09
5.82571e-09
3.43566e-09
1.01514e-09
9.2951e-10
1.55976e-09
-3.74103e-10
-4.00332e-09
-3.63578e-09
-1.49558e-09
9.9357e-10
-1.65402e-09
-9.33685e-10
1.60888e-09
2.9562e-09
4.47921e-09
2.23109e-09
-1.38841e-09
-2.01686e-09
-3.97479e-09
-5.44547e-09
-4.90543e-09
-3.16747e-09
-5.30613e-09
-5.33449e-09
-1.86299e-09
1.07928e-09
4.22363e-09
5.53738e-09
6.48234e-09
1.57469e-09
-4.32966e-10
-2.57401e-09
-2.61085e-09
2.47454e-09
3.20483e-09
-6.66335e-10
1.10576e-09
1.81465e-10
-9.6764e-10
1.68727e-09
-1.92697e-10
-6.1416e-10
-4.06099e-11
-1.01228e-09
-1.01008e-09
4.95215e-11
7.26938e-10
1.73538e-09
1.37997e-09
-8.7335e-10
-3.63151e-09
-7.57597e-09
-7.27839e-09
-4.62606e-09
-4.1511e-10
2.22826e-09
4.94244e-09
4.72336e-09
2.42443e-09
2.4065e-11
-3.02207e-09
-7.21408e-09
-5.84093e-09
-1.28558e-09
4.54453e-09
5.35791e-09
4.53572e-09
7.979e-11
-3.26205e-10
-2.74124e-09
-1.58814e-09
-3.00322e-10
-3.7312e-10
2.45512e-09
-1.15326e-10
-2.83977e-09
-1.63575e-09
1.59535e-09
2.65148e-09
2.91619e-10
-8.0886e-10
-3.18947e-09
3.6355e-10
-5.13744e-10
2.61495e-10
2.51633e-09
4.29626e-09
2.32133e-09
-2.14223e-09
-2.09377e-09
-5.5141e-10
6.15385e-10
-4.04145e-10
-5.8068e-10
3.49248e-10
4.54846e-10
1.93786e-09
2.63271e-09
1.42737e-09
-2.84337e-09
-5.01672e-09
-3.54334e-09
-3.09187e-09
-5.3173e-09
-6.33006e-09
-3.52193e-09
2.05435e-09
4.45155e-09
3.5958e-09
2.25998e-09
-1.52965e-09
-1.09818e-09
-1.53545e-10
2.28275e-10
-9.20415e-10
7.66e-12
-3.25359e-09
-4.91543e-09
-2.10919e-09
2.08523e-09
2.4708e-09
6.7883e-10
2.13635e-09
4.07397e-09
2.65181e-09
-3.2297e-10
-1.24048e-09
-2.7003e-10
-2.79517e-09
-4.25234e-09
1.2387e-09
1.83133e-09
-2.89522e-09
-2.16307e-09
-1.27035e-10
5.45781e-09
4.28429e-09
-2.19394e-09
-3.10439e-09
-1.38976e-09
5.13531e-10
2.36298e-09
-3.41287e-10
-1.73375e-10
1.14163e-09
)
;
    }
    sideRight
    {
        type            cyclic;
        value           nonuniform List<scalar> 
500
(
-4.50643e-10
-4.26805e-10
1.06699e-09
3.22556e-09
2.51176e-09
1.33647e-09
-5.3692e-10
-2.31307e-09
-8.90451e-10
5.0941e-10
1.20566e-09
2.36811e-09
2.05606e-09
7.7287e-10
-2.94135e-10
-2.21878e-09
-5.25061e-09
-1.15327e-08
-1.18504e-08
-4.26488e-09
8.90435e-10
2.27585e-09
3.56924e-09
5.36059e-09
6.1296e-10
-1.69581e-09
9.94255e-10
3.25709e-09
3.98226e-09
3.88686e-09
-2.27525e-09
-8.0846e-09
-5.63933e-09
2.86144e-09
2.65421e-09
-2.35249e-09
1.06524e-09
6.1911e-10
-6.67237e-09
-3.878e-09
-9.5e-11
1.49641e-09
3.56298e-09
3.674e-09
2.9016e-10
1.80041e-09
-3.10819e-10
-2.74974e-09
-1.62284e-09
7.75915e-10
-3.57471e-10
-2.35222e-09
-1.59175e-09
3.06402e-09
3.47306e-09
1.50865e-09
2.86241e-09
3.56176e-09
2.49048e-09
1.79138e-09
-8.387e-10
-1.41695e-09
4.32315e-10
-4.3405e-11
-2.43421e-09
-1.82536e-09
-1.62301e-09
-2.36156e-09
-7.42032e-10
3.006e-09
4.70222e-09
2.87742e-09
-1.61085e-09
-7.81311e-09
-1.37112e-08
-1.28227e-08
7.9385e-11
4.37006e-09
2.53341e-09
3.76375e-09
5.94275e-09
5.673e-10
-4.60103e-09
-4.33332e-09
1.2505e-11
2.05267e-09
4.89055e-10
3.656e-09
1.63275e-09
-1.45729e-09
-3.04803e-09
-5.70336e-09
1.8417e-10
3.60113e-09
2.8492e-09
-9.6865e-11
-2.01632e-09
-9.58059e-10
1.1873e-09
1.29405e-10
2.11509e-09
3.86894e-09
4.22989e-09
4.7355e-11
-2.71948e-09
-4.71259e-09
-3.64644e-09
-2.57268e-09
-9.6532e-10
2.13664e-09
3.29139e-09
4.74034e-09
1.28121e-09
-2.46822e-09
-4.47004e-09
-6.28707e-09
-2.78873e-09
5.13331e-09
8.45649e-09
2.73344e-09
-1.41605e-09
-2.12517e-09
-2.05704e-09
-2.53556e-09
8.527e-11
1.10938e-09
-4.37478e-09
-4.12477e-09
-1.42575e-09
-1.30651e-09
4.71991e-09
1.87261e-09
-4.13223e-09
7.8784e-10
1.86311e-09
-1.83985e-10
-6.4959e-10
-1.8875e-10
3.24288e-09
3.55679e-09
-1.58855e-10
-1.4885e-09
-1.33612e-09
2.199e-10
7.6332e-10
-2.4688e-09
-1.01426e-10
2.12308e-09
-1.53968e-10
-8.8977e-10
-6.65297e-10
7.5355e-10
5.0058e-10
-1.372e-09
-4.65355e-10
1.18825e-09
3.5828e-10
-4.88235e-10
-3.46259e-09
-6.85839e-09
-4.0255e-09
-1.99219e-09
6.1141e-10
2.7337e-09
3.90494e-09
3.74474e-09
6.3696e-10
3.73984e-09
2.09253e-09
-2.83017e-09
-5.5677e-09
-3.01891e-09
-1.38751e-09
1.19328e-09
5.84395e-09
6.76855e-09
7.41185e-10
-3.80236e-09
-2.88601e-09
-1.3546e-09
-4.31688e-09
3.11594e-09
7.26317e-09
-2.36591e-09
-3.58773e-09
-2.00342e-09
-2.65588e-09
-1.03443e-09
1.50602e-09
1.68192e-09
2.1633e-09
6.90018e-10
-9.93405e-10
-1.88048e-09
-2.35842e-09
-1.57673e-09
1.99057e-09
2.08883e-09
1.5243e-10
-1.6344e-10
-9.73353e-10
-2.49409e-09
-5.42136e-09
-6.39194e-09
-4.5011e-09
-1.21962e-09
-6.71765e-10
6.45805e-10
1.78897e-09
1.97545e-09
1.92275e-10
-3.48108e-09
-4.1365e-09
-8.35695e-10
2.14508e-09
3.62255e-09
3.8046e-09
1.85e-12
-3.35149e-09
-2.20999e-09
-8.726e-10
-9.2728e-10
1.6272e-09
5.52466e-09
8.73963e-09
6.49178e-09
-6.28085e-10
-3.18525e-09
-5.51023e-09
-7.8771e-09
-7.59078e-09
-1.58237e-09
4.49472e-09
2.11032e-09
-1.52173e-09
-6.355e-11
5.4145e-10
-4.23167e-09
-9.44033e-10
-9.06995e-10
2.25717e-09
6.24807e-09
-1.04384e-10
-4.52364e-09
-9.2844e-10
2.5539e-09
-3.69905e-10
-1.7245e-09
1.98665e-10
8.05072e-10
-4.50643e-10
-4.26805e-10
1.06699e-09
3.22556e-09
2.51176e-09
1.33647e-09
-5.3692e-10
-2.31307e-09
-8.90451e-10
5.0941e-10
1.20566e-09
2.36811e-09
2.05606e-09
7.7287e-10
-2.94135e-10
-2.21878e-09
-5.25061e-09
-1.15327e-08
-1.18504e-08
-4.26488e-09
8.90435e-10
2.27585e-09
3.56924e-09
5.36059e-09
6.1296e-10
-1.69581e-09
9.94255e-10
3.25709e-09
3.98226e-09
3.88686e-09
-2.27525e-09
-8.0846e-09
-5.63933e-09
2.86144e-09
2.65421e-09
-2.35249e-09
1.06524e-09
6.1911e-10
-6.67237e-09
-3.878e-09
-9.5e-11
1.49641e-09
3.56298e-09
3.674e-09
2.9016e-10
1.80041e-09
-3.10819e-10
-2.74974e-09
-1.62284e-09
7.75915e-10
-3.57471e-10
-2.35222e-09
-1.59175e-09
3.06402e-09
3.47306e-09
1.50865e-09
2.86241e-09
3.56176e-09
2.49048e-09
1.79138e-09
-8.387e-10
-1.41695e-09
4.32315e-10
-4.3405e-11
-2.43421e-09
-1.82536e-09
-1.62301e-09
-2.36156e-09
-7.42032e-10
3.006e-09
4.70222e-09
2.87742e-09
-1.61085e-09
-7.81311e-09
-1.37112e-08
-1.28227e-08
7.9385e-11
4.37006e-09
2.53341e-09
3.76375e-09
5.94275e-09
5.673e-10
-4.60103e-09
-4.33332e-09
1.2505e-11
2.05267e-09
4.89055e-10
3.656e-09
1.63275e-09
-1.45729e-09
-3.04803e-09
-5.70336e-09
1.8417e-10
3.60113e-09
2.8492e-09
-9.6865e-11
-2.01632e-09
-9.58059e-10
1.1873e-09
1.29405e-10
2.11509e-09
3.86894e-09
4.22989e-09
4.7355e-11
-2.71948e-09
-4.71259e-09
-3.64644e-09
-2.57268e-09
-9.6532e-10
2.13664e-09
3.29139e-09
4.74034e-09
1.28121e-09
-2.46822e-09
-4.47004e-09
-6.28707e-09
-2.78873e-09
5.13331e-09
8.45649e-09
2.73344e-09
-1.41605e-09
-2.12517e-09
-2.05704e-09
-2.53556e-09
8.527e-11
1.10938e-09
-4.37478e-09
-4.12477e-09
-1.42575e-09
-1.30651e-09
4.71991e-09
1.87261e-09
-4.13223e-09
7.8784e-10
1.86311e-09
-1.83985e-10
-6.4959e-10
-1.8875e-10
3.24288e-09
3.55679e-09
-1.58855e-10
-1.4885e-09
-1.33612e-09
2.199e-10
7.6332e-10
-2.4688e-09
-1.01426e-10
2.12308e-09
-1.53968e-10
-8.8977e-10
-6.65297e-10
7.5355e-10
5.0058e-10
-1.372e-09
-4.65355e-10
1.18825e-09
3.5828e-10
-4.88235e-10
-3.46259e-09
-6.85839e-09
-4.0255e-09
-1.99219e-09
6.1141e-10
2.7337e-09
3.90494e-09
3.74474e-09
6.3696e-10
3.73984e-09
2.09253e-09
-2.83017e-09
-5.5677e-09
-3.01891e-09
-1.38751e-09
1.19328e-09
5.84395e-09
6.76855e-09
7.41185e-10
-3.80236e-09
-2.88601e-09
-1.3546e-09
-4.31688e-09
3.11594e-09
7.26317e-09
-2.36591e-09
-3.58773e-09
-2.00342e-09
-2.65588e-09
-1.03443e-09
1.50602e-09
1.68192e-09
2.1633e-09
6.90018e-10
-9.93405e-10
-1.88048e-09
-2.35842e-09
-1.57673e-09
1.99057e-09
2.08883e-09
1.5243e-10
-1.6344e-10
-9.73353e-10
-2.49409e-09
-5.42136e-09
-6.39194e-09
-4.5011e-09
-1.21962e-09
-6.71765e-10
6.45805e-10
1.78897e-09
1.97545e-09
1.92275e-10
-3.48108e-09
-4.1365e-09
-8.35695e-10
2.14508e-09
3.62255e-09
3.8046e-09
1.85e-12
-3.35149e-09
-2.20999e-09
-8.726e-10
-9.2728e-10
1.6272e-09
5.52466e-09
8.73963e-09
6.49178e-09
-6.28085e-10
-3.18525e-09
-5.51023e-09
-7.8771e-09
-7.59078e-09
-1.58237e-09
4.49472e-09
2.11032e-09
-1.52173e-09
-6.355e-11
5.4145e-10
-4.23167e-09
-9.44033e-10
-9.06995e-10
2.25717e-09
6.24807e-09
-1.04384e-10
-4.52364e-09
-9.2844e-10
2.5539e-09
-3.69905e-10
-1.7245e-09
1.98665e-10
8.05072e-10
)
;
    }
    top
    {
        type            symmetryPlane;
        value           uniform 0;
    }
    bottomRoughWall
    {
        type            calculated;
        value           uniform 0;
    }
}


// ************************************************************************* //
