0.0101525 6.52137 	1.68627 	2.35106e-07 	
0.0308529 8.42035 	2.09052 	6.9196e-07 	
0.0523594 9.4419 	2.26988 	1.0774e-06 	
0.0747033 10.1489 	2.37034 	1.3575e-06 	
0.0979172 10.6918 	2.43051 	1.54499e-06 	
0.122035 11.1353 	2.46642 	1.65578e-06 	
0.147092 11.5124 	2.48603 	1.7046e-06 	
0.173125 11.8421 	2.49383 	1.70218e-06 	
0.200171 12.1362 	2.49255 	1.65812e-06 	
0.228271 12.4025 	2.48398 	1.57982e-06 	
0.257464 12.6464 	2.46935 	1.47464e-06 	
0.287795 12.872 	2.44953 	1.34855e-06 	
0.319306 13.0822 	2.42516 	1.20709e-06 	
0.352045 13.2791 	2.39673 	1.0547e-06 	
0.386058 13.4644 	2.36462 	8.95769e-07 	
0.421396 13.6397 	2.32913 	7.33224e-07 	
0.45811 13.8059 	2.2905 	5.68926e-07 	
0.496253 13.964 	2.24893 	4.03505e-07 	
0.535882 14.1146 	2.2046 	2.38315e-07 	
0.577054 14.2584 	2.15765 	7.09117e-08 	
0.619829 14.3958 	2.10821 	-9.93397e-08 	
0.664269 14.5274 	2.05639 	-2.61725e-07 	
0.71044 14.6533 	2.00232 	-4.08966e-07 	
0.758409 14.774 	1.9461 	-5.39499e-07 	
0.808246 14.8896 	1.88782 	-6.52528e-07 	
0.860024 15.0003 	1.8276 	-7.48703e-07 	
0.913817 15.1064 	1.76554 	-8.28597e-07 	
0.969705 15.2079 	1.70176 	-8.9315e-07 	
1.02777 15.3049 	1.63637 	-9.43208e-07 	
1.0881 15.3976 	1.56952 	-9.79708e-07 	
1.15077 15.486 	1.50136 	-1.00323e-06 	
1.21588 15.5702 	1.43205 	-1.0146e-06 	
1.28354 15.6502 	1.36179 	-1.01464e-06 	
1.35382 15.726 	1.2908 	-1.00431e-06 	
1.42684 15.7976 	1.21932 	-9.84618e-07 	
1.50271 15.8651 	1.14767 	-9.56514e-07 	
1.58153 15.9284 	1.07619 	-9.19267e-07 	
1.66341 15.9874 	1.00528 	-8.7236e-07 	
1.74849 16.0422 	0.935423 	-8.16346e-07 	
1.83688 16.0927 	0.867161 	-7.5571e-07 	
1.92871 16.1389 	0.801133 	-6.95756e-07 	
2.02412 16.1805 	0.738062 	-6.37034e-07 	
2.12324 16.2177 	0.678747 	-5.81311e-07 	
2.22622 16.2503 	0.62405 	-5.28272e-07 	
2.33321 16.2783 	0.574857 	-4.76631e-07 	
2.44437 16.3017 	0.532031 	-4.26829e-07 	
2.55986 16.3205 	0.496369 	-3.71958e-07 	
2.67984 16.3347 	0.468579 	-2.99109e-07 	
2.8045 16.3444 	0.449309 	-1.9392e-07 	
2.93401 16.3493 	0.439241 	-6.45352e-08 	
