0.0101525 6.52137 1.68629 3.07428
0.0308529 8.42035 2.09054 3.21651
0.0523594 9.4419 2.2699 3.04552
0.0747033 10.1489 2.37036 2.93534
0.0979172 10.6918 2.43053 2.85109
0.122035 11.1353 2.46643 2.77969
0.147092 11.5124 2.48605 2.71543
0.173125 11.8421 2.49385 2.65549
0.200171 12.1362 2.49257 2.59833
0.228271 12.4025 2.48401 2.54303
0.257464 12.6464 2.46937 2.48904
0.287795 12.872 2.44955 2.43596
0.319306 13.0822 2.42518 2.38354
0.352045 13.2791 2.39675 2.33159
0.386058 13.4644 2.36464 2.27997
0.421396 13.6397 2.32915 2.22856
0.45811 13.8059 2.29052 2.17728
0.496253 13.964 2.24895 2.12605
0.535882 14.1146 2.20462 2.07481
0.577054 14.2584 2.15767 2.02352
0.619829 14.3958 2.10823 1.97212
0.664269 14.5274 2.05642 1.92058
0.71044 14.6533 2.00235 1.86885
0.758409 14.774 1.94612 1.81689
0.808246 14.8896 1.88785 1.76468
0.860024 15.0003 1.82762 1.71217
0.913817 15.1064 1.76556 1.65933
0.969705 15.2079 1.70178 1.60614
1.02777 15.3049 1.6364 1.55257
1.0881 15.3976 1.56955 1.49859
1.15077 15.486 1.50138 1.44418
1.21588 15.5702 1.43208 1.38934
1.28354 15.6502 1.36181 1.33407
1.35382 15.726 1.29082 1.27838
1.42684 15.7976 1.21935 1.22233
1.50271 15.8651 1.1477 1.166
1.58153 15.9284 1.07622 1.10949
1.66341 15.9874 1.00531 1.05301
1.74849 16.0422 0.935447 0.996785
1.83688 16.0927 0.867185 0.941176
1.92871 16.1389 0.801157 0.886637
2.02412 16.1805 0.738086 0.833747
2.12324 16.2177 0.678771 0.783218
2.22622 16.2503 0.624074 0.735882
2.33321 16.2783 0.57488 0.692661
2.44437 16.3017 0.532054 0.654514
2.55986 16.3205 0.496392 0.622369
2.67984 16.3347 0.468603 0.597081
2.8045 16.3444 0.449333 0.579422
2.93401 16.3493 0.439264 0.570155
