0.0101525 6.52138 	1.68626 	3.46648e-07 	
0.0308529 8.42036 	2.09051 	7.58842e-07 	
0.0523594 9.44191 	2.26987 	1.06972e-06 	
0.0747033 10.1489 	2.37033 	1.27276e-06 	
0.0979172 10.6918 	2.4305 	1.42233e-06 	
0.122035 11.1353 	2.4664 	1.50925e-06 	
0.147092 11.5124 	2.48602 	1.55184e-06 	
0.173125 11.8421 	2.49382 	1.54932e-06 	
0.200171 12.1362 	2.49254 	1.51232e-06 	
0.228271 12.4025 	2.48397 	1.4446e-06 	
0.257464 12.6464 	2.46934 	1.3536e-06 	
0.287795 12.872 	2.44951 	1.24375e-06 	
0.319306 13.0822 	2.42514 	1.12026e-06 	
0.352045 13.2791 	2.39671 	9.86782e-07 	
0.386058 13.4644 	2.3646 	8.46843e-07 	
0.421396 13.6397 	2.32911 	7.03014e-07 	
0.45811 13.8059 	2.29048 	5.57595e-07 	
0.496253 13.964 	2.24891 	4.12147e-07 	
0.535882 14.1146 	2.20458 	2.68068e-07 	
0.577054 14.2584 	2.15763 	1.26135e-07 	
0.619829 14.3958 	2.10819 	-1.19247e-08 	
0.664269 14.5274 	2.05638 	-1.43032e-07 	
0.71044 14.6533 	2.0023 	-2.65667e-07 	
0.758409 14.774 	1.94608 	-3.79009e-07 	
0.808246 14.8896 	1.8878 	-4.82361e-07 	
0.860024 15.0003 	1.82758 	-5.75411e-07 	
0.913817 15.1064 	1.76552 	-6.57909e-07 	
0.969705 15.2079 	1.70173 	-7.29869e-07 	
1.02777 15.3049 	1.63635 	-7.91253e-07 	
1.0881 15.3976 	1.5695 	-8.42245e-07 	
1.15077 15.486 	1.50134 	-8.82582e-07 	
1.21588 15.5702 	1.43203 	-9.12609e-07 	
1.28354 15.6502 	1.36177 	-9.32399e-07 	
1.35382 15.726 	1.29077 	-9.42534e-07 	
1.42684 15.7976 	1.2193 	-9.42943e-07 	
1.50271 15.8651 	1.14765 	-9.34385e-07 	
1.58153 15.9284 	1.07617 	-9.14566e-07 	
1.66341 15.9874 	1.00526 	-8.8391e-07 	
1.74849 16.0422 	0.935402 	-8.39957e-07 	
1.83688 16.0927 	0.86714 	-7.8933e-07 	
1.92871 16.1389 	0.801113 	-7.38021e-07 	
2.02412 16.1805 	0.738041 	-6.83877e-07 	
2.12324 16.2177 	0.678727 	-6.2931e-07 	
2.22622 16.2503 	0.62403 	-5.71732e-07 	
2.33321 16.2783 	0.574836 	-5.16208e-07 	
2.44437 16.3017 	0.53201 	-4.60619e-07 	
2.55986 16.3205 	0.496349 	-4.09665e-07 	
2.67984 16.3347 	0.468559 	-3.40409e-07 	
2.8045 16.3444 	0.449289 	-2.2441e-07 	
2.93401 16.3493 	0.439221 	-7.67072e-08 	
