0.0101525 6.52137 	1.68629 	-1.99105e-07 	
0.0308529 8.42035 	2.09054 	-3.55355e-07 	
0.0523594 9.4419 	2.2699 	-4.38642e-07 	
0.0747033 10.1489 	2.37036 	-5.02692e-07 	
0.0979172 10.6918 	2.43053 	-5.79281e-07 	
0.122035 11.1353 	2.46643 	-6.66493e-07 	
0.147092 11.5124 	2.48605 	-7.70413e-07 	
0.173125 11.8421 	2.49385 	-8.88656e-07 	
0.200171 12.1362 	2.49257 	-1.02058e-06 	
0.228271 12.4025 	2.48401 	-1.16238e-06 	
0.257464 12.6464 	2.46937 	-1.30951e-06 	
0.287795 12.872 	2.44955 	-1.45819e-06 	
0.319306 13.0822 	2.42518 	-1.60458e-06 	
0.352045 13.2791 	2.39675 	-1.74455e-06 	
0.386058 13.4644 	2.36464 	-1.87486e-06 	
0.421396 13.6397 	2.32915 	-1.99774e-06 	
0.45811 13.8059 	2.29052 	-2.11677e-06 	
0.496253 13.964 	2.24895 	-2.23521e-06 	
0.535882 14.1146 	2.20462 	-2.35636e-06 	
0.577054 14.2584 	2.15767 	-2.47834e-06 	
0.619829 14.3958 	2.10823 	-2.59537e-06 	
0.664269 14.5274 	2.05642 	-2.69441e-06 	
0.71044 14.6533 	2.00235 	-2.76715e-06 	
0.758409 14.774 	1.94612 	-2.81206e-06 	
0.808246 14.8896 	1.88785 	-2.82929e-06 	
0.860024 15.0003 	1.82762 	-2.82079e-06 	
0.913817 15.1064 	1.76556 	-2.7888e-06 	
0.969705 15.2079 	1.70178 	-2.73583e-06 	
1.02777 15.3049 	1.6364 	-2.66436e-06 	
1.0881 15.3976 	1.56955 	-2.57678e-06 	
1.15077 15.486 	1.50138 	-2.47507e-06 	
1.21588 15.5702 	1.43208 	-2.36146e-06 	
1.28354 15.6502 	1.36181 	-2.23823e-06 	
1.35382 15.726 	1.29082 	-2.10744e-06 	
1.42684 15.7976 	1.21935 	-1.97163e-06 	
1.50271 15.8651 	1.1477 	-1.8327e-06 	
1.58153 15.9284 	1.07622 	-1.6923e-06 	
1.66341 15.9874 	1.00531 	-1.5509e-06 	
1.74849 16.0422 	0.935447 	-1.4118e-06 	
1.83688 16.0927 	0.867185 	-1.27908e-06 	
1.92871 16.1389 	0.801157 	-1.15648e-06 	
2.02412 16.1805 	0.738086 	-1.03945e-06 	
2.12324 16.2177 	0.678771 	-9.27431e-07 	
2.22622 16.2503 	0.624074 	-8.22227e-07 	
2.33321 16.2783 	0.57488 	-7.17738e-07 	
2.44437 16.3017 	0.532054 	-6.16399e-07 	
2.55986 16.3205 	0.496392 	-5.06623e-07 	
2.67984 16.3347 	0.468603 	-3.8416e-07 	
2.8045 16.3444 	0.449333 	-2.28904e-07 	
2.93401 16.3493 	0.439264 	-6.75338e-08 	
