0.0101525 5.19161 	2.5716 	-1.70066e-06 	
0.0308529 6.89138 	3.29164 	-3.39266e-06 	
0.0523594 7.92141 	3.66497 	-5.11369e-06 	
0.0747033 8.71481 	3.90739 	-6.4417e-06 	
0.0979172 9.38779 	4.07605 	-7.62844e-06 	
0.122035 9.99073 	4.19445 	-8.63971e-06 	
0.147092 10.549 	4.27371 	-9.50834e-06 	
0.173125 11.0767 	4.31945 	-1.02264e-05 	
0.200171 11.5819 	4.33454 	-1.07912e-05 	
0.228271 12.0693 	4.32035 	-1.11901e-05 	
0.257464 12.5412 	4.2774 	-1.14094e-05 	
0.287795 12.9986 	4.20575 	-1.14315e-05 	
0.319306 13.441 	4.10524 	-1.12382e-05 	
0.352045 13.8673 	3.9757 	-1.08103e-05 	
0.386058 14.2754 	3.81711 	-1.01291e-05 	
0.421396 14.6627 	3.62973 	-9.1782e-06 	
0.45811 15.0258 	3.41426 	-7.94694e-06 	
0.496253 15.3612 	3.17194 	-6.43069e-06 	
0.535882 15.6648 	2.90473 	-4.63129e-06 	
0.577054 15.9326 	2.61542 	-2.55355e-06 	
0.619829 16.1605 	2.30775 	-2.107e-07 	
0.664269 16.3445 	1.98649 	2.37539e-06 	
0.71044 16.4815 	1.65755 	5.16736e-06 	
0.758409 16.5689 	1.32796 	8.09335e-06 	
0.808246 16.6054 	1.00583 	1.10733e-05 	
0.860024 16.5917 	0.700112 	1.39099e-05 	
0.913817 16.5301 	0.420352 	1.62448e-05 	
0.969705 16.4258 	0.176109 	1.75328e-05 	
1.02777 16.2868 	-0.0237733 	1.76252e-05 	
1.0881 16.1239 	-0.172174 	1.69767e-05 	
1.15077 15.9509 	-0.264917 	1.56473e-05 	
1.21588 15.7832 	-0.30213 	1.436e-05 	
1.28354 15.6368 	-0.289477 	1.36891e-05 	
1.35382 15.5257 	-0.238865 	1.27776e-05 	
1.42684 15.4584 	-0.167917 	1.38179e-05 	
1.50271 15.4348 	-0.0973301 	1.59582e-05 	
1.58153 15.4441 	-0.0454282 	1.71808e-05 	
1.66341 15.4673 	-0.0209038 	1.18483e-05 	
1.74849 15.4859 	-0.0184941 	4.20411e-07 	
1.83688 15.4922 	-0.0239912 	-1.03058e-05 	
1.92871 15.491 	-0.0264941 	-1.31833e-05 	
2.02412 15.4898 	-0.0252086 	-1.03116e-05 	
2.12324 15.4905 	-0.0236815 	-5.02863e-06 	
2.22622 15.4918 	-0.023318 	-9.0551e-07 	
2.33321 15.4928 	-0.02382 	1.88195e-06 	
2.44437 15.4932 	-0.0246203 	3.05848e-06 	
2.55986 15.493 	-0.0252519 	2.87348e-06 	
2.67984 15.4926 	-0.0255512 	2.65783e-06 	
2.8045 15.4924 	-0.0256236 	1.71336e-06 	
2.93401 15.4923 	-0.025624 	6.20468e-07 	
