0.0101525 5.19166 	2.57159 	-8.68138e-07 	
0.0308529 6.89143 	3.29164 	-2.5696e-06 	
0.0523594 7.92145 	3.66497 	-4.2475e-06 	
0.0747033 8.71484 	3.90738 	-5.78571e-06 	
0.0979172 9.38783 	4.07604 	-7.12857e-06 	
0.122035 9.99076 	4.19444 	-8.29228e-06 	
0.147092 10.5491 	4.2737 	-9.2939e-06 	
0.173125 11.0768 	4.31944 	-1.01385e-05 	
0.200171 11.582 	4.33453 	-1.0836e-05 	
0.228271 12.0693 	4.32034 	-1.13865e-05 	
0.257464 12.5413 	4.27739 	-1.17753e-05 	
0.287795 12.9986 	4.20574 	-1.19862e-05 	
0.319306 13.4411 	4.10522 	-1.20023e-05 	
0.352045 13.8673 	3.97568 	-1.1809e-05 	
0.386058 14.2754 	3.81709 	-1.1391e-05 	
0.421396 14.6627 	3.62972 	-1.07353e-05 	
0.45811 15.0258 	3.41424 	-9.83162e-06 	
0.496253 15.3612 	3.17192 	-8.67101e-06 	
0.535882 15.6648 	2.90471 	-7.24452e-06 	
0.577054 15.9326 	2.6154 	-5.54529e-06 	
0.619829 16.1605 	2.30772 	-3.57437e-06 	
0.664269 16.3445 	1.98646 	-1.34377e-06 	
0.71044 16.4815 	1.65753 	1.11359e-06 	
0.758409 16.5689 	1.32794 	3.73639e-06 	
0.808246 16.6054 	1.0058 	6.44023e-06 	
0.860024 16.5917 	0.700091 	9.07572e-06 	
0.913817 16.5301 	0.420332 	1.12393e-05 	
0.969705 16.4258 	0.17609 	1.23706e-05 	
1.02777 16.2868 	-0.0237912 	1.23014e-05 	
1.0881 16.1239 	-0.17219 	1.13859e-05 	
1.15077 15.9509 	-0.264932 	9.80707e-06 	
1.21588 15.7832 	-0.302147 	7.93934e-06 	
1.28354 15.6368 	-0.289492 	7.75585e-06 	
1.35382 15.5257 	-0.238874 	8.30936e-06 	
1.42684 15.4583 	-0.167923 	1.09647e-05 	
1.50271 15.4347 	-0.0973279 	1.64364e-05 	
1.58153 15.4441 	-0.0454163 	1.99575e-05 	
1.66341 15.4673 	-0.020886 	1.62159e-05 	
1.74849 15.4859 	-0.0184745 	5.49277e-06 	
1.83688 15.4922 	-0.0239714 	-5.63939e-06 	
1.92871 15.491 	-0.0264729 	-9.2212e-06 	
2.02412 15.4898 	-0.0251882 	-7.2798e-06 	
2.12324 15.4905 	-0.0236629 	-3.00611e-06 	
2.22622 15.4918 	-0.0233018 	1.43394e-07 	
2.33321 15.4928 	-0.0238055 	2.2239e-06 	
2.44437 15.4932 	-0.0246062 	3.04207e-06 	
2.55986 15.493 	-0.0252377 	2.78962e-06 	
2.67984 15.4926 	-0.0255359 	2.65067e-06 	
2.8045 15.4924 	-0.025608 	1.73618e-06 	
2.93401 15.4923 	-0.0256087 	6.31332e-07 	
