/*--------------------------------*- C++ -*----------------------------------*\
| =========                 |                                                 |
| \\      /  F ield         | foam-extend: Open Source CFD                    |
|  \\    /   O peration     | Version:     3.2                                |
|   \\  /    A nd           | Web:         http://www.foam-extend.org         |
|    \\/     M anipulation  | For copyright notice see file Copyright         |
\*---------------------------------------------------------------------------*/
FoamFile
{
    version     2.0;
    format      ascii;
    class       volScalarField;
    location    "2000000";
    object      nut;
}
// * * * * * * * * * * * * * * * * * * * * * * * * * * * * * * * * * * * * * //

dimensions      [0 2 -1 0 0 0 0];

internalField   nonuniform List<scalar> 
5000
(
0.00260129
0.00260129
0.00260129
0.00260129
0.00260129
0.00260129
0.0026013
0.0026013
0.0026013
0.0026013
0.00578472
0.00578472
0.00578472
0.00578471
0.00578471
0.00578471
0.0057847
0.0057847
0.0057847
0.00578468
0.00815838
0.00815838
0.00815838
0.00815838
0.00815837
0.00815837
0.00815836
0.00815836
0.00815836
0.00815834
0.0100212
0.0100212
0.0100212
0.0100212
0.0100212
0.0100212
0.0100212
0.0100212
0.0100212
0.0100212
0.0114078
0.0114078
0.0114078
0.0114078
0.0114078
0.0114078
0.0114078
0.0114078
0.0114077
0.0114077
0.0123961
0.0123961
0.0123961
0.0123961
0.0123961
0.0123961
0.0123961
0.0123961
0.0123961
0.0123961
0.0130619
0.0130619
0.0130619
0.0130619
0.0130619
0.0130619
0.0130619
0.0130619
0.0130619
0.0130618
0.0134689
0.0134689
0.0134689
0.0134689
0.0134689
0.0134688
0.0134688
0.0134688
0.0134688
0.0134688
0.0136687
0.0136687
0.0136687
0.0136687
0.0136687
0.0136687
0.0136687
0.0136687
0.0136687
0.0136687
0.0137027
0.0137027
0.0137027
0.0137027
0.0137027
0.0137027
0.0137027
0.0137027
0.0137027
0.0137027
0.0136039
0.0136039
0.0136039
0.0136039
0.0136039
0.0136039
0.0136039
0.0136039
0.0136039
0.0136039
0.0133987
0.0133987
0.0133987
0.0133987
0.0133987
0.0133987
0.0133987
0.0133987
0.0133987
0.0133986
0.0131081
0.0131081
0.0131081
0.0131081
0.0131081
0.0131081
0.0131081
0.0131081
0.0131081
0.0131081
0.0127493
0.0127493
0.0127492
0.0127492
0.0127492
0.0127492
0.0127492
0.0127492
0.0127492
0.0127492
0.0123358
0.0123358
0.0123358
0.0123358
0.0123358
0.0123358
0.0123358
0.0123358
0.0123358
0.0123358
0.0118789
0.0118789
0.0118789
0.0118789
0.0118789
0.0118789
0.0118789
0.0118789
0.0118789
0.0118789
0.0113875
0.0113875
0.0113875
0.0113875
0.0113875
0.0113875
0.0113875
0.0113875
0.0113875
0.0113875
0.010869
0.010869
0.010869
0.010869
0.010869
0.010869
0.010869
0.010869
0.010869
0.010869
0.0103295
0.0103295
0.0103295
0.0103295
0.0103295
0.0103295
0.0103295
0.0103295
0.0103295
0.0103295
0.0097739
0.0097739
0.00977389
0.00977389
0.00977389
0.00977389
0.00977389
0.00977389
0.00977388
0.00977388
0.00920657
0.00920657
0.00920657
0.00920657
0.00920657
0.00920657
0.00920657
0.00920657
0.00920656
0.00920656
0.00863122
0.00863122
0.00863122
0.00863122
0.00863122
0.00863121
0.00863121
0.00863121
0.00863121
0.00863121
0.00805114
0.00805114
0.00805114
0.00805114
0.00805114
0.00805114
0.00805114
0.00805114
0.00805114
0.00805114
0.00746938
0.00746938
0.00746938
0.00746938
0.00746938
0.00746938
0.00746938
0.00746938
0.00746938
0.00746938
0.00688883
0.00688883
0.00688883
0.00688883
0.00688883
0.00688884
0.00688884
0.00688884
0.00688884
0.00688884
0.00631233
0.00631233
0.00631233
0.00631233
0.00631233
0.00631234
0.00631234
0.00631234
0.00631234
0.00631235
0.00574268
0.00574268
0.00574268
0.00574269
0.00574269
0.00574269
0.00574269
0.00574269
0.0057427
0.0057427
0.00518274
0.00518274
0.00518274
0.00518274
0.00518275
0.00518275
0.00518275
0.00518276
0.00518276
0.00518277
0.00463563
0.00463563
0.00463563
0.00463564
0.00463564
0.00463565
0.00463565
0.00463565
0.00463566
0.00463567
0.0041045
0.00410451
0.00410451
0.00410452
0.00410452
0.00410453
0.00410453
0.00410454
0.00410454
0.00410455
0.00359266
0.00359267
0.00359267
0.00359268
0.00359269
0.00359269
0.0035927
0.0035927
0.00359271
0.00359272
0.00310369
0.00310369
0.0031037
0.00310371
0.00310371
0.00310372
0.00310373
0.00310373
0.00310374
0.00310376
0.00264155
0.00264156
0.00264156
0.00264157
0.00264158
0.00264158
0.00264159
0.0026416
0.0026416
0.00264162
0.00221083
0.00221084
0.00221084
0.00221085
0.00221086
0.00221086
0.00221087
0.00221087
0.00221088
0.0022109
0.00181703
0.00181703
0.00181703
0.00181704
0.00181704
0.00181705
0.00181705
0.00181705
0.00181706
0.00181707
0.00146654
0.00146654
0.00146654
0.00146654
0.00146654
0.00146654
0.00146654
0.00146655
0.00146655
0.00146655
0.00116571
0.0011657
0.0011657
0.0011657
0.0011657
0.0011657
0.0011657
0.00116569
0.00116569
0.00116569
0.000917886
0.000917884
0.000917882
0.000917879
0.000917876
0.000917873
0.00091787
0.000917867
0.000917864
0.000917857
0.000718862
0.000718861
0.000718861
0.00071886
0.00071886
0.000718859
0.000718858
0.000718858
0.000718857
0.000718856
0.000558989
0.00055899
0.000558992
0.000558995
0.000558997
0.000559
0.000559002
0.000559004
0.000559007
0.000559013
0.000436949
0.00043695
0.000436952
0.000436954
0.000436956
0.000436958
0.00043696
0.000436961
0.000436964
0.000436969
0.000352213
0.000352213
0.000352214
0.000352214
0.000352214
0.000352214
0.000352215
0.000352215
0.000352215
0.000352216
0.00029129
0.00029129
0.000291289
0.000291289
0.000291289
0.000291289
0.000291289
0.000291288
0.000291288
0.000291288
0.00024128
0.00024128
0.000241281
0.000241281
0.000241281
0.000241281
0.000241281
0.000241281
0.000241281
0.000241281
0.000199097
0.000199097
0.000199097
0.000199097
0.000199097
0.000199097
0.000199098
0.000199098
0.000199098
0.000199098
0.000166827
0.000166827
0.000166827
0.000166827
0.000166827
0.000166827
0.000166827
0.000166827
0.000166827
0.000166828
0.000144674
0.000144674
0.000144674
0.000144674
0.000144674
0.000144674
0.000144674
0.000144674
0.000144674
0.000144673
0.00013048
0.00013048
0.00013048
0.00013048
0.00013048
0.00013048
0.00013048
0.00013048
0.00013048
0.00013048
0.000122346
0.000122346
0.000122346
0.000122346
0.000122346
0.000122346
0.000122346
0.000122346
0.000122346
0.000122346
0.000118775
0.000118775
0.000118775
0.000118775
0.000118775
0.000118775
0.000118775
0.000118775
0.000118775
0.000118776
0.00260129
0.00260129
0.00260129
0.00260129
0.00260129
0.0026013
0.0026013
0.0026013
0.0026013
0.0026013
0.00578472
0.00578472
0.00578472
0.00578472
0.00578472
0.00578471
0.00578471
0.00578471
0.0057847
0.00578468
0.00815839
0.00815838
0.00815838
0.00815838
0.00815838
0.00815837
0.00815837
0.00815837
0.00815836
0.00815834
0.0100212
0.0100212
0.0100212
0.0100212
0.0100212
0.0100212
0.0100212
0.0100212
0.0100212
0.0100212
0.0114078
0.0114078
0.0114078
0.0114078
0.0114078
0.0114078
0.0114078
0.0114078
0.0114078
0.0114077
0.0123961
0.0123961
0.0123961
0.0123961
0.0123961
0.0123961
0.0123961
0.0123961
0.0123961
0.0123961
0.0130619
0.0130619
0.0130619
0.0130619
0.0130619
0.0130619
0.0130619
0.0130619
0.0130619
0.0130619
0.0134689
0.0134689
0.0134689
0.0134689
0.0134689
0.0134689
0.0134689
0.0134689
0.0134689
0.0134688
0.0136687
0.0136687
0.0136687
0.0136687
0.0136687
0.0136687
0.0136687
0.0136687
0.0136687
0.0136687
0.0137028
0.0137028
0.0137028
0.0137028
0.0137027
0.0137027
0.0137027
0.0137027
0.0137027
0.0137027
0.013604
0.013604
0.013604
0.0136039
0.0136039
0.0136039
0.0136039
0.0136039
0.0136039
0.0136039
0.0133987
0.0133987
0.0133987
0.0133987
0.0133987
0.0133987
0.0133987
0.0133987
0.0133987
0.0133987
0.0131081
0.0131081
0.0131081
0.0131081
0.0131081
0.0131081
0.0131081
0.0131081
0.0131081
0.0131081
0.0127493
0.0127493
0.0127493
0.0127493
0.0127493
0.0127493
0.0127493
0.0127493
0.0127492
0.0127492
0.0123358
0.0123358
0.0123358
0.0123358
0.0123358
0.0123358
0.0123358
0.0123358
0.0123358
0.0123358
0.0118789
0.0118789
0.0118789
0.0118789
0.0118789
0.0118789
0.0118789
0.0118789
0.0118789
0.0118789
0.0113875
0.0113875
0.0113875
0.0113875
0.0113875
0.0113875
0.0113875
0.0113875
0.0113875
0.0113875
0.0108691
0.010869
0.010869
0.010869
0.010869
0.010869
0.010869
0.010869
0.010869
0.010869
0.0103295
0.0103295
0.0103295
0.0103295
0.0103295
0.0103295
0.0103295
0.0103295
0.0103295
0.0103295
0.00977391
0.00977391
0.00977391
0.00977391
0.00977391
0.00977391
0.0097739
0.0097739
0.0097739
0.0097739
0.00920659
0.00920659
0.00920659
0.00920659
0.00920659
0.00920658
0.00920658
0.00920658
0.00920658
0.00920658
0.00863123
0.00863123
0.00863123
0.00863123
0.00863123
0.00863123
0.00863123
0.00863123
0.00863123
0.00863123
0.00805115
0.00805115
0.00805115
0.00805115
0.00805115
0.00805115
0.00805115
0.00805115
0.00805115
0.00805115
0.00746939
0.00746939
0.00746939
0.00746939
0.00746939
0.00746939
0.00746939
0.00746939
0.00746939
0.00746939
0.00688885
0.00688885
0.00688885
0.00688885
0.00688885
0.00688885
0.00688885
0.00688886
0.00688886
0.00688886
0.00631235
0.00631236
0.00631236
0.00631236
0.00631236
0.00631236
0.00631236
0.00631237
0.00631237
0.00631237
0.00574273
0.00574273
0.00574274
0.00574274
0.00574274
0.00574274
0.00574275
0.00574275
0.00574275
0.00574276
0.00518282
0.00518282
0.00518283
0.00518283
0.00518283
0.00518283
0.00518284
0.00518284
0.00518284
0.00518285
0.00463566
0.00463566
0.00463567
0.00463567
0.00463568
0.00463568
0.00463568
0.00463569
0.00463569
0.0046357
0.00410454
0.00410455
0.00410455
0.00410456
0.00410456
0.00410456
0.00410457
0.00410457
0.00410458
0.00410459
0.00359269
0.00359269
0.0035927
0.0035927
0.00359271
0.00359271
0.00359272
0.00359273
0.00359273
0.00359275
0.0031037
0.00310371
0.00310371
0.00310372
0.00310373
0.00310373
0.00310374
0.00310375
0.00310375
0.00310377
0.00264156
0.00264157
0.00264157
0.00264158
0.00264158
0.00264159
0.0026416
0.0026416
0.00264161
0.00264163
0.00221084
0.00221085
0.00221085
0.00221086
0.00221086
0.00221087
0.00221087
0.00221088
0.00221089
0.0022109
0.00181703
0.00181704
0.00181704
0.00181704
0.00181705
0.00181705
0.00181706
0.00181706
0.00181706
0.00181708
0.00146654
0.00146654
0.00146654
0.00146654
0.00146654
0.00146654
0.00146655
0.00146655
0.00146655
0.00146655
0.00116569
0.00116569
0.00116569
0.00116569
0.00116569
0.00116569
0.00116569
0.00116568
0.00116568
0.00116568
0.000917864
0.000917862
0.000917859
0.000917856
0.000917853
0.000917851
0.000917848
0.000917845
0.000917842
0.000917834
0.000718837
0.000718837
0.000718836
0.000718836
0.000718835
0.000718834
0.000718834
0.000718833
0.000718833
0.000718831
0.000558976
0.000558978
0.00055898
0.000558982
0.000558985
0.000558987
0.000558989
0.000558992
0.000558994
0.000559001
0.000436944
0.000436945
0.000436947
0.000436949
0.000436951
0.000436953
0.000436955
0.000436957
0.000436959
0.000436964
0.00035221
0.00035221
0.00035221
0.00035221
0.000352211
0.000352211
0.000352211
0.000352211
0.000352212
0.000352212
0.000291286
0.000291286
0.000291286
0.000291286
0.000291286
0.000291286
0.000291285
0.000291285
0.000291285
0.000291285
0.00024128
0.00024128
0.00024128
0.00024128
0.00024128
0.00024128
0.00024128
0.00024128
0.00024128
0.00024128
0.000199097
0.000199097
0.000199097
0.000199097
0.000199098
0.000199098
0.000199098
0.000199098
0.000199098
0.000199098
0.000166828
0.000166828
0.000166828
0.000166828
0.000166828
0.000166828
0.000166828
0.000166828
0.000166828
0.000166828
0.000144674
0.000144674
0.000144674
0.000144674
0.000144674
0.000144674
0.000144674
0.000144674
0.000144674
0.000144674
0.00013048
0.00013048
0.00013048
0.00013048
0.00013048
0.00013048
0.00013048
0.00013048
0.00013048
0.00013048
0.000122346
0.000122346
0.000122346
0.000122346
0.000122346
0.000122346
0.000122346
0.000122346
0.000122346
0.000122346
0.000118775
0.000118775
0.000118775
0.000118775
0.000118775
0.000118775
0.000118775
0.000118775
0.000118775
0.000118776
0.00260129
0.00260129
0.00260129
0.00260129
0.0026013
0.0026013
0.0026013
0.0026013
0.0026013
0.0026013
0.00578473
0.00578472
0.00578472
0.00578472
0.00578472
0.00578471
0.00578471
0.0057847
0.0057847
0.00578468
0.00815839
0.00815839
0.00815838
0.00815838
0.00815838
0.00815838
0.00815837
0.00815837
0.00815836
0.00815834
0.0100212
0.0100212
0.0100212
0.0100212
0.0100212
0.0100212
0.0100212
0.0100212
0.0100212
0.0100212
0.0114078
0.0114078
0.0114078
0.0114078
0.0114078
0.0114078
0.0114078
0.0114078
0.0114078
0.0114077
0.0123961
0.0123961
0.0123961
0.0123961
0.0123961
0.0123961
0.0123961
0.0123961
0.0123961
0.0123961
0.0130619
0.0130619
0.0130619
0.0130619
0.0130619
0.0130619
0.0130619
0.0130619
0.0130619
0.0130619
0.0134689
0.0134689
0.0134689
0.0134689
0.0134689
0.0134689
0.0134689
0.0134689
0.0134689
0.0134688
0.0136687
0.0136687
0.0136687
0.0136687
0.0136687
0.0136687
0.0136687
0.0136687
0.0136687
0.0136687
0.0137028
0.0137028
0.0137028
0.0137028
0.0137028
0.0137028
0.0137027
0.0137027
0.0137027
0.0137027
0.013604
0.013604
0.013604
0.013604
0.013604
0.013604
0.0136039
0.0136039
0.0136039
0.0136039
0.0133987
0.0133987
0.0133987
0.0133987
0.0133987
0.0133987
0.0133987
0.0133987
0.0133987
0.0133987
0.0131081
0.0131081
0.0131081
0.0131081
0.0131081
0.0131081
0.0131081
0.0131081
0.0131081
0.0131081
0.0127493
0.0127493
0.0127493
0.0127493
0.0127493
0.0127493
0.0127493
0.0127493
0.0127493
0.0127493
0.0123358
0.0123358
0.0123358
0.0123358
0.0123358
0.0123358
0.0123358
0.0123358
0.0123358
0.0123358
0.0118789
0.0118789
0.0118789
0.0118789
0.0118789
0.0118789
0.0118789
0.0118789
0.0118789
0.0118789
0.0113876
0.0113876
0.0113876
0.0113875
0.0113875
0.0113875
0.0113875
0.0113875
0.0113875
0.0113875
0.0108691
0.0108691
0.0108691
0.0108691
0.0108691
0.010869
0.010869
0.010869
0.010869
0.010869
0.0103295
0.0103295
0.0103295
0.0103295
0.0103295
0.0103295
0.0103295
0.0103295
0.0103295
0.0103295
0.00977392
0.00977392
0.00977392
0.00977392
0.00977391
0.00977391
0.00977391
0.00977391
0.00977391
0.0097739
0.0092066
0.00920659
0.00920659
0.00920659
0.00920659
0.00920659
0.00920659
0.00920659
0.00920659
0.00920658
0.00863124
0.00863124
0.00863124
0.00863124
0.00863124
0.00863123
0.00863123
0.00863123
0.00863123
0.00863123
0.00805116
0.00805116
0.00805116
0.00805116
0.00805116
0.00805116
0.00805115
0.00805115
0.00805115
0.00805115
0.00746939
0.00746939
0.00746939
0.00746939
0.00746939
0.0074694
0.0074694
0.0074694
0.0074694
0.0074694
0.00688885
0.00688885
0.00688885
0.00688885
0.00688885
0.00688885
0.00688886
0.00688886
0.00688886
0.00688886
0.00631236
0.00631236
0.00631236
0.00631236
0.00631236
0.00631236
0.00631237
0.00631237
0.00631237
0.00631237
0.00574275
0.00574275
0.00574275
0.00574275
0.00574275
0.00574276
0.00574276
0.00574276
0.00574276
0.00574277
0.00518286
0.00518286
0.00518287
0.00518287
0.00518287
0.00518288
0.00518288
0.00518288
0.00518288
0.00518289
0.00463571
0.00463571
0.00463571
0.00463572
0.00463572
0.00463573
0.00463573
0.00463573
0.00463574
0.00463575
0.00410458
0.00410459
0.00410459
0.0041046
0.0041046
0.00410461
0.00410461
0.00410462
0.00410462
0.00410463
0.00359273
0.00359273
0.00359273
0.00359274
0.00359275
0.00359275
0.00359276
0.00359276
0.00359277
0.00359278
0.00310373
0.00310373
0.00310374
0.00310374
0.00310375
0.00310376
0.00310376
0.00310377
0.00310378
0.00310379
0.00264158
0.00264158
0.00264159
0.00264159
0.0026416
0.00264161
0.00264161
0.00264162
0.00264163
0.00264164
0.00221085
0.00221085
0.00221086
0.00221087
0.00221087
0.00221088
0.00221088
0.00221089
0.0022109
0.00221091
0.00181703
0.00181704
0.00181704
0.00181704
0.00181705
0.00181705
0.00181706
0.00181706
0.00181707
0.00181708
0.00146653
0.00146653
0.00146653
0.00146653
0.00146653
0.00146653
0.00146654
0.00146654
0.00146654
0.00146654
0.00116568
0.00116568
0.00116567
0.00116567
0.00116567
0.00116567
0.00116567
0.00116567
0.00116566
0.00116566
0.000917803
0.000917802
0.000917799
0.000917796
0.000917793
0.000917791
0.000917788
0.000917785
0.000917782
0.000917775
0.00071877
0.00071877
0.000718769
0.000718769
0.000718768
0.000718768
0.000718767
0.000718767
0.000718766
0.000718764
0.000558932
0.000558933
0.000558935
0.000558938
0.00055894
0.000558943
0.000558945
0.000558948
0.00055895
0.000558956
0.000436915
0.000436916
0.000436918
0.00043692
0.000436922
0.000436924
0.000436926
0.000436928
0.00043693
0.000436935
0.000352189
0.000352189
0.00035219
0.00035219
0.00035219
0.00035219
0.000352191
0.000352191
0.000352191
0.000352192
0.000291274
0.000291274
0.000291274
0.000291274
0.000291274
0.000291274
0.000291273
0.000291273
0.000291273
0.000291273
0.000241276
0.000241276
0.000241276
0.000241276
0.000241276
0.000241277
0.000241277
0.000241277
0.000241277
0.000241277
0.000199098
0.000199098
0.000199098
0.000199098
0.000199098
0.000199098
0.000199098
0.000199098
0.000199098
0.000199099
0.000166828
0.000166828
0.000166828
0.000166828
0.000166828
0.000166828
0.000166828
0.000166828
0.000166828
0.000166828
0.000144673
0.000144672
0.000144672
0.000144672
0.000144672
0.000144672
0.000144672
0.000144672
0.000144672
0.000144672
0.00013048
0.00013048
0.00013048
0.00013048
0.00013048
0.00013048
0.00013048
0.00013048
0.00013048
0.00013048
0.000122346
0.000122346
0.000122346
0.000122346
0.000122346
0.000122347
0.000122347
0.000122347
0.000122347
0.000122347
0.000118775
0.000118775
0.000118775
0.000118775
0.000118775
0.000118775
0.000118775
0.000118775
0.000118776
0.000118776
0.00260129
0.00260129
0.00260129
0.00260129
0.0026013
0.0026013
0.0026013
0.0026013
0.0026013
0.0026013
0.00578473
0.00578473
0.00578472
0.00578472
0.00578472
0.00578471
0.00578471
0.00578471
0.0057847
0.00578468
0.00815839
0.00815839
0.00815839
0.00815838
0.00815838
0.00815838
0.00815837
0.00815837
0.00815836
0.00815834
0.0100212
0.0100212
0.0100212
0.0100212
0.0100212
0.0100212
0.0100212
0.0100212
0.0100212
0.0100212
0.0114078
0.0114078
0.0114078
0.0114078
0.0114078
0.0114078
0.0114078
0.0114078
0.0114078
0.0114077
0.0123961
0.0123961
0.0123961
0.0123961
0.0123961
0.0123961
0.0123961
0.0123961
0.0123961
0.0123961
0.0130619
0.0130619
0.0130619
0.0130619
0.0130619
0.0130619
0.0130619
0.0130619
0.0130619
0.0130619
0.0134689
0.0134689
0.0134689
0.0134689
0.0134689
0.0134689
0.0134689
0.0134689
0.0134689
0.0134689
0.0136687
0.0136687
0.0136687
0.0136687
0.0136687
0.0136687
0.0136687
0.0136687
0.0136687
0.0136687
0.0137028
0.0137028
0.0137028
0.0137028
0.0137028
0.0137028
0.0137028
0.0137028
0.0137028
0.0137027
0.013604
0.013604
0.013604
0.013604
0.013604
0.013604
0.013604
0.013604
0.013604
0.0136039
0.0133987
0.0133987
0.0133987
0.0133987
0.0133987
0.0133987
0.0133987
0.0133987
0.0133987
0.0133987
0.0131082
0.0131081
0.0131081
0.0131081
0.0131081
0.0131081
0.0131081
0.0131081
0.0131081
0.0131081
0.0127493
0.0127493
0.0127493
0.0127493
0.0127493
0.0127493
0.0127493
0.0127493
0.0127493
0.0127493
0.0123359
0.0123359
0.0123359
0.0123359
0.0123358
0.0123358
0.0123358
0.0123358
0.0123358
0.0123358
0.0118789
0.0118789
0.0118789
0.0118789
0.0118789
0.0118789
0.0118789
0.0118789
0.0118789
0.0118789
0.0113876
0.0113876
0.0113876
0.0113876
0.0113876
0.0113876
0.0113876
0.0113875
0.0113875
0.0113875
0.0108691
0.0108691
0.0108691
0.0108691
0.0108691
0.0108691
0.0108691
0.0108691
0.0108691
0.010869
0.0103295
0.0103295
0.0103295
0.0103295
0.0103295
0.0103295
0.0103295
0.0103295
0.0103295
0.0103295
0.00977392
0.00977392
0.00977392
0.00977392
0.00977392
0.00977392
0.00977392
0.00977391
0.00977391
0.00977391
0.0092066
0.0092066
0.0092066
0.0092066
0.0092066
0.00920659
0.00920659
0.00920659
0.00920659
0.00920659
0.00863124
0.00863124
0.00863124
0.00863124
0.00863124
0.00863124
0.00863124
0.00863123
0.00863123
0.00863123
0.00805116
0.00805116
0.00805116
0.00805116
0.00805116
0.00805115
0.00805115
0.00805115
0.00805115
0.00805115
0.00746939
0.00746939
0.00746939
0.00746939
0.00746939
0.00746939
0.00746939
0.00746939
0.00746939
0.00746939
0.00688885
0.00688885
0.00688885
0.00688885
0.00688885
0.00688885
0.00688885
0.00688885
0.00688885
0.00688886
0.00631235
0.00631235
0.00631235
0.00631236
0.00631236
0.00631236
0.00631236
0.00631236
0.00631237
0.00631237
0.00574274
0.00574275
0.00574275
0.00574275
0.00574275
0.00574275
0.00574276
0.00574276
0.00574276
0.00574277
0.00518289
0.00518289
0.00518289
0.0051829
0.0051829
0.0051829
0.00518291
0.00518291
0.00518291
0.00518292
0.00463576
0.00463576
0.00463576
0.00463577
0.00463577
0.00463578
0.00463578
0.00463578
0.00463579
0.0046358
0.00410463
0.00410463
0.00410463
0.00410464
0.00410464
0.00410465
0.00410465
0.00410466
0.00410466
0.00410468
0.00359278
0.00359279
0.00359279
0.0035928
0.0035928
0.00359281
0.00359281
0.00359282
0.00359283
0.00359284
0.00310377
0.00310377
0.00310378
0.00310378
0.00310379
0.0031038
0.0031038
0.00310381
0.00310381
0.00310383
0.0026416
0.0026416
0.00264161
0.00264162
0.00264162
0.00264163
0.00264164
0.00264164
0.00264165
0.00264167
0.00221086
0.00221087
0.00221087
0.00221088
0.00221089
0.00221089
0.0022109
0.0022109
0.00221091
0.00221092
0.00181704
0.00181704
0.00181705
0.00181705
0.00181705
0.00181706
0.00181706
0.00181707
0.00181707
0.00181708
0.00146652
0.00146652
0.00146652
0.00146653
0.00146653
0.00146653
0.00146653
0.00146653
0.00146653
0.00146654
0.00116564
0.00116564
0.00116564
0.00116564
0.00116563
0.00116563
0.00116563
0.00116563
0.00116563
0.00116562
0.0009177
0.000917699
0.000917696
0.000917693
0.00091769
0.000917688
0.000917685
0.000917682
0.000917679
0.000917672
0.00071866
0.00071866
0.000718659
0.000718659
0.000718658
0.000718658
0.000718657
0.000718657
0.000718656
0.000718655
0.000558851
0.000558852
0.000558854
0.000558857
0.000558859
0.000558862
0.000558864
0.000558867
0.00055887
0.000558876
0.000436851
0.000436852
0.000436854
0.000436856
0.000436858
0.00043686
0.000436862
0.000436865
0.000436866
0.000436872
0.00035214
0.00035214
0.00035214
0.000352141
0.000352141
0.000352141
0.000352141
0.000352142
0.000352142
0.000352143
0.000291247
0.000291247
0.000291247
0.000291247
0.000291247
0.000291247
0.000291246
0.000291246
0.000291246
0.000291246
0.000241266
0.000241267
0.000241267
0.000241267
0.000241267
0.000241267
0.000241267
0.000241267
0.000241267
0.000241267
0.000199095
0.000199095
0.000199095
0.000199096
0.000199096
0.000199096
0.000199096
0.000199096
0.000199096
0.000199097
0.000166826
0.000166826
0.000166826
0.000166826
0.000166826
0.000166826
0.000166826
0.000166826
0.000166826
0.000166826
0.000144671
0.000144671
0.000144671
0.000144671
0.000144671
0.000144671
0.000144671
0.000144671
0.00014467
0.00014467
0.000130478
0.000130478
0.000130478
0.000130478
0.000130478
0.000130478
0.000130478
0.000130478
0.000130478
0.000130478
0.000122346
0.000122346
0.000122347
0.000122347
0.000122347
0.000122347
0.000122347
0.000122347
0.000122347
0.000122347
0.000118775
0.000118775
0.000118775
0.000118775
0.000118775
0.000118775
0.000118775
0.000118775
0.000118776
0.000118776
0.00260129
0.00260129
0.00260129
0.00260129
0.0026013
0.0026013
0.0026013
0.0026013
0.00260131
0.0026013
0.00578473
0.00578473
0.00578473
0.00578472
0.00578472
0.00578471
0.00578471
0.00578471
0.0057847
0.00578467
0.00815839
0.00815839
0.00815839
0.00815838
0.00815838
0.00815838
0.00815837
0.00815837
0.00815836
0.00815834
0.0100212
0.0100212
0.0100212
0.0100212
0.0100212
0.0100212
0.0100212
0.0100212
0.0100212
0.0100212
0.0114078
0.0114078
0.0114078
0.0114078
0.0114078
0.0114078
0.0114078
0.0114078
0.0114078
0.0114077
0.0123961
0.0123961
0.0123961
0.0123961
0.0123961
0.0123961
0.0123961
0.0123961
0.0123961
0.0123961
0.0130619
0.0130619
0.0130619
0.0130619
0.0130619
0.0130619
0.0130619
0.0130619
0.0130619
0.0130619
0.0134689
0.0134689
0.0134689
0.0134689
0.0134689
0.0134689
0.0134689
0.0134689
0.0134689
0.0134689
0.0136688
0.0136688
0.0136687
0.0136687
0.0136687
0.0136687
0.0136687
0.0136687
0.0136687
0.0136687
0.0137028
0.0137028
0.0137028
0.0137028
0.0137028
0.0137028
0.0137028
0.0137028
0.0137028
0.0137027
0.013604
0.013604
0.013604
0.013604
0.013604
0.013604
0.013604
0.013604
0.013604
0.0136039
0.0133987
0.0133987
0.0133987
0.0133987
0.0133987
0.0133987
0.0133987
0.0133987
0.0133987
0.0133987
0.0131082
0.0131082
0.0131082
0.0131082
0.0131081
0.0131081
0.0131081
0.0131081
0.0131081
0.0131081
0.0127493
0.0127493
0.0127493
0.0127493
0.0127493
0.0127493
0.0127493
0.0127493
0.0127493
0.0127493
0.0123359
0.0123359
0.0123359
0.0123359
0.0123359
0.0123359
0.0123359
0.0123358
0.0123358
0.0123358
0.011879
0.011879
0.0118789
0.0118789
0.0118789
0.0118789
0.0118789
0.0118789
0.0118789
0.0118789
0.0113876
0.0113876
0.0113876
0.0113876
0.0113876
0.0113876
0.0113876
0.0113876
0.0113876
0.0113875
0.0108691
0.0108691
0.0108691
0.0108691
0.0108691
0.0108691
0.0108691
0.0108691
0.0108691
0.0108691
0.0103295
0.0103295
0.0103295
0.0103295
0.0103295
0.0103295
0.0103295
0.0103295
0.0103295
0.0103295
0.00977393
0.00977393
0.00977393
0.00977392
0.00977392
0.00977392
0.00977392
0.00977392
0.00977392
0.00977391
0.0092066
0.0092066
0.0092066
0.0092066
0.0092066
0.0092066
0.0092066
0.00920659
0.00920659
0.00920659
0.00863124
0.00863124
0.00863124
0.00863124
0.00863124
0.00863124
0.00863124
0.00863124
0.00863123
0.00863123
0.00805115
0.00805115
0.00805115
0.00805115
0.00805115
0.00805115
0.00805115
0.00805115
0.00805115
0.00805115
0.00746939
0.00746939
0.00746939
0.00746939
0.00746939
0.00746939
0.00746939
0.00746939
0.00746939
0.00746939
0.00688884
0.00688884
0.00688884
0.00688885
0.00688885
0.00688885
0.00688885
0.00688885
0.00688885
0.00688885
0.00631235
0.00631235
0.00631235
0.00631235
0.00631235
0.00631235
0.00631236
0.00631236
0.00631236
0.00631236
0.00574274
0.00574274
0.00574274
0.00574275
0.00574275
0.00574275
0.00574275
0.00574275
0.00574276
0.00574276
0.0051829
0.0051829
0.0051829
0.00518291
0.00518291
0.00518291
0.00518292
0.00518292
0.00518292
0.00518293
0.00463579
0.00463579
0.00463579
0.0046358
0.0046358
0.00463581
0.00463581
0.00463581
0.00463582
0.00463583
0.00410465
0.00410465
0.00410466
0.00410466
0.00410467
0.00410467
0.00410468
0.00410468
0.00410469
0.0041047
0.00359282
0.00359282
0.00359283
0.00359283
0.00359284
0.00359285
0.00359285
0.00359286
0.00359286
0.00359288
0.00310381
0.00310381
0.00310382
0.00310382
0.00310383
0.00310383
0.00310384
0.00310385
0.00310385
0.00310387
0.00264163
0.00264163
0.00264164
0.00264164
0.00264165
0.00264165
0.00264166
0.00264167
0.00264168
0.00264169
0.00221088
0.00221088
0.00221089
0.00221089
0.0022109
0.0022109
0.00221091
0.00221092
0.00221092
0.00221094
0.00181704
0.00181704
0.00181704
0.00181705
0.00181705
0.00181706
0.00181706
0.00181706
0.00181707
0.00181708
0.00146651
0.00146651
0.00146652
0.00146652
0.00146652
0.00146652
0.00146652
0.00146652
0.00146653
0.00146653
0.00116559
0.00116558
0.00116558
0.00116558
0.00116558
0.00116558
0.00116558
0.00116557
0.00116557
0.00116557
0.000917569
0.000917568
0.000917565
0.000917562
0.00091756
0.000917557
0.000917554
0.000917551
0.000917548
0.000917541
0.000718517
0.000718517
0.000718517
0.000718516
0.000718516
0.000718515
0.000718514
0.000718514
0.000718513
0.000718512
0.000558733
0.000558735
0.000558737
0.000558739
0.000558742
0.000558744
0.000558747
0.00055875
0.000558751
0.000558759
0.00043675
0.000436751
0.000436753
0.000436755
0.000436757
0.000436759
0.000436761
0.000436763
0.000436766
0.00043677
0.000352057
0.000352058
0.000352058
0.000352058
0.000352058
0.000352059
0.000352059
0.000352059
0.00035206
0.000352061
0.000291187
0.000291187
0.000291187
0.000291186
0.000291186
0.000291186
0.000291186
0.000291186
0.000291186
0.000291185
0.000241232
0.000241232
0.000241232
0.000241232
0.000241232
0.000241232
0.000241232
0.000241233
0.000241233
0.000241233
0.000199076
0.000199076
0.000199076
0.000199077
0.000199077
0.000199077
0.000199077
0.000199077
0.000199077
0.000199078
0.000166811
0.000166811
0.000166811
0.000166812
0.000166812
0.000166812
0.000166812
0.000166812
0.000166812
0.000166812
0.000144664
0.000144664
0.000144663
0.000144663
0.000144663
0.000144663
0.000144663
0.000144663
0.000144663
0.000144663
0.000130471
0.000130471
0.000130471
0.000130471
0.000130471
0.000130471
0.000130471
0.000130471
0.000130471
0.000130471
0.000122345
0.000122345
0.000122345
0.000122345
0.000122345
0.000122345
0.000122345
0.000122345
0.000122345
0.000122345
0.000118774
0.000118774
0.000118774
0.000118774
0.000118774
0.000118774
0.000118775
0.000118775
0.000118775
0.000118775
0.00260129
0.00260129
0.00260129
0.0026013
0.0026013
0.0026013
0.0026013
0.00260131
0.00260131
0.0026013
0.00578473
0.00578473
0.00578473
0.00578472
0.00578472
0.00578472
0.00578471
0.00578471
0.0057847
0.00578467
0.00815839
0.00815839
0.00815839
0.00815839
0.00815838
0.00815838
0.00815837
0.00815837
0.00815836
0.00815834
0.0100212
0.0100212
0.0100212
0.0100212
0.0100212
0.0100212
0.0100212
0.0100212
0.0100212
0.0100212
0.0114078
0.0114078
0.0114078
0.0114078
0.0114078
0.0114078
0.0114078
0.0114078
0.0114078
0.0114077
0.0123961
0.0123961
0.0123961
0.0123961
0.0123961
0.0123961
0.0123961
0.0123961
0.0123961
0.0123961
0.0130619
0.0130619
0.0130619
0.0130619
0.0130619
0.0130619
0.0130619
0.0130619
0.0130619
0.0130619
0.0134689
0.0134689
0.0134689
0.0134689
0.0134689
0.0134689
0.0134689
0.0134689
0.0134689
0.0134689
0.0136688
0.0136688
0.0136688
0.0136688
0.0136688
0.0136687
0.0136687
0.0136687
0.0136687
0.0136687
0.0137028
0.0137028
0.0137028
0.0137028
0.0137028
0.0137028
0.0137028
0.0137028
0.0137028
0.0137028
0.013604
0.013604
0.013604
0.013604
0.013604
0.013604
0.013604
0.013604
0.013604
0.013604
0.0133987
0.0133987
0.0133987
0.0133987
0.0133987
0.0133987
0.0133987
0.0133987
0.0133987
0.0133987
0.0131082
0.0131082
0.0131082
0.0131082
0.0131082
0.0131082
0.0131082
0.0131081
0.0131081
0.0131081
0.0127493
0.0127493
0.0127493
0.0127493
0.0127493
0.0127493
0.0127493
0.0127493
0.0127493
0.0127493
0.0123359
0.0123359
0.0123359
0.0123359
0.0123359
0.0123359
0.0123359
0.0123359
0.0123359
0.0123358
0.011879
0.011879
0.011879
0.011879
0.011879
0.0118789
0.0118789
0.0118789
0.0118789
0.0118789
0.0113876
0.0113876
0.0113876
0.0113876
0.0113876
0.0113876
0.0113876
0.0113876
0.0113876
0.0113876
0.0108691
0.0108691
0.0108691
0.0108691
0.0108691
0.0108691
0.0108691
0.0108691
0.0108691
0.0108691
0.0103295
0.0103295
0.0103295
0.0103295
0.0103295
0.0103295
0.0103295
0.0103295
0.0103295
0.0103295
0.00977393
0.00977393
0.00977393
0.00977393
0.00977393
0.00977392
0.00977392
0.00977392
0.00977392
0.00977392
0.0092066
0.0092066
0.0092066
0.0092066
0.0092066
0.0092066
0.0092066
0.0092066
0.00920659
0.00920659
0.00863124
0.00863124
0.00863124
0.00863124
0.00863124
0.00863124
0.00863124
0.00863124
0.00863123
0.00863123
0.00805115
0.00805115
0.00805115
0.00805115
0.00805115
0.00805115
0.00805115
0.00805115
0.00805115
0.00805115
0.00746939
0.00746939
0.00746939
0.00746939
0.00746939
0.00746939
0.00746939
0.00746939
0.00746939
0.00746939
0.00688884
0.00688884
0.00688884
0.00688884
0.00688884
0.00688884
0.00688884
0.00688884
0.00688884
0.00688885
0.00631234
0.00631234
0.00631235
0.00631235
0.00631235
0.00631235
0.00631235
0.00631236
0.00631236
0.00631236
0.00574274
0.00574274
0.00574274
0.00574275
0.00574275
0.00574275
0.00574275
0.00574275
0.00574276
0.00574276
0.00518291
0.00518291
0.00518291
0.00518291
0.00518292
0.00518292
0.00518292
0.00518293
0.00518293
0.00518294
0.00463582
0.00463582
0.00463582
0.00463583
0.00463583
0.00463583
0.00463584
0.00463584
0.00463585
0.00463585
0.00410468
0.00410468
0.00410468
0.00410469
0.00410469
0.0041047
0.0041047
0.00410471
0.00410471
0.00410473
0.00359286
0.00359286
0.00359287
0.00359288
0.00359288
0.00359289
0.00359289
0.0035929
0.0035929
0.00359292
0.00310385
0.00310386
0.00310386
0.00310387
0.00310387
0.00310388
0.00310389
0.00310389
0.0031039
0.00310392
0.00264166
0.00264166
0.00264167
0.00264167
0.00264168
0.00264169
0.00264169
0.0026417
0.00264171
0.00264172
0.00221089
0.0022109
0.0022109
0.00221091
0.00221091
0.00221092
0.00221093
0.00221093
0.00221094
0.00221095
0.00181704
0.00181704
0.00181704
0.00181705
0.00181705
0.00181705
0.00181706
0.00181706
0.00181707
0.00181708
0.0014665
0.0014665
0.0014665
0.00146651
0.00146651
0.00146651
0.00146651
0.00146651
0.00146651
0.00146652
0.00116552
0.00116552
0.00116552
0.00116552
0.00116552
0.00116552
0.00116551
0.00116551
0.00116551
0.00116551
0.000917432
0.000917431
0.000917428
0.000917426
0.000917423
0.00091742
0.000917417
0.000917414
0.000917411
0.000917404
0.000718353
0.000718353
0.000718352
0.000718352
0.000718351
0.000718351
0.00071835
0.00071835
0.000718349
0.000718348
0.000558595
0.000558597
0.000558599
0.000558602
0.000558604
0.000558607
0.000558609
0.000558612
0.000558614
0.000558621
0.000436623
0.000436624
0.000436626
0.000436628
0.00043663
0.000436632
0.000436634
0.000436636
0.000436638
0.000436643
0.000351934
0.000351935
0.000351935
0.000351935
0.000351936
0.000351936
0.000351936
0.000351937
0.000351937
0.000351938
0.000291078
0.000291078
0.000291078
0.000291078
0.000291078
0.000291078
0.000291078
0.000291078
0.000291078
0.000291077
0.000241156
0.000241156
0.000241156
0.000241156
0.000241156
0.000241156
0.000241157
0.000241157
0.000241157
0.000241157
0.000199027
0.000199027
0.000199027
0.000199027
0.000199027
0.000199027
0.000199027
0.000199028
0.000199028
0.000199028
0.000166776
0.000166776
0.000166776
0.000166776
0.000166776
0.000166776
0.000166776
0.000166776
0.000166776
0.000166776
0.00014464
0.00014464
0.00014464
0.00014464
0.00014464
0.00014464
0.00014464
0.00014464
0.00014464
0.00014464
0.000130463
0.000130463
0.000130463
0.000130463
0.000130463
0.000130463
0.000130463
0.000130463
0.000130463
0.000130463
0.00012234
0.00012234
0.00012234
0.00012234
0.00012234
0.000122341
0.000122341
0.000122341
0.000122341
0.000122341
0.000118771
0.000118771
0.000118771
0.000118771
0.000118771
0.000118771
0.000118772
0.000118772
0.000118772
0.000118772
0.00260129
0.00260129
0.0026013
0.0026013
0.0026013
0.0026013
0.0026013
0.00260131
0.00260131
0.0026013
0.00578473
0.00578473
0.00578473
0.00578473
0.00578472
0.00578472
0.00578471
0.0057847
0.0057847
0.00578467
0.0081584
0.00815839
0.00815839
0.00815839
0.00815839
0.00815838
0.00815837
0.00815837
0.00815836
0.00815834
0.0100212
0.0100212
0.0100212
0.0100212
0.0100212
0.0100212
0.0100212
0.0100212
0.0100212
0.0100212
0.0114078
0.0114078
0.0114078
0.0114078
0.0114078
0.0114078
0.0114078
0.0114078
0.0114078
0.0114077
0.0123962
0.0123962
0.0123961
0.0123961
0.0123961
0.0123961
0.0123961
0.0123961
0.0123961
0.0123961
0.0130619
0.0130619
0.0130619
0.0130619
0.0130619
0.0130619
0.0130619
0.0130619
0.0130619
0.0130619
0.0134689
0.0134689
0.0134689
0.0134689
0.0134689
0.0134689
0.0134689
0.0134689
0.0134689
0.0134689
0.0136688
0.0136688
0.0136688
0.0136688
0.0136688
0.0136688
0.0136687
0.0136687
0.0136687
0.0136687
0.0137028
0.0137028
0.0137028
0.0137028
0.0137028
0.0137028
0.0137028
0.0137028
0.0137028
0.0137028
0.013604
0.013604
0.013604
0.013604
0.013604
0.013604
0.013604
0.013604
0.013604
0.013604
0.0133987
0.0133987
0.0133987
0.0133987
0.0133987
0.0133987
0.0133987
0.0133987
0.0133987
0.0133987
0.0131082
0.0131082
0.0131082
0.0131082
0.0131082
0.0131082
0.0131082
0.0131082
0.0131081
0.0131081
0.0127493
0.0127493
0.0127493
0.0127493
0.0127493
0.0127493
0.0127493
0.0127493
0.0127493
0.0127493
0.0123359
0.0123359
0.0123359
0.0123359
0.0123359
0.0123359
0.0123359
0.0123359
0.0123359
0.0123358
0.011879
0.011879
0.011879
0.011879
0.011879
0.011879
0.011879
0.011879
0.0118789
0.0118789
0.0113876
0.0113876
0.0113876
0.0113876
0.0113876
0.0113876
0.0113876
0.0113876
0.0113876
0.0113876
0.0108691
0.0108691
0.0108691
0.0108691
0.0108691
0.0108691
0.0108691
0.0108691
0.0108691
0.0108691
0.0103295
0.0103295
0.0103295
0.0103295
0.0103295
0.0103295
0.0103295
0.0103295
0.0103295
0.0103295
0.00977393
0.00977393
0.00977393
0.00977393
0.00977393
0.00977393
0.00977393
0.00977392
0.00977392
0.00977392
0.00920661
0.0092066
0.0092066
0.0092066
0.0092066
0.0092066
0.0092066
0.0092066
0.0092066
0.00920659
0.00863124
0.00863124
0.00863124
0.00863124
0.00863124
0.00863124
0.00863124
0.00863124
0.00863123
0.00863123
0.00805115
0.00805115
0.00805115
0.00805115
0.00805115
0.00805115
0.00805115
0.00805115
0.00805115
0.00805115
0.00746938
0.00746938
0.00746938
0.00746938
0.00746939
0.00746939
0.00746939
0.00746939
0.00746939
0.00746939
0.00688883
0.00688883
0.00688883
0.00688883
0.00688883
0.00688884
0.00688884
0.00688884
0.00688884
0.00688884
0.00631233
0.00631233
0.00631233
0.00631233
0.00631233
0.00631234
0.00631234
0.00631234
0.00631234
0.00631235
0.00574272
0.00574272
0.00574272
0.00574273
0.00574273
0.00574273
0.00574273
0.00574273
0.00574273
0.00574274
0.0051829
0.0051829
0.0051829
0.00518291
0.00518291
0.00518291
0.00518292
0.00518292
0.00518292
0.00518293
0.00463583
0.00463583
0.00463583
0.00463584
0.00463584
0.00463584
0.00463585
0.00463585
0.00463586
0.00463587
0.00410469
0.00410469
0.0041047
0.0041047
0.00410471
0.00410471
0.00410472
0.00410472
0.00410473
0.00410474
0.00359288
0.00359289
0.00359289
0.0035929
0.0035929
0.00359291
0.00359291
0.00359292
0.00359293
0.00359294
0.00310389
0.00310389
0.0031039
0.0031039
0.00310391
0.00310392
0.00310392
0.00310393
0.00310393
0.00310395
0.00264169
0.00264169
0.0026417
0.0026417
0.00264171
0.00264172
0.00264172
0.00264173
0.00264174
0.00264175
0.00221091
0.00221091
0.00221092
0.00221092
0.00221093
0.00221093
0.00221094
0.00221095
0.00221095
0.00221097
0.00181704
0.00181704
0.00181705
0.00181705
0.00181705
0.00181706
0.00181706
0.00181706
0.00181707
0.00181708
0.00146648
0.00146648
0.00146649
0.00146649
0.00146649
0.00146649
0.00146649
0.00146649
0.00146649
0.0014665
0.00116544
0.00116543
0.00116543
0.00116543
0.00116543
0.00116543
0.00116543
0.00116543
0.00116542
0.00116542
0.000917269
0.000917267
0.000917264
0.000917262
0.000917259
0.000917256
0.000917253
0.000917251
0.000917248
0.000917241
0.000718161
0.000718161
0.00071816
0.00071816
0.00071816
0.000718159
0.000718159
0.000718158
0.000718158
0.000718156
0.000558415
0.000558416
0.000558418
0.000558421
0.000558423
0.000558426
0.000558428
0.000558431
0.000558433
0.00055844
0.000436446
0.000436447
0.000436449
0.000436451
0.000436453
0.000436455
0.000436458
0.00043646
0.000436462
0.000436467
0.000351749
0.000351749
0.000351749
0.000351749
0.00035175
0.00035175
0.000351751
0.000351751
0.000351751
0.000351752
0.000290907
0.000290907
0.000290907
0.000290907
0.000290906
0.000290906
0.000290906
0.000290906
0.000290906
0.000290906
0.000241023
0.000241023
0.000241023
0.000241024
0.000241024
0.000241024
0.000241024
0.000241024
0.000241024
0.000241025
0.000198934
0.000198935
0.000198935
0.000198935
0.000198935
0.000198935
0.000198936
0.000198936
0.000198936
0.000198936
0.000166712
0.000166712
0.000166712
0.000166713
0.000166713
0.000166713
0.000166713
0.000166713
0.000166713
0.000166713
0.000144596
0.000144596
0.000144596
0.000144596
0.000144596
0.000144596
0.000144596
0.000144596
0.000144596
0.000144596
0.000130445
0.000130445
0.000130445
0.000130445
0.000130445
0.000130445
0.000130445
0.000130445
0.000130445
0.000130445
0.000122332
0.000122332
0.000122332
0.000122332
0.000122332
0.000122332
0.000122332
0.000122332
0.000122332
0.000122333
0.000118766
0.000118766
0.000118766
0.000118766
0.000118766
0.000118766
0.000118766
0.000118766
0.000118766
0.000118766
0.00260129
0.00260129
0.0026013
0.0026013
0.0026013
0.0026013
0.0026013
0.00260131
0.00260131
0.0026013
0.00578473
0.00578473
0.00578473
0.00578473
0.00578472
0.00578472
0.00578471
0.0057847
0.00578469
0.00578466
0.0081584
0.0081584
0.0081584
0.00815839
0.00815839
0.00815838
0.00815837
0.00815837
0.00815836
0.00815833
0.0100212
0.0100212
0.0100212
0.0100212
0.0100212
0.0100212
0.0100212
0.0100212
0.0100212
0.0100212
0.0114078
0.0114078
0.0114078
0.0114078
0.0114078
0.0114078
0.0114078
0.0114078
0.0114078
0.0114077
0.0123962
0.0123962
0.0123962
0.0123961
0.0123961
0.0123961
0.0123961
0.0123961
0.0123961
0.0123961
0.0130619
0.0130619
0.0130619
0.0130619
0.0130619
0.0130619
0.0130619
0.0130619
0.0130619
0.0130619
0.0134689
0.0134689
0.0134689
0.0134689
0.0134689
0.0134689
0.0134689
0.0134689
0.0134689
0.0134689
0.0136688
0.0136688
0.0136688
0.0136688
0.0136688
0.0136688
0.0136687
0.0136687
0.0136687
0.0136687
0.0137028
0.0137028
0.0137028
0.0137028
0.0137028
0.0137028
0.0137028
0.0137028
0.0137028
0.0137028
0.013604
0.013604
0.013604
0.013604
0.013604
0.013604
0.013604
0.013604
0.013604
0.013604
0.0133988
0.0133987
0.0133987
0.0133987
0.0133987
0.0133987
0.0133987
0.0133987
0.0133987
0.0133987
0.0131082
0.0131082
0.0131082
0.0131082
0.0131082
0.0131082
0.0131082
0.0131082
0.0131082
0.0131081
0.0127493
0.0127493
0.0127493
0.0127493
0.0127493
0.0127493
0.0127493
0.0127493
0.0127493
0.0127493
0.0123359
0.0123359
0.0123359
0.0123359
0.0123359
0.0123359
0.0123359
0.0123359
0.0123359
0.0123359
0.011879
0.011879
0.011879
0.011879
0.011879
0.011879
0.011879
0.011879
0.0118789
0.0118789
0.0113876
0.0113876
0.0113876
0.0113876
0.0113876
0.0113876
0.0113876
0.0113876
0.0113876
0.0113876
0.0108691
0.0108691
0.0108691
0.0108691
0.0108691
0.0108691
0.0108691
0.0108691
0.0108691
0.0108691
0.0103295
0.0103295
0.0103295
0.0103295
0.0103295
0.0103295
0.0103295
0.0103295
0.0103295
0.0103295
0.00977394
0.00977394
0.00977394
0.00977393
0.00977393
0.00977393
0.00977393
0.00977393
0.00977392
0.00977392
0.00920661
0.00920661
0.0092066
0.0092066
0.0092066
0.0092066
0.0092066
0.0092066
0.0092066
0.00920659
0.00863124
0.00863124
0.00863124
0.00863124
0.00863124
0.00863124
0.00863124
0.00863124
0.00863123
0.00863123
0.00805115
0.00805115
0.00805115
0.00805115
0.00805115
0.00805115
0.00805115
0.00805115
0.00805115
0.00805115
0.00746938
0.00746938
0.00746938
0.00746938
0.00746938
0.00746938
0.00746938
0.00746938
0.00746938
0.00746938
0.00688883
0.00688883
0.00688883
0.00688883
0.00688883
0.00688883
0.00688883
0.00688883
0.00688883
0.00688883
0.00631232
0.00631232
0.00631232
0.00631232
0.00631233
0.00631233
0.00631233
0.00631233
0.00631233
0.00631234
0.00574271
0.00574271
0.00574271
0.00574271
0.00574272
0.00574272
0.00574272
0.00574272
0.00574272
0.00574273
0.00518289
0.00518289
0.0051829
0.0051829
0.0051829
0.00518291
0.00518291
0.00518291
0.00518291
0.00518292
0.00463584
0.00463584
0.00463584
0.00463585
0.00463585
0.00463585
0.00463586
0.00463586
0.00463587
0.00463588
0.00410471
0.00410471
0.00410472
0.00410472
0.00410473
0.00410473
0.00410474
0.00410474
0.00410475
0.00410476
0.0035929
0.0035929
0.00359291
0.00359292
0.00359292
0.00359293
0.00359293
0.00359294
0.00359294
0.00359296
0.00310392
0.00310392
0.00310393
0.00310394
0.00310394
0.00310395
0.00310395
0.00310396
0.00310397
0.00310398
0.00264171
0.00264172
0.00264172
0.00264173
0.00264174
0.00264174
0.00264175
0.00264176
0.00264177
0.00264178
0.00221092
0.00221093
0.00221093
0.00221094
0.00221095
0.00221095
0.00221096
0.00221096
0.00221097
0.00221099
0.00181704
0.00181704
0.00181705
0.00181705
0.00181706
0.00181706
0.00181707
0.00181707
0.00181708
0.00181709
0.00146646
0.00146646
0.00146646
0.00146646
0.00146646
0.00146647
0.00146647
0.00146647
0.00146647
0.00146647
0.00116535
0.00116535
0.00116535
0.00116534
0.00116534
0.00116534
0.00116534
0.00116534
0.00116534
0.00116533
0.00091714
0.000917138
0.000917135
0.000917133
0.00091713
0.000917127
0.000917124
0.000917122
0.000917119
0.000917112
0.000718017
0.000718017
0.000718017
0.000718016
0.000718016
0.000718015
0.000718014
0.000718014
0.000718013
0.000718012
0.000558265
0.000558267
0.000558269
0.000558271
0.000558274
0.000558276
0.000558279
0.000558282
0.000558284
0.000558291
0.000436268
0.00043627
0.000436271
0.000436274
0.000436276
0.000436278
0.00043628
0.000436282
0.000436284
0.00043629
0.000351548
0.000351549
0.000351549
0.000351549
0.00035155
0.00035155
0.00035155
0.000351551
0.000351551
0.000351552
0.000290716
0.000290716
0.000290716
0.000290716
0.000290716
0.000290716
0.000290716
0.000290716
0.000290716
0.000290716
0.00024087
0.00024087
0.000240871
0.000240871
0.000240871
0.000240871
0.000240871
0.000240871
0.000240871
0.000240872
0.000198829
0.000198829
0.000198829
0.00019883
0.00019883
0.00019883
0.00019883
0.00019883
0.000198831
0.000198831
0.000166642
0.000166642
0.000166642
0.000166642
0.000166642
0.000166642
0.000166642
0.000166642
0.000166642
0.000166643
0.000144553
0.000144553
0.000144553
0.000144553
0.000144553
0.000144553
0.000144553
0.000144553
0.000144553
0.000144553
0.000130418
0.000130418
0.000130418
0.000130418
0.000130418
0.000130418
0.000130418
0.000130418
0.000130418
0.000130418
0.000122322
0.000122322
0.000122323
0.000122323
0.000122323
0.000122323
0.000122323
0.000122323
0.000122323
0.000122323
0.000118758
0.000118758
0.000118759
0.000118759
0.000118759
0.000118759
0.000118759
0.000118759
0.000118759
0.000118759
0.0026013
0.0026013
0.0026013
0.0026013
0.0026013
0.0026013
0.0026013
0.00260131
0.00260131
0.00260131
0.00578474
0.00578473
0.00578473
0.00578473
0.00578472
0.00578472
0.00578471
0.0057847
0.00578469
0.00578466
0.0081584
0.0081584
0.0081584
0.00815839
0.00815839
0.00815838
0.00815837
0.00815836
0.00815835
0.00815833
0.0100213
0.0100212
0.0100212
0.0100212
0.0100212
0.0100212
0.0100212
0.0100212
0.0100212
0.0100212
0.0114078
0.0114078
0.0114078
0.0114078
0.0114078
0.0114078
0.0114078
0.0114078
0.0114078
0.0114077
0.0123962
0.0123962
0.0123962
0.0123962
0.0123961
0.0123961
0.0123961
0.0123961
0.0123961
0.0123961
0.0130619
0.0130619
0.0130619
0.0130619
0.0130619
0.0130619
0.0130619
0.0130619
0.0130619
0.0130619
0.0134689
0.0134689
0.0134689
0.0134689
0.0134689
0.0134689
0.0134689
0.0134689
0.0134689
0.0134689
0.0136688
0.0136688
0.0136688
0.0136688
0.0136688
0.0136688
0.0136688
0.0136687
0.0136687
0.0136687
0.0137028
0.0137028
0.0137028
0.0137028
0.0137028
0.0137028
0.0137028
0.0137028
0.0137028
0.0137028
0.013604
0.013604
0.013604
0.013604
0.013604
0.013604
0.013604
0.013604
0.013604
0.013604
0.0133988
0.0133988
0.0133988
0.0133987
0.0133987
0.0133987
0.0133987
0.0133987
0.0133987
0.0133987
0.0131082
0.0131082
0.0131082
0.0131082
0.0131082
0.0131082
0.0131082
0.0131082
0.0131082
0.0131081
0.0127493
0.0127493
0.0127493
0.0127493
0.0127493
0.0127493
0.0127493
0.0127493
0.0127493
0.0127493
0.0123359
0.0123359
0.0123359
0.0123359
0.0123359
0.0123359
0.0123359
0.0123359
0.0123359
0.0123359
0.011879
0.011879
0.011879
0.011879
0.011879
0.011879
0.011879
0.011879
0.0118789
0.0118789
0.0113876
0.0113876
0.0113876
0.0113876
0.0113876
0.0113876
0.0113876
0.0113876
0.0113876
0.0113876
0.0108691
0.0108691
0.0108691
0.0108691
0.0108691
0.0108691
0.0108691
0.0108691
0.0108691
0.0108691
0.0103295
0.0103295
0.0103295
0.0103295
0.0103295
0.0103295
0.0103295
0.0103295
0.0103295
0.0103295
0.00977394
0.00977394
0.00977394
0.00977394
0.00977393
0.00977393
0.00977393
0.00977393
0.00977392
0.00977392
0.00920661
0.00920661
0.00920661
0.0092066
0.0092066
0.0092066
0.0092066
0.0092066
0.0092066
0.00920659
0.00863124
0.00863124
0.00863124
0.00863124
0.00863124
0.00863124
0.00863124
0.00863123
0.00863123
0.00863123
0.00805115
0.00805115
0.00805115
0.00805115
0.00805115
0.00805115
0.00805115
0.00805115
0.00805115
0.00805115
0.00746938
0.00746938
0.00746938
0.00746938
0.00746938
0.00746938
0.00746938
0.00746938
0.00746938
0.00746938
0.00688882
0.00688882
0.00688882
0.00688882
0.00688882
0.00688883
0.00688883
0.00688883
0.00688883
0.00688883
0.00631231
0.00631231
0.00631232
0.00631232
0.00631232
0.00631232
0.00631232
0.00631233
0.00631233
0.00631233
0.0057427
0.0057427
0.0057427
0.0057427
0.0057427
0.00574271
0.00574271
0.00574271
0.00574271
0.00574272
0.00518287
0.00518288
0.00518288
0.00518288
0.00518289
0.00518289
0.00518289
0.00518289
0.0051829
0.00518291
0.00463584
0.00463584
0.00463584
0.00463585
0.00463585
0.00463585
0.00463586
0.00463586
0.00463587
0.00463588
0.00410471
0.00410471
0.00410471
0.00410472
0.00410472
0.00410473
0.00410473
0.00410474
0.00410474
0.00410476
0.00359292
0.00359292
0.00359292
0.00359293
0.00359294
0.00359294
0.00359295
0.00359295
0.00359296
0.00359297
0.00310394
0.00310395
0.00310395
0.00310396
0.00310397
0.00310397
0.00310398
0.00310399
0.00310399
0.00310401
0.00264174
0.00264174
0.00264175
0.00264176
0.00264176
0.00264177
0.00264178
0.00264178
0.00264179
0.00264181
0.00221094
0.00221094
0.00221095
0.00221095
0.00221096
0.00221097
0.00221097
0.00221098
0.00221098
0.002211
0.00181704
0.00181704
0.00181705
0.00181705
0.00181706
0.00181706
0.00181707
0.00181707
0.00181708
0.00181709
0.00146642
0.00146642
0.00146642
0.00146643
0.00146643
0.00146643
0.00146643
0.00146643
0.00146643
0.00146644
0.00116523
0.00116523
0.00116523
0.00116523
0.00116523
0.00116523
0.00116523
0.00116522
0.00116522
0.00116522
0.000917011
0.000917009
0.000917007
0.000917004
0.000917001
0.000916998
0.000916996
0.000916993
0.00091699
0.000916983
0.000717897
0.000717896
0.000717896
0.000717895
0.000717895
0.000717894
0.000717894
0.000717893
0.000717893
0.000717891
0.000558092
0.000558094
0.000558096
0.000558099
0.000558101
0.000558104
0.000558106
0.000558109
0.000558112
0.000558118
0.000436082
0.000436083
0.000436085
0.000436087
0.000436089
0.000436091
0.000436094
0.000436096
0.000436098
0.000436103
0.000351357
0.000351358
0.000351358
0.000351358
0.000351359
0.000351359
0.000351359
0.00035136
0.00035136
0.000351361
0.000290543
0.000290543
0.000290543
0.000290543
0.000290543
0.000290543
0.000290543
0.000290543
0.000290543
0.000290542
0.000240738
0.000240738
0.000240738
0.000240738
0.000240738
0.000240738
0.000240738
0.000240738
0.000240738
0.000240739
0.000198739
0.000198739
0.00019874
0.00019874
0.00019874
0.00019874
0.00019874
0.00019874
0.000198741
0.000198741
0.000166584
0.000166584
0.000166584
0.000166584
0.000166585
0.000166585
0.000166585
0.000166585
0.000166585
0.000166585
0.00014452
0.00014452
0.00014452
0.00014452
0.00014452
0.00014452
0.00014452
0.000144519
0.000144519
0.000144519
0.000130405
0.000130405
0.000130405
0.000130405
0.000130405
0.000130405
0.000130405
0.000130405
0.000130405
0.000130405
0.000122316
0.000122317
0.000122317
0.000122317
0.000122317
0.000122317
0.000122317
0.000122317
0.000122317
0.000122317
0.000118754
0.000118754
0.000118754
0.000118754
0.000118754
0.000118754
0.000118755
0.000118755
0.000118755
0.000118755
0.0026013
0.0026013
0.0026013
0.0026013
0.0026013
0.0026013
0.0026013
0.00260131
0.00260131
0.00260131
0.00578474
0.00578474
0.00578473
0.00578473
0.00578472
0.00578471
0.0057847
0.0057847
0.00578469
0.00578466
0.00815841
0.0081584
0.0081584
0.00815839
0.00815838
0.00815838
0.00815837
0.00815836
0.00815835
0.00815833
0.0100213
0.0100213
0.0100212
0.0100212
0.0100212
0.0100212
0.0100212
0.0100212
0.0100212
0.0100212
0.0114078
0.0114078
0.0114078
0.0114078
0.0114078
0.0114078
0.0114078
0.0114078
0.0114078
0.0114077
0.0123962
0.0123962
0.0123962
0.0123962
0.0123961
0.0123961
0.0123961
0.0123961
0.0123961
0.0123961
0.0130619
0.0130619
0.0130619
0.0130619
0.0130619
0.0130619
0.0130619
0.0130619
0.0130619
0.0130619
0.0134689
0.0134689
0.0134689
0.0134689
0.0134689
0.0134689
0.0134689
0.0134689
0.0134689
0.0134689
0.0136688
0.0136688
0.0136688
0.0136688
0.0136688
0.0136688
0.0136687
0.0136687
0.0136687
0.0136687
0.0137028
0.0137028
0.0137028
0.0137028
0.0137028
0.0137028
0.0137028
0.0137028
0.0137028
0.0137028
0.013604
0.013604
0.013604
0.013604
0.013604
0.013604
0.013604
0.013604
0.013604
0.013604
0.0133988
0.0133988
0.0133988
0.0133987
0.0133987
0.0133987
0.0133987
0.0133987
0.0133987
0.0133987
0.0131082
0.0131082
0.0131082
0.0131082
0.0131082
0.0131082
0.0131082
0.0131082
0.0131081
0.0131081
0.0127493
0.0127493
0.0127493
0.0127493
0.0127493
0.0127493
0.0127493
0.0127493
0.0127493
0.0127493
0.0123359
0.0123359
0.0123359
0.0123359
0.0123359
0.0123359
0.0123359
0.0123359
0.0123359
0.0123358
0.011879
0.011879
0.011879
0.011879
0.011879
0.011879
0.011879
0.011879
0.0118789
0.0118789
0.0113876
0.0113876
0.0113876
0.0113876
0.0113876
0.0113876
0.0113876
0.0113876
0.0113876
0.0113876
0.0108691
0.0108691
0.0108691
0.0108691
0.0108691
0.0108691
0.0108691
0.0108691
0.0108691
0.0108691
0.0103295
0.0103295
0.0103295
0.0103295
0.0103295
0.0103295
0.0103295
0.0103295
0.0103295
0.0103295
0.00977394
0.00977394
0.00977394
0.00977394
0.00977393
0.00977393
0.00977393
0.00977393
0.00977392
0.00977392
0.00920661
0.00920661
0.00920661
0.0092066
0.0092066
0.0092066
0.0092066
0.0092066
0.0092066
0.00920659
0.00863124
0.00863124
0.00863124
0.00863124
0.00863124
0.00863124
0.00863124
0.00863123
0.00863123
0.00863123
0.00805115
0.00805115
0.00805115
0.00805115
0.00805115
0.00805115
0.00805115
0.00805115
0.00805115
0.00805114
0.00746938
0.00746938
0.00746938
0.00746938
0.00746938
0.00746938
0.00746938
0.00746938
0.00746938
0.00746938
0.00688882
0.00688882
0.00688882
0.00688882
0.00688882
0.00688882
0.00688882
0.00688883
0.00688883
0.00688883
0.00631231
0.00631231
0.00631231
0.00631231
0.00631232
0.00631232
0.00631232
0.00631232
0.00631232
0.00631233
0.00574269
0.00574269
0.00574269
0.0057427
0.0057427
0.0057427
0.0057427
0.0057427
0.00574271
0.00574271
0.00518286
0.00518287
0.00518287
0.00518287
0.00518288
0.00518288
0.00518288
0.00518288
0.00518289
0.0051829
0.00463583
0.00463584
0.00463584
0.00463585
0.00463585
0.00463585
0.00463586
0.00463586
0.00463587
0.00463588
0.00410472
0.00410472
0.00410472
0.00410473
0.00410473
0.00410474
0.00410474
0.00410475
0.00410475
0.00410477
0.00359291
0.00359291
0.00359292
0.00359292
0.00359293
0.00359294
0.00359294
0.00359295
0.00359295
0.00359297
0.00310396
0.00310397
0.00310397
0.00310398
0.00310398
0.00310399
0.003104
0.003104
0.00310401
0.00310403
0.00264177
0.00264177
0.00264178
0.00264178
0.00264179
0.0026418
0.0026418
0.00264181
0.00264182
0.00264184
0.00221095
0.00221096
0.00221096
0.00221097
0.00221097
0.00221098
0.00221099
0.00221099
0.002211
0.00221101
0.00181703
0.00181704
0.00181704
0.00181704
0.00181705
0.00181705
0.00181706
0.00181706
0.00181707
0.00181708
0.00146637
0.00146637
0.00146637
0.00146637
0.00146637
0.00146638
0.00146638
0.00146638
0.00146638
0.00146638
0.00116517
0.00116517
0.00116517
0.00116517
0.00116516
0.00116516
0.00116516
0.00116516
0.00116516
0.00116515
0.000917013
0.000917012
0.000917009
0.000917006
0.000917004
0.000917001
0.000916998
0.000916995
0.000916992
0.000916985
0.000717939
0.000717938
0.000717938
0.000717937
0.000717936
0.000717936
0.000717935
0.000717935
0.000717934
0.000717932
0.000558102
0.000558104
0.000558106
0.000558108
0.000558111
0.000558113
0.000558116
0.000558118
0.000558121
0.000558127
0.000436014
0.000436015
0.000436017
0.000436019
0.000436021
0.000436023
0.000436025
0.000436027
0.000436029
0.000436034
0.000351255
0.000351255
0.000351255
0.000351256
0.000351256
0.000351256
0.000351257
0.000351257
0.000351257
0.000351258
0.000290442
0.000290442
0.000290441
0.000290441
0.000290441
0.000290441
0.000290441
0.000290441
0.000290441
0.00029044
0.000240654
0.000240655
0.000240655
0.000240655
0.000240655
0.000240655
0.000240655
0.000240655
0.000240655
0.000240655
0.000198684
0.000198684
0.000198684
0.000198684
0.000198684
0.000198684
0.000198684
0.000198684
0.000198685
0.000198685
0.000166547
0.000166547
0.000166547
0.000166547
0.000166547
0.000166547
0.000166547
0.000166547
0.000166547
0.000166547
0.000144493
0.000144493
0.000144493
0.000144493
0.000144493
0.000144493
0.000144493
0.000144493
0.000144493
0.000144493
0.000130393
0.000130393
0.000130393
0.000130393
0.000130393
0.000130393
0.000130393
0.000130393
0.000130393
0.000130393
0.000122311
0.000122311
0.000122311
0.000122311
0.000122311
0.000122311
0.000122311
0.000122311
0.000122311
0.000122311
0.000118751
0.000118751
0.000118751
0.000118751
0.000118751
0.000118751
0.000118752
0.000118752
0.000118752
0.000118752
)
;

boundaryField
{
    inlet
    {
        type            zeroGradient;
    }
    outlet
    {
        type            zeroGradient;
    }
    sideLeft
    {
        type            zeroGradient;
    }
    sideRight
    {
        type            zeroGradient;
    }
    top
    {
        type            symmetryPlane;
        value           nonuniform List<scalar> 
100
(
0.000118775
0.000118775
0.000118775
0.000118775
0.000118774
0.000118771
0.000118766
0.000118758
0.000118754
0.000118751
0.000118775
0.000118775
0.000118775
0.000118775
0.000118774
0.000118771
0.000118766
0.000118758
0.000118754
0.000118751
0.000118775
0.000118775
0.000118775
0.000118775
0.000118774
0.000118771
0.000118766
0.000118759
0.000118754
0.000118751
0.000118775
0.000118775
0.000118775
0.000118775
0.000118774
0.000118771
0.000118766
0.000118759
0.000118754
0.000118751
0.000118775
0.000118775
0.000118775
0.000118775
0.000118774
0.000118771
0.000118766
0.000118759
0.000118754
0.000118751
0.000118775
0.000118775
0.000118775
0.000118775
0.000118774
0.000118771
0.000118766
0.000118759
0.000118754
0.000118751
0.000118775
0.000118775
0.000118775
0.000118775
0.000118775
0.000118772
0.000118766
0.000118759
0.000118755
0.000118752
0.000118775
0.000118775
0.000118775
0.000118775
0.000118775
0.000118772
0.000118766
0.000118759
0.000118755
0.000118752
0.000118775
0.000118775
0.000118776
0.000118776
0.000118775
0.000118772
0.000118766
0.000118759
0.000118755
0.000118752
0.000118776
0.000118776
0.000118776
0.000118776
0.000118775
0.000118772
0.000118766
0.000118759
0.000118755
0.000118752
)
;
    }
    bottomRoughWall
    {
        type            nutRoughWallFunction;
        Cmu             0.03;
        kappa           0.41;
        E               9.8;
        Cs              uniform 0.5;
        Ks              uniform 0.0044;
        value           nonuniform List<scalar> 
100
(
0.000673758
0.000673758
0.000673758
0.000673758
0.000673759
0.000673759
0.000673759
0.00067376
0.00067376
0.00067376
0.000673758
0.000673758
0.000673758
0.000673758
0.000673759
0.000673759
0.000673759
0.00067376
0.00067376
0.00067376
0.000673758
0.000673758
0.000673759
0.000673759
0.000673759
0.00067376
0.00067376
0.00067376
0.00067376
0.000673761
0.000673758
0.000673759
0.000673759
0.000673759
0.00067376
0.00067376
0.00067376
0.000673761
0.000673761
0.000673761
0.000673759
0.00067376
0.00067376
0.00067376
0.00067376
0.000673761
0.000673761
0.000673761
0.000673761
0.000673761
0.00067376
0.00067376
0.00067376
0.000673761
0.000673761
0.000673761
0.000673762
0.000673762
0.000673762
0.000673762
0.00067376
0.000673761
0.000673761
0.000673761
0.000673762
0.000673762
0.000673762
0.000673762
0.000673762
0.000673762
0.000673761
0.000673761
0.000673762
0.000673762
0.000673762
0.000673762
0.000673763
0.000673763
0.000673763
0.000673763
0.000673762
0.000673762
0.000673762
0.000673762
0.000673762
0.000673763
0.000673763
0.000673763
0.000673763
0.000673763
0.000673761
0.000673761
0.000673762
0.000673762
0.000673762
0.000673762
0.000673762
0.000673762
0.000673762
0.000673763
)
;
    }
}


// ************************************************************************* //
