/*--------------------------------*- C++ -*----------------------------------*\
| =========                 |                                                 |
| \\      /  F ield         | foam-extend: Open Source CFD                    |
|  \\    /   O peration     | Version:     3.2                                |
|   \\  /    A nd           | Web:         http://www.foam-extend.org         |
|    \\/     M anipulation  | For copyright notice see file Copyright         |
\*---------------------------------------------------------------------------*/
FoamFile
{
    version     2.0;
    format      ascii;
    class       volScalarField;
    location    "2000000";
    object      p;
}
// * * * * * * * * * * * * * * * * * * * * * * * * * * * * * * * * * * * * * //

dimensions      [0 2 -2 0 0 0 0];

internalField   nonuniform List<scalar> 
5000
(
3.40186e-12
-0.000158859
-0.000332672
-0.0004862
-0.000638603
-0.000796862
-0.000949691
-0.00110071
-0.00124574
-0.00140866
-1.11727e-06
-0.00015982
-0.000333865
-0.000487414
-0.000639883
-0.000798128
-0.000950979
-0.00110202
-0.00124698
-0.00141192
-1.63229e-06
-0.000160049
-0.00033459
-0.000488425
-0.000641112
-0.000799565
-0.000952502
-0.00110406
-0.00124917
-0.00141808
-2.2501e-06
-0.000159846
-0.000334876
-0.000489166
-0.000642167
-0.000800939
-0.000954134
-0.00110658
-0.00125213
-0.00142653
-2.59249e-06
-0.000159002
-0.000334598
-0.00048957
-0.000642999
-0.000802249
-0.000955884
-0.00110961
-0.00125612
-0.00143669
-2.71861e-06
-0.000157568
-0.00033373
-0.000489583
-0.000643546
-0.000803422
-0.000957746
-0.00111307
-0.0012613
-0.00144812
-2.50503e-06
-0.000155468
-0.000332161
-0.000489116
-0.000643715
-0.000804391
-0.000959697
-0.00111689
-0.00126759
-0.00146064
-1.90348e-06
-0.000152672
-0.000329835
-0.000488089
-0.000643409
-0.000805091
-0.000961703
-0.00112101
-0.00127482
-0.00147413
-8.36908e-07
-0.000149129
-0.000326725
-0.000486407
-0.000642533
-0.000805424
-0.00096372
-0.00112534
-0.00128283
-0.00148845
7.57901e-07
-0.000144805
-0.00032278
-0.000483985
-0.000641031
-0.000805302
-0.000965559
-0.00112982
-0.00129147
-0.00150347
2.94676e-06
-0.000139666
-0.000317939
-0.000480735
-0.000638822
-0.00080466
-0.00096708
-0.00113435
-0.00130058
-0.00151905
5.78787e-06
-0.000133681
-0.000312135
-0.000476568
-0.000635838
-0.000803426
-0.000968195
-0.00113881
-0.00130995
-0.00153501
9.33257e-06
-0.000126819
-0.000305303
-0.000471412
-0.000632021
-0.000801531
-0.000968802
-0.00114305
-0.00131937
-0.00155115
1.36206e-05
-0.00011904
-0.000297388
-0.000465218
-0.000627332
-0.000798911
-0.000968792
-0.00114689
-0.00132862
-0.00156723
1.86794e-05
-0.000110291
-0.000288357
-0.000457968
-0.000621754
-0.000795512
-0.000968067
-0.00115018
-0.00133749
-0.001583
2.45161e-05
-0.000100519
-0.000278213
-0.000449682
-0.000615294
-0.000791293
-0.000966543
-0.00115277
-0.00134574
-0.00159816
3.11154e-05
-8.97002e-05
-0.000266986
-0.000440404
-0.00060797
-0.000786227
-0.000964161
-0.00115453
-0.00135315
-0.00161243
3.84188e-05
-7.78722e-05
-0.000254743
-0.000430205
-0.000599818
-0.00078031
-0.000960893
-0.00115534
-0.0013595
-0.00162552
4.63359e-05
-6.51304e-05
-0.000241583
-0.000419172
-0.000590892
-0.000773559
-0.000956732
-0.00115511
-0.00136462
-0.00163716
5.47135e-05
-5.16415e-05
-0.000227643
-0.000407425
-0.000581284
-0.000766038
-0.000951703
-0.00115378
-0.00136835
-0.00164712
6.33812e-05
-3.76022e-05
-0.000213082
-0.00039509
-0.0005711
-0.00075783
-0.000945849
-0.00115132
-0.00137059
-0.00165521
7.20887e-05
-2.32729e-05
-0.000198109
-0.000382333
-0.000560494
-0.000749075
-0.000939255
-0.00114774
-0.00137129
-0.00166129
8.06064e-05
-8.89606e-06
-0.000182911
-0.000369303
-0.000549613
-0.000739934
-0.000932033
-0.00114313
-0.00137047
-0.0016653
8.8617e-05
5.24382e-06
-0.000167717
-0.000356138
-0.000538617
-0.000730553
-0.000924297
-0.00113759
-0.00136816
-0.00166725
9.58721e-05
1.88722e-05
-0.000152768
-0.000343074
-0.000527848
-0.000721174
-0.000916354
-0.00113138
-0.0013646
-0.00166722
0.000102066
3.16896e-05
-0.000138317
-0.000330258
-0.000517445
-0.000711816
-0.000908364
-0.00112463
-0.00135997
-0.00166532
0.000107011
4.35177e-05
-0.000124382
-0.000317789
-0.000507372
-0.000702835
-0.000900724
-0.00111784
-0.0013546
-0.00166189
0.000110693
5.44777e-05
-0.000110763
-0.000305436
-0.000497528
-0.000694207
-0.000893418
-0.00111103
-0.00134853
-0.00165703
0.000113224
6.49924e-05
-9.70537e-05
-0.000292915
-0.000487858
-0.000686052
-0.000886784
-0.00110474
-0.00134226
-0.00165138
0.000115112
7.61043e-05
-8.22381e-05
-0.000279417
-0.000477667
-0.000677889
-0.000880638
-0.0010989
-0.00133555
-0.00164493
0.00011762
8.88346e-05
-6.55418e-05
-0.000264635
-0.000466958
-0.00067013
-0.000875303
-0.00109376
-0.00132793
-0.00163485
0.000120263
0.000102924
-4.65211e-05
-0.00024798
-0.00045479
-0.000662282
-0.000870484
-0.00108919
-0.00131914
-0.0016201
0.000123758
0.000117686
-2.65922e-05
-0.000229314
-0.000439939
-0.000651104
-0.000865427
-0.00108575
-0.00131199
-0.00160546
0.000124242
0.00012754
-1.32098e-05
-0.000218883
-0.00043408
-0.000644777
-0.000857825
-0.00107942
-0.00130031
-0.00158733
0.000119097
0.00012787
-1.20313e-05
-0.000220472
-0.000441117
-0.000654412
-0.000862507
-0.0010749
-0.00129317
-0.00158226
0.000111724
0.000119325
-1.80535e-05
-0.000228194
-0.000450644
-0.000668897
-0.000878835
-0.00108261
-0.00129285
-0.00158299
0.000107162
0.000108713
-3.30382e-05
-0.000242361
-0.000458669
-0.000669232
-0.000874315
-0.00107782
-0.00128742
-0.0015768
0.000107387
9.7371e-05
-4.98385e-05
-0.000253111
-0.000463331
-0.000671521
-0.00087535
-0.00108066
-0.00128923
-0.00157415
0.000105892
7.869e-05
-7.27194e-05
-0.000268548
-0.000468846
-0.000666794
-0.000864092
-0.00106546
-0.00127719
-0.00155978
0.000104915
6.06025e-05
-9.46681e-05
-0.000284942
-0.000476622
-0.000668346
-0.000861424
-0.00106312
-0.0012771
-0.00155496
0.000103178
4.44732e-05
-0.000114221
-0.000300656
-0.000485888
-0.000674108
-0.000864018
-0.00106513
-0.00127991
-0.00155233
0.000101635
3.14946e-05
-0.000130292
-0.000314048
-0.000495044
-0.000681311
-0.000869199
-0.00106968
-0.00128526
-0.00155351
9.96362e-05
2.2034e-05
-0.000142681
-0.000324948
-0.000503616
-0.000688955
-0.000876087
-0.00107556
-0.00129278
-0.00156155
9.79905e-05
1.71036e-05
-0.000150016
-0.000332108
-0.000510101
-0.000694456
-0.000880804
-0.00108017
-0.00129942
-0.0015704
9.62886e-05
1.57202e-05
-0.000153024
-0.000336426
-0.000515256
-0.000698979
-0.000884634
-0.00108418
-0.00130518
-0.00158005
9.50225e-05
1.71224e-05
-0.000152728
-0.000338463
-0.000518862
-0.00070236
-0.000887399
-0.00108757
-0.00130919
-0.00158695
9.39163e-05
1.87567e-05
-0.000151882
-0.000339179
-0.000521397
-0.000704991
-0.000890385
-0.00109056
-0.00131304
-0.00159363
9.29318e-05
1.88969e-05
-0.00015154
-0.000339985
-0.000523133
-0.000707245
-0.000892876
-0.0010936
-0.00131501
-0.00159332
9.22999e-05
1.866e-05
-0.000152257
-0.000340582
-0.000524307
-0.000708381
-0.000894459
-0.00109495
-0.00131693
-0.0015966
9.20208e-05
1.83033e-05
-0.000152564
-0.000340967
-0.00052459
-0.000708931
-0.000894961
-0.00109573
-0.00131813
-0.00159936
2.43105e-05
-0.000137438
-0.000313694
-0.000467686
-0.000620367
-0.000780238
-0.000933931
-0.00108729
-0.0012335
-0.0013986
2.33247e-05
-0.000138339
-0.000314712
-0.000468702
-0.000621445
-0.000781285
-0.000935031
-0.00108843
-0.00123451
-0.00140169
2.30983e-05
-0.000138354
-0.000315079
-0.000469299
-0.000622245
-0.000782252
-0.000936125
-0.00109005
-0.00123619
-0.00140738
2.29051e-05
-0.000137862
-0.000314904
-0.00046949
-0.000622708
-0.000783016
-0.000937157
-0.00109196
-0.00123845
-0.0014151
2.3048e-05
-0.000136684
-0.000314118
-0.000469266
-0.000622861
-0.000783613
-0.000938202
-0.00109428
-0.00124165
-0.00142439
2.34541e-05
-0.0001349
-0.000312738
-0.000468622
-0.000622685
-0.000784019
-0.000939293
-0.00109696
-0.00124598
-0.00143494
2.42132e-05
-0.000132455
-0.000310686
-0.000467511
-0.000622138
-0.00078421
-0.00094045
-0.00110001
-0.00125137
-0.0014466
2.53598e-05
-0.000129341
-0.000307926
-0.000465892
-0.000621169
-0.000784161
-0.000941674
-0.00110338
-0.00125773
-0.00145928
2.69539e-05
-0.000125519
-0.000304451
-0.000463704
-0.000619731
-0.000783821
-0.000942944
-0.00110701
-0.00126494
-0.00147284
2.90424e-05
-0.000120969
-0.000300238
-0.000460897
-0.000617791
-0.000783141
-0.000944132
-0.00111085
-0.0012729
-0.00148721
3.16691e-05
-0.000115673
-0.000295253
-0.000457415
-0.000615299
-0.000782065
-0.000945166
-0.00111485
-0.00128146
-0.00150225
3.48646e-05
-0.000109627
-0.000289462
-0.000453202
-0.000612209
-0.000780558
-0.000945972
-0.00111892
-0.00129045
-0.00151783
3.86457e-05
-0.000102835
-0.000282827
-0.000448207
-0.000608485
-0.000778587
-0.000946484
-0.00112295
-0.00129969
-0.00153377
4.30114e-05
-9.53028e-05
-0.000275317
-0.000442394
-0.000604101
-0.000776122
-0.00094663
-0.00112681
-0.00130898
-0.00154988
4.7944e-05
-8.70215e-05
-0.000266916
-0.000435749
-0.000599048
-0.000773139
-0.000946341
-0.00113038
-0.00131813
-0.00156593
5.34044e-05
-7.79697e-05
-0.00025763
-0.000428289
-0.000593342
-0.000769619
-0.000945552
-0.00113353
-0.00132694
-0.00158165
5.93336e-05
-6.81298e-05
-0.000247493
-0.000420063
-0.000587018
-0.000765553
-0.000944214
-0.00113615
-0.00133521
-0.00159678
6.56397e-05
-5.75274e-05
-0.000236569
-0.000411156
-0.000580132
-0.000760943
-0.000942295
-0.00113813
-0.00134275
-0.00161102
7.2209e-05
-4.62413e-05
-0.000224946
-0.000401664
-0.000572753
-0.000755804
-0.000939774
-0.00113938
-0.00134937
-0.00162409
7.88797e-05
-3.44226e-05
-0.000212747
-0.000391707
-0.00056497
-0.000750178
-0.000936658
-0.00113983
-0.0013549
-0.00163572
8.5492e-05
-2.22479e-05
-0.000200102
-0.000381392
-0.000556872
-0.000744114
-0.000932954
-0.00113939
-0.00135919
-0.00164567
9.18256e-05
-9.95265e-06
-0.000187184
-0.000370851
-0.000548578
-0.000737704
-0.000928708
-0.00113806
-0.00136212
-0.00165374
9.7721e-05
2.26802e-06
-0.000174121
-0.000360167
-0.000540165
-0.000731019
-0.000923952
-0.0011358
-0.00136362
-0.00165977
0.00010295
1.41704e-05
-0.000161083
-0.000349433
-0.000531734
-0.000724154
-0.000918726
-0.00113262
-0.00136362
-0.00166362
0.000107439
2.56863e-05
-0.000148141
-0.000338648
-0.00052338
-0.000717254
-0.000913189
-0.00112867
-0.00136222
-0.00166527
0.000111055
3.66893e-05
-0.000135454
-0.000327863
-0.000515154
-0.000710185
-0.000907291
-0.00112389
-0.00135938
-0.00166497
0.000113904
4.71503e-05
-0.000122845
-0.000316944
-0.000506829
-0.000702854
-0.000901137
-0.00111842
-0.00135518
-0.00166257
0.000116131
5.72336e-05
-0.000110044
-0.000305593
-0.00049812
-0.000695251
-0.000894641
-0.00111216
-0.00134948
-0.00165791
0.000117912
6.71702e-05
-9.6827e-05
-0.000293556
-0.000488941
-0.000687429
-0.000887986
-0.00110546
-0.00134266
-0.00165168
0.00011883
7.6972e-05
-8.31475e-05
-0.000281004
-0.000479496
-0.000679664
-0.000881663
-0.00109904
-0.0013354
-0.00164445
0.000119475
8.73752e-05
-6.86222e-05
-0.000268237
-0.000470525
-0.00067284
-0.000876506
-0.00109376
-0.0013279
-0.00163411
0.000120704
9.90302e-05
-5.1601e-05
-0.000254122
-0.00046052
-0.000666044
-0.000872241
-0.00109024
-0.00131991
-0.00161894
0.000122973
0.000112435
-3.32401e-05
-0.000237738
-0.000448526
-0.000654792
-0.000864267
-0.00108469
-0.00131285
-0.00160706
0.000122974
0.000122732
-1.90439e-05
-0.000226616
-0.000443573
-0.000654822
-0.000865348
-0.00108669
-0.00130822
-0.00159655
0.000118965
0.000128073
-1.24732e-05
-0.000221822
-0.000444144
-0.000661014
-0.000874872
-0.00108875
-0.00130331
-0.00159428
0.000113791
0.00012386
-1.59406e-05
-0.000226182
-0.000449889
-0.000669264
-0.000890044
-0.00109429
-0.00129693
-0.00158899
0.000107886
0.000108199
-3.22069e-05
-0.000240832
-0.000457905
-0.000671614
-0.000880594
-0.00108412
-0.00129231
-0.00158024
0.000106138
9.36383e-05
-5.46171e-05
-0.000257713
-0.000466914
-0.000672351
-0.00087193
-0.00107693
-0.00128496
-0.00156934
0.000106467
7.78045e-05
-7.37744e-05
-0.000269868
-0.000468569
-0.000665764
-0.0008615
-0.00106386
-0.00127523
-0.00155579
0.000106123
6.09588e-05
-9.42724e-05
-0.000284714
-0.000475569
-0.000667318
-0.000859548
-0.00106128
-0.00127491
-0.00155101
0.000104746
4.55279e-05
-0.000113339
-0.000299691
-0.000484652
-0.000672851
-0.000862435
-0.00106364
-0.00127819
-0.0015508
0.000103246
3.26577e-05
-0.000129309
-0.000313107
-0.000493897
-0.000680249
-0.000867978
-0.00106864
-0.00128409
-0.00155279
0.000101267
2.31785e-05
-0.000141767
-0.000324061
-0.000502637
-0.000688033
-0.00087518
-0.0010747
-0.00129194
-0.00156082
9.95959e-05
1.81711e-05
-0.000149242
-0.000331341
-0.000509262
-0.000693667
-0.000880063
-0.00107944
-0.0012987
-0.00156982
9.79726e-05
1.68346e-05
-0.000152288
-0.000335717
-0.000514366
-0.000698162
-0.000883719
-0.00108328
-0.00130405
-0.00157903
9.66993e-05
1.81735e-05
-0.000152255
-0.000337679
-0.000518057
-0.000701419
-0.00088672
-0.00108632
-0.00130874
-0.00158782
9.55972e-05
1.9783e-05
-0.000151196
-0.000338422
-0.000520624
-0.000704125
-0.000889598
-0.00108956
-0.00131217
-0.00159303
9.45844e-05
1.99553e-05
-0.000150753
-0.000339206
-0.000522288
-0.00070639
-0.000892053
-0.00109272
-0.00131399
-0.00159229
9.38079e-05
1.93759e-05
-0.000151479
-0.000340055
-0.000523584
-0.000707815
-0.000893912
-0.00109446
-0.00131596
-0.00159353
9.3614e-05
1.93546e-05
-0.000151805
-0.000340165
-0.000523915
-0.000708137
-0.000894293
-0.00109482
-0.00131677
-0.00159636
3.81189e-05
-0.00012566
-0.000303815
-0.000458611
-0.000612329
-0.000773826
-0.000928627
-0.00108367
-0.00123087
-0.00139974
3.72934e-05
-0.000126514
-0.000304748
-0.000459503
-0.000613273
-0.000774734
-0.000929566
-0.00108468
-0.00123171
-0.00140271
3.7267e-05
-0.000126495
-0.00030504
-0.000459991
-0.000613956
-0.000775579
-0.000930541
-0.00108617
-0.00123321
-0.00140838
3.73339e-05
-0.000125952
-0.000304785
-0.000460054
-0.000614283
-0.000776192
-0.000931431
-0.00108793
-0.00123529
-0.00141603
3.77435e-05
-0.000124736
-0.000303942
-0.000459718
-0.000614313
-0.000776647
-0.000932348
-0.0010901
-0.00123836
-0.00142525
3.84044e-05
-0.000122937
-0.000302552
-0.000458994
-0.000614051
-0.000776939
-0.000933345
-0.00109264
-0.00124258
-0.00143575
3.93752e-05
-0.000120523
-0.00030057
-0.00045785
-0.000613474
-0.000777069
-0.000934469
-0.00109558
-0.00124791
-0.00144739
4.06627e-05
-0.000117504
-0.000297978
-0.000456272
-0.000612554
-0.000777044
-0.00093574
-0.00109889
-0.00125427
-0.00146007
4.22964e-05
-0.000113863
-0.000294763
-0.000454233
-0.000611271
-0.000776835
-0.000937158
-0.00110254
-0.00126157
-0.00147368
4.42952e-05
-0.00010959
-0.000290929
-0.000451706
-0.000609615
-0.000776407
-0.000938637
-0.00110651
-0.0012697
-0.00148813
4.66786e-05
-0.000104677
-0.000286462
-0.000448659
-0.000607579
-0.000775727
-0.000940084
-0.00111078
-0.00127855
-0.00150332
4.9459e-05
-9.91225e-05
-0.000281342
-0.000445057
-0.000605136
-0.00077478
-0.000941423
-0.00111529
-0.00128795
-0.00151911
5.26422e-05
-9.29328e-05
-0.000275542
-0.000440864
-0.000602254
-0.000773541
-0.000942623
-0.00111995
-0.00129774
-0.00153537
5.62206e-05
-8.61216e-05
-0.000269033
-0.00043605
-0.000598898
-0.000771982
-0.000943632
-0.00112463
-0.00130775
-0.00155194
6.0174e-05
-7.87012e-05
-0.000261784
-0.000430593
-0.000595037
-0.000770066
-0.000944391
-0.00112921
-0.00131777
-0.0015686
6.44645e-05
-7.06796e-05
-0.000253776
-0.000424482
-0.000590647
-0.000767754
-0.000944823
-0.00113353
-0.00132762
-0.00158512
6.90388e-05
-6.20582e-05
-0.000245007
-0.000417721
-0.000585724
-0.000765007
-0.000944845
-0.00113746
-0.00133708
-0.00160122
7.38216e-05
-5.28493e-05
-0.000235502
-0.000410339
-0.000580287
-0.000761798
-0.000944369
-0.00114082
-0.0013459
-0.00161657
7.87269e-05
-4.3088e-05
-0.000225311
-0.00040238
-0.000574368
-0.0007581
-0.000943315
-0.00114348
-0.00135386
-0.00163083
8.36387e-05
-3.28598e-05
-0.000214512
-0.000393913
-0.000568018
-0.000753905
-0.000941624
-0.00114529
-0.00136072
-0.00164364
8.84531e-05
-2.22694e-05
-0.000203192
-0.000384998
-0.00056128
-0.000749205
-0.000939245
-0.00114614
-0.00136625
-0.00165467
9.3025e-05
-1.14717e-05
-0.000191464
-0.000375709
-0.000554212
-0.000744025
-0.000936164
-0.00114592
-0.00137028
-0.00166363
9.72752e-05
-5.83219e-07
-0.000179411
-0.000366075
-0.000546841
-0.000738372
-0.00093235
-0.00114456
-0.00137263
-0.00167028
0.000101075
1.02521e-05
-0.000167138
-0.000356132
-0.00053923
-0.000732311
-0.000927841
-0.00114204
-0.00137322
-0.00167447
0.000104433
2.10309e-05
-0.000154635
-0.000345771
-0.000531306
-0.0007258
-0.000922612
-0.00113836
-0.00137199
-0.00167613
0.000107253
3.15788e-05
-0.000142008
-0.00033512
-0.000523185
-0.000718844
-0.000916735
-0.00113357
-0.00136897
-0.00167526
0.000109703
4.19804e-05
-0.00012917
-0.000324025
-0.000514635
-0.000711315
-0.000910217
-0.0011277
-0.0013642
-0.00167191
0.000111804
5.22501e-05
-0.000115957
-0.000312275
-0.000505545
-0.000703366
-0.00090325
-0.00112083
-0.00135769
-0.00166614
0.000113934
6.26984e-05
-0.000102062
-0.000299538
-0.000495713
-0.000694965
-0.000895906
-0.00111316
-0.0013497
-0.00165844
0.000115569
7.32029e-05
-8.75654e-05
-0.000286112
-0.000485498
-0.000686586
-0.000888777
-0.00110543
-0.00134097
-0.00164947
0.000117669
8.50152e-05
-7.15415e-05
-0.0002716
-0.000475017
-0.000678298
-0.000882026
-0.00109793
-0.00133116
-0.00163655
0.000119561
9.70567e-05
-5.36078e-05
-0.000256559
-0.000465355
-0.000672248
-0.000878281
-0.00109521
-0.00132424
-0.00162366
0.00012268
0.000111848
-3.43411e-05
-0.000240332
-0.00045461
-0.00066437
-0.000871691
-0.00108882
-0.00131492
-0.00161177
0.000122583
0.000122334
-1.98134e-05
-0.00022709
-0.000445982
-0.000662384
-0.000872468
-0.00108725
-0.00131133
-0.00160643
0.000116634
0.000121805
-1.79258e-05
-0.000228007
-0.000449049
-0.000662387
-0.000870795
-0.00107951
-0.00129658
-0.00158821
0.000111397
0.000117747
-2.27875e-05
-0.000234251
-0.000454551
-0.000666843
-0.000875522
-0.00107631
-0.00128625
-0.0015757
0.000107748
0.00010758
-3.3294e-05
-0.000241455
-0.000455177
-0.000665805
-0.000871642
-0.00107398
-0.00128264
-0.00156894
0.000107064
9.59158e-05
-5.04443e-05
-0.000250472
-0.000456773
-0.000657532
-0.00085654
-0.00106087
-0.00127368
-0.00156032
0.000107255
7.94119e-05
-7.15561e-05
-0.000266036
-0.000463376
-0.000659323
-0.000854883
-0.00105828
-0.00127178
-0.00155582
0.00010679
6.21027e-05
-9.25944e-05
-0.000282314
-0.000471991
-0.00066353
-0.00085523
-0.00105839
-0.00127227
-0.00154974
0.000104971
4.60638e-05
-0.000112513
-0.000298478
-0.000483074
-0.000671143
-0.00086077
-0.00106246
-0.00127752
-0.00155104
0.000103207
3.29095e-05
-0.000129003
-0.000312463
-0.000493225
-0.000679376
-0.000867452
-0.00106798
-0.00128411
-0.00155381
0.00010094
2.30836e-05
-0.000141693
-0.000323889
-0.000502444
-0.000687836
-0.000875087
-0.00107456
-0.00129215
-0.00156119
9.91398e-05
1.78927e-05
-0.000149381
-0.000331451
-0.00050932
-0.000693844
-0.000880337
-0.00107976
-0.00129914
-0.00157071
9.74642e-05
1.64186e-05
-0.000152656
-0.000335793
-0.000514469
-0.000698204
-0.000884055
-0.00108307
-0.00130466
-0.00158101
9.60779e-05
1.76029e-05
-0.000152409
-0.000337789
-0.000518227
-0.000701646
-0.000886961
-0.00108671
-0.001309
-0.0015871
9.49635e-05
1.92265e-05
-0.000151548
-0.000338585
-0.000520856
-0.000704244
-0.00088983
-0.0010897
-0.00131216
-0.0015921
9.39863e-05
1.93803e-05
-0.000151102
-0.000339437
-0.000522421
-0.00070651
-0.000892123
-0.00109269
-0.00131389
-0.00159205
9.32593e-05
1.89058e-05
-0.00015154
-0.000340171
-0.00052341
-0.000707818
-0.000893497
-0.00109416
-0.00131523
-0.00159316
9.29559e-05
1.86167e-05
-0.000152035
-0.000340715
-0.000524035
-0.000708546
-0.00089433
-0.00109515
-0.00131633
-0.0015945
5.57727e-05
-0.00011034
-0.00029119
-0.000447497
-0.000602483
-0.000765669
-0.000921256
-0.00107834
-0.00122734
-0.00139974
5.50215e-05
-0.000111159
-0.000292071
-0.000448351
-0.000603374
-0.00076651
-0.000922099
-0.00107925
-0.00122811
-0.00140272
5.51153e-05
-0.00011109
-0.000292311
-0.00044881
-0.000604011
-0.000767293
-0.000922961
-0.00108066
-0.00122949
-0.00140845
5.53019e-05
-0.00011053
-0.000292045
-0.000448888
-0.000604346
-0.000767872
-0.000923795
-0.00108239
-0.00123158
-0.00141615
5.58214e-05
-0.00010933
-0.000291227
-0.000448615
-0.000604429
-0.000768334
-0.000924728
-0.00108456
-0.00123482
-0.00142546
5.65669e-05
-0.000107596
-0.000289909
-0.000448009
-0.00060427
-0.000768682
-0.000925826
-0.00108717
-0.00123924
-0.00143612
5.75861e-05
-0.000105303
-0.000288048
-0.000447052
-0.00060384
-0.000768918
-0.000927162
-0.00109025
-0.00124483
-0.001448
5.88726e-05
-0.000102468
-0.00028563
-0.000445733
-0.00060313
-0.000769059
-0.000928762
-0.00109377
-0.00125151
-0.00146096
6.04438e-05
-9.90754e-05
-0.000282662
-0.000444029
-0.000602124
-0.000769086
-0.000930651
-0.00109773
-0.00125918
-0.00147488
6.23074e-05
-9.51214e-05
-0.000279152
-0.000441913
-0.000600826
-0.000768998
-0.000932702
-0.00110212
-0.00126776
-0.00148966
6.44709e-05
-9.06019e-05
-0.000275101
-0.000439349
-0.000599245
-0.000768795
-0.000934758
-0.00110693
-0.00127711
-0.00150519
6.69366e-05
-8.5519e-05
-0.000270498
-0.0004363
-0.000597359
-0.000768457
-0.00093676
-0.00111209
-0.00128709
-0.00152133
6.97024e-05
-7.98761e-05
-0.000265324
-0.000432728
-0.000595138
-0.000767952
-0.00093867
-0.00111747
-0.00129753
-0.00153795
7.27531e-05
-7.36855e-05
-0.000259554
-0.000428616
-0.000592551
-0.00076723
-0.000940433
-0.00112295
-0.00130822
-0.00155488
7.60623e-05
-6.69589e-05
-0.000253153
-0.000423943
-0.000589564
-0.00076623
-0.000941989
-0.00112838
-0.00131898
-0.00157194
7.95906e-05
-5.97066e-05
-0.000246089
-0.000418705
-0.000586141
-0.000764883
-0.000943265
-0.0011336
-0.00132957
-0.00158889
8.32868e-05
-5.1939e-05
-0.000238344
-0.000412908
-0.00058225
-0.000763121
-0.000944171
-0.00113844
-0.00133977
-0.00160546
8.70855e-05
-4.36747e-05
-0.00022992
-0.000406559
-0.000577873
-0.000760887
-0.000944611
-0.00114272
-0.00134933
-0.00162132
9.09156e-05
-3.49426e-05
-0.000220832
-0.000399665
-0.000573005
-0.000758139
-0.00094448
-0.00114627
-0.00135799
-0.00163609
9.46887e-05
-2.57971e-05
-0.000211121
-0.000392246
-0.000567656
-0.000754847
-0.000943679
-0.0011489
-0.00136549
-0.00164941
9.83343e-05
-1.62984e-05
-0.00020083
-0.000384313
-0.000561837
-0.000750977
-0.000942115
-0.00115045
-0.00137159
-0.00166089
0.000101747
-6.54941e-06
-0.000190031
-0.000375891
-0.000555567
-0.000746513
-0.000939725
-0.00115081
-0.00137606
-0.00167018
0.000104899
3.3853e-06
-0.00017876
-0.000366971
-0.000548844
-0.00074143
-0.000936449
-0.00114985
-0.0013787
-0.00167699
0.000107692
1.34009e-05
-0.000167082
-0.000357547
-0.000541687
-0.000735742
-0.000932276
-0.00114755
-0.00137938
-0.00168109
0.000110174
2.35171e-05
-0.000154961
-0.000347522
-0.000533986
-0.000729426
-0.00092715
-0.00114387
-0.00137803
-0.00168234
0.000112277
3.36592e-05
-0.000142557
-0.000336947
-0.000525886
-0.000722481
-0.000921196
-0.0011389
-0.00137472
-0.00168108
0.000114162
4.38008e-05
-0.00012975
-0.000325743
-0.00051721
-0.000714723
-0.000914408
-0.00113266
-0.00136944
-0.00167712
0.000115761
5.38609e-05
-0.000116501
-0.000313845
-0.000507913
-0.000706504
-0.000907133
-0.00112539
-0.00136233
-0.00167059
0.000117516
6.41924e-05
-0.000102485
-0.000300885
-0.000497782
-0.000697777
-0.000899471
-0.00111732
-0.00135367
-0.00166207
0.000118808
7.45728e-05
-8.7925e-05
-0.000287352
-0.000487406
-0.000689103
-0.0008919
-0.00110899
-0.00134406
-0.00165206
0.000119894
8.58142e-05
-7.24245e-05
-0.000273739
-0.000477954
-0.000681834
-0.000885616
-0.00110154
-0.00133418
-0.0016393
0.000121037
9.78057e-05
-5.47195e-05
-0.00025965
-0.000469124
-0.000676121
-0.000881892
-0.00109753
-0.00132677
-0.00162603
0.000124698
0.000113146
-3.29029e-05
-0.00023902
-0.000453453
-0.000661234
-0.000866197
-0.00108671
-0.00131647
-0.00161286
0.000125428
0.000124708
-1.71474e-05
-0.000224909
-0.000441889
-0.000657384
-0.000872497
-0.00109127
-0.00131336
-0.00160563
0.00012224
0.000129601
-1.17123e-05
-0.000221225
-0.00044228
-0.000657183
-0.000868138
-0.00107896
-0.00129513
-0.00158371
0.00011683
0.000124333
-1.74937e-05
-0.000228246
-0.000446773
-0.000657824
-0.00086853
-0.00107146
-0.00127864
-0.00156397
0.000113434
0.000114987
-2.70566e-05
-0.000235024
-0.000447705
-0.000659603
-0.000867546
-0.00107347
-0.001282
-0.00156295
0.000113046
0.000103684
-4.21505e-05
-0.000241618
-0.000446888
-0.000649932
-0.000853509
-0.00106394
-0.00127909
-0.00156271
0.000111665
8.42299e-05
-6.65225e-05
-0.000260141
-0.00045738
-0.000653433
-0.000851568
-0.00105611
-0.00127086
-0.0015552
0.000110298
6.55838e-05
-8.93235e-05
-0.000278397
-0.00046828
-0.000659418
-0.000852437
-0.00105586
-0.0012712
-0.00155006
0.000107946
4.87637e-05
-0.000109926
-0.000295751
-0.00048039
-0.000668369
-0.000858619
-0.00106059
-0.00127639
-0.00154997
0.000105655
3.49828e-05
-0.000127022
-0.000310545
-0.000491365
-0.000677644
-0.000865893
-0.00106683
-0.00128319
-0.00155246
0.000103163
2.49226e-05
-0.000140094
-0.000322348
-0.000500967
-0.000686481
-0.00087385
-0.00107357
-0.00129136
-0.00156081
0.000101079
1.94298e-05
-0.000148074
-0.000330261
-0.000508196
-0.000692916
-0.000879711
-0.00107908
-0.00129871
-0.00157068
9.91928e-05
1.77974e-05
-0.000151307
-0.000334535
-0.000513395
-0.000697346
-0.000883376
-0.00108283
-0.00130448
-0.00157955
9.77753e-05
1.89891e-05
-0.000151369
-0.000336705
-0.000517205
-0.000700631
-0.00088614
-0.00108578
-0.00130839
-0.00158732
9.65636e-05
2.02647e-05
-0.000150347
-0.000337575
-0.00051977
-0.000703401
-0.000889121
-0.00108936
-0.00131152
-0.00158961
9.55941e-05
2.07139e-05
-0.000149884
-0.00033829
-0.000521279
-0.000705475
-0.000891116
-0.00109183
-0.00131301
-0.00159118
9.49312e-05
2.04037e-05
-0.000150286
-0.00033909
-0.000522207
-0.000706838
-0.000892255
-0.00109333
-0.00131402
-0.00159213
9.45981e-05
1.9949e-05
-0.00015108
-0.000339617
-0.000522642
-0.000707332
-0.000892898
-0.00109374
-0.00131539
-0.00159556
6.59784e-05
-0.000102109
-0.000285208
-0.000442615
-0.000599646
-0.000764609
-0.000921844
-0.00108085
-0.00123166
-0.00140764
6.52683e-05
-0.000102914
-0.000286051
-0.000443438
-0.000600506
-0.000765427
-0.000922646
-0.00108168
-0.00123233
-0.00141066
6.53388e-05
-0.000102896
-0.000286312
-0.000443928
-0.000601198
-0.000766265
-0.000923582
-0.00108308
-0.00123376
-0.00141653
6.54934e-05
-0.000102404
-0.000286081
-0.000444057
-0.000601619
-0.000766909
-0.000924543
-0.00108486
-0.00123607
-0.00142436
6.59517e-05
-0.000101302
-0.000285328
-0.000443869
-0.000601837
-0.000767472
-0.000925687
-0.00108711
-0.00123959
-0.00143392
6.6612e-05
-9.96928e-05
-0.000284099
-0.000443389
-0.000601863
-0.000767948
-0.000927087
-0.00108985
-0.00124435
-0.00144496
6.751e-05
-9.75579e-05
-0.000282361
-0.000442616
-0.000601679
-0.000768348
-0.000928838
-0.0010931
-0.00125033
-0.00145734
6.86301e-05
-9.49239e-05
-0.000280106
-0.000441558
-0.00060128
-0.000768686
-0.000930945
-0.00109688
-0.00125742
-0.0014709
6.9978e-05
-9.17926e-05
-0.000277333
-0.000440197
-0.000600661
-0.000768964
-0.000933317
-0.00110122
-0.00126556
-0.00148553
7.155e-05
-8.81655e-05
-0.000274086
-0.000438507
-0.000599805
-0.000769206
-0.000935809
-0.00110613
-0.00127466
-0.00150108
7.33426e-05
-8.40484e-05
-0.000270384
-0.000436458
-0.000598683
-0.000769415
-0.000938373
-0.00111155
-0.00128456
-0.00151737
7.5347e-05
-7.94569e-05
-0.000266242
-0.000434018
-0.000597266
-0.000769577
-0.00094097
-0.00111736
-0.00129512
-0.00153423
7.75446e-05
-7.44021e-05
-0.000261658
-0.000431148
-0.000595538
-0.000769663
-0.000943532
-0.00112344
-0.00130615
-0.00155145
7.99168e-05
-6.88982e-05
-0.000256599
-0.000427807
-0.000593501
-0.000769635
-0.000945978
-0.00112964
-0.00131746
-0.00156881
8.24357e-05
-6.29588e-05
-0.000251028
-0.000423961
-0.000591147
-0.000769434
-0.000948218
-0.00113581
-0.00132884
-0.00158613
8.50682e-05
-5.6584e-05
-0.000244892
-0.000419594
-0.000588466
-0.000768975
-0.000950162
-0.00114178
-0.00134004
-0.00160319
8.77739e-05
-4.97641e-05
-0.000238148
-0.000414705
-0.000585427
-0.000768159
-0.000951717
-0.00114735
-0.00135081
-0.00161974
9.05097e-05
-4.24907e-05
-0.000230761
-0.000409292
-0.000581981
-0.000766881
-0.000952788
-0.00115235
-0.00136088
-0.0016355
9.32251e-05
-3.47742e-05
-0.000222716
-0.000403344
-0.000578067
-0.000765048
-0.000953277
-0.00115656
-0.00136998
-0.00165015
9.58746e-05
-2.66353e-05
-0.000214005
-0.000396838
-0.00057363
-0.000762579
-0.000953065
-0.00115979
-0.00137782
-0.00166333
9.84099e-05
-1.81089e-05
-0.000204634
-0.000389742
-0.000568623
-0.000759415
-0.000952028
-0.00116182
-0.00138414
-0.00167467
0.000100806
-9.22702e-06
-0.00019461
-0.000382017
-0.000563005
-0.000755493
-0.00095004
-0.00116249
-0.00138868
-0.00168377
0.000103042
-2.41234e-08
-0.000183947
-0.000373616
-0.000556736
-0.000750768
-0.000947001
-0.00116165
-0.00139124
-0.00169031
0.000105124
9.48087e-06
-0.000172642
-0.000364462
-0.000549769
-0.000745198
-0.000942834
-0.00115921
-0.00139164
-0.00169402
0.000107087
1.9308e-05
-0.000160679
-0.000354423
-0.000542018
-0.000738689
-0.000937466
-0.00115512
-0.00138977
-0.00169477
0.000108937
2.93816e-05
-0.000148101
-0.000343647
-0.000533664
-0.000731376
-0.000931046
-0.00114956
-0.00138571
-0.0016926
0.000110788
3.96972e-05
-0.000134916
-0.000332016
-0.000524458
-0.000722994
-0.000923498
-0.00114246
-0.00137942
-0.00168745
0.000112632
5.01874e-05
-0.000121063
-0.00031943
-0.000514397
-0.000713887
-0.000915274
-0.00113417
-0.00137117
-0.00167962
0.000114592
6.0966e-05
-0.000106366
-0.000305715
-0.000503428
-0.000704159
-0.000906574
-0.00112495
-0.00136125
-0.00166965
0.000116649
7.23552e-05
-9.0648e-05
-0.000291037
-0.00049195
-0.000694372
-0.000897925
-0.0011154
-0.00135019
-0.0016577
0.000118574
8.5015e-05
-7.32398e-05
-0.000275779
-0.000481018
-0.000686139
-0.000890803
-0.00110716
-0.00133922
-0.00164297
0.000121341
9.97808e-05
-5.32957e-05
-0.00025921
-0.000469672
-0.000677845
-0.000883604
-0.00109993
-0.00132848
-0.00162584
0.000123083
0.000112036
-3.66788e-05
-0.000245353
-0.000458618
-0.000666078
-0.000871632
-0.00108592
-0.00131166
-0.00160501
0.000125656
0.000126171
-1.97865e-05
-0.000228362
-0.000442732
-0.000650793
-0.000862293
-0.00108203
-0.00130386
-0.00159059
0.000123768
0.000130123
-1.27151e-05
-0.000223633
-0.00044154
-0.000650162
-0.000858226
-0.00107195
-0.0012875
-0.00157294
0.000119306
0.00012688
-1.57478e-05
-0.000227666
-0.000443543
-0.000649108
-0.000862148
-0.00107089
-0.00127667
-0.00156173
0.000113672
0.00011468
-3.07752e-05
-0.000239083
-0.000453125
-0.00065961
-0.000861302
-0.00106646
-0.00127556
-0.00156003
0.000113008
0.000102557
-4.51271e-05
-0.00024546
-0.000452257
-0.000653553
-0.000856819
-0.00106761
-0.0012773
-0.00155946
0.000113007
8.59255e-05
-6.50052e-05
-0.000258364
-0.000456008
-0.000651634
-0.000850362
-0.00105476
-0.00126841
-0.00155031
0.000111623
6.71524e-05
-8.73029e-05
-0.000276383
-0.000466249
-0.000657546
-0.000850715
-0.00105452
-0.00126958
-0.00154659
0.000108537
4.96728e-05
-0.00010882
-0.000294556
-0.000479326
-0.000667433
-0.000857897
-0.00106019
-0.00127598
-0.00154925
0.000105748
3.5391e-05
-0.000126555
-0.000310083
-0.00049093
-0.000677288
-0.000865743
-0.00106673
-0.00128322
-0.00155348
0.000102871
2.49183e-05
-0.000139983
-0.000322264
-0.000500989
-0.000686577
-0.00087401
-0.00107367
-0.00129169
-0.00156129
0.000100664
1.92142e-05
-0.000148152
-0.000330298
-0.000508288
-0.000693283
-0.000880097
-0.00107926
-0.0012992
-0.00157137
9.86499e-05
1.75631e-05
-0.000151388
-0.000334738
-0.0005137
-0.000697741
-0.000883651
-0.00108314
-0.00130454
-0.00157949
9.72239e-05
1.86355e-05
-0.000151316
-0.000336775
-0.000517425
-0.000701022
-0.000886703
-0.00108664
-0.00130895
-0.00158628
9.60125e-05
2.01403e-05
-0.000150172
-0.000337667
-0.000519738
-0.00070373
-0.00088903
-0.00108961
-0.00131103
-0.00158945
9.50077e-05
2.04012e-05
-0.000150127
-0.000338573
-0.000521554
-0.000705798
-0.000891333
-0.00109205
-0.00131315
-0.00159132
9.43485e-05
2.00263e-05
-0.000150935
-0.000339397
-0.000522637
-0.000706998
-0.000892652
-0.00109317
-0.00131461
-0.00159404
9.40553e-05
1.97408e-05
-0.000151214
-0.000339545
-0.000522886
-0.000707342
-0.000893155
-0.00109377
-0.00131598
-0.00159708
7.90454e-05
-9.12429e-05
-0.000276683
-0.000435477
-0.000594557
-0.000761531
-0.000921173
-0.00108302
-0.0012363
-0.0014152
7.83698e-05
-9.20375e-05
-0.000277507
-0.000436253
-0.000595369
-0.000762295
-0.000921987
-0.00108382
-0.00123691
-0.0014182
7.84924e-05
-9.20251e-05
-0.000277782
-0.000436716
-0.000596051
-0.000763083
-0.000922982
-0.00108522
-0.00123839
-0.00142403
7.86733e-05
-9.15798e-05
-0.000277621
-0.000436851
-0.000596519
-0.000763712
-0.000924045
-0.00108702
-0.00124088
-0.00143186
7.91383e-05
-9.05594e-05
-0.000276989
-0.000436705
-0.000596855
-0.000764279
-0.000925381
-0.00108931
-0.00124459
-0.00144146
7.97777e-05
-8.90687e-05
-0.000275935
-0.000436308
-0.000597085
-0.000764781
-0.000927093
-0.00109214
-0.00124953
-0.00145261
8.0624e-05
-8.7087e-05
-0.000274427
-0.000435663
-0.000597191
-0.000765253
-0.000929114
-0.00109556
-0.00125569
-0.00146517
8.16575e-05
-8.46365e-05
-0.000272462
-0.000434789
-0.000597168
-0.000765726
-0.000931359
-0.00109965
-0.00126299
-0.001479
8.28779e-05
-8.1725e-05
-0.000270017
-0.000433683
-0.000597008
-0.000766225
-0.000933792
-0.00110438
-0.00127135
-0.00149397
8.42775e-05
-7.83645e-05
-0.000267103
-0.000432336
-0.000596672
-0.000766762
-0.000936439
-0.00110971
-0.00128068
-0.00150996
8.58461e-05
-7.45714e-05
-0.000263731
-0.000430733
-0.000596108
-0.000767351
-0.0009393
-0.00111554
-0.00129083
-0.00152682
8.75678e-05
-7.03582e-05
-0.000259938
-0.000428844
-0.000595272
-0.000767976
-0.000942333
-0.00112175
-0.00130167
-0.00154436
8.94218e-05
-6.57384e-05
-0.000255761
-0.00042663
-0.000594133
-0.000768598
-0.000945464
-0.00112822
-0.00131301
-0.00156234
9.13842e-05
-6.07393e-05
-0.000251173
-0.000424032
-0.000592667
-0.000769167
-0.000948583
-0.00113482
-0.0013247
-0.00158047
9.34262e-05
-5.53777e-05
-0.000246142
-0.000420992
-0.000590861
-0.000769619
-0.000951568
-0.00114143
-0.00133652
-0.00159845
9.55165e-05
-4.96507e-05
-0.000240612
-0.000417449
-0.00058871
-0.000769875
-0.000954278
-0.00114785
-0.0013482
-0.00161598
9.76223e-05
-4.35256e-05
-0.000234522
-0.000413354
-0.000586204
-0.000769835
-0.000956564
-0.0011539
-0.00135946
-0.00163277
9.97136e-05
-3.69524e-05
-0.000227815
-0.000408679
-0.000583307
-0.000769368
-0.000958282
-0.00115936
-0.00136998
-0.00164854
0.000101759
-2.99023e-05
-0.000220449
-0.000403403
-0.000579952
-0.00076832
-0.000959296
-0.00116399
-0.00137943
-0.00166297
0.000103732
-2.23805e-05
-0.000212392
-0.000397497
-0.000576057
-0.000766547
-0.000959472
-0.00116758
-0.0013875
-0.00167575
0.000105607
-1.44152e-05
-0.000203619
-0.000390914
-0.000571525
-0.000763925
-0.000958679
-0.00116987
-0.00139388
-0.00168653
0.000107379
-6.0349e-06
-0.00019411
-0.000383597
-0.000566268
-0.000760357
-0.000956787
-0.00117064
-0.0013983
-0.00169498
0.000109051
2.74488e-06
-0.000183838
-0.000375474
-0.000560209
-0.000755776
-0.000953684
-0.00116972
-0.00140052
-0.00170076
0.000110643
1.19132e-05
-0.000172785
-0.000366462
-0.000553268
-0.00075013
-0.000949278
-0.00116699
-0.00140041
-0.00170364
0.000112223
2.14997e-05
-0.000160913
-0.000356471
-0.000545372
-0.000743386
-0.000943482
-0.00116239
-0.00139784
-0.00170341
0.000113784
3.15416e-05
-0.000148264
-0.000345385
-0.000536625
-0.000735651
-0.000936506
-0.00115616
-0.00139299
-0.00170029
0.000115408
4.19015e-05
-0.000134906
-0.00033343
-0.000527074
-0.000726789
-0.000928367
-0.00114834
-0.00138587
-0.00169421
0.000117064
5.24677e-05
-0.000120827
-0.00032049
-0.000516579
-0.000717098
-0.000919488
-0.0011393
-0.0013768
-0.00168547
0.000118962
6.34163e-05
-0.000105797
-0.00030631
-0.000505097
-0.00070672
-0.000910129
-0.00112937
-0.00136611
-0.00167465
0.000121005
7.50243e-05
-8.94961e-05
-0.000290809
-0.000492809
-0.000696108
-0.000900945
-0.00111929
-0.00135444
-0.00166196
0.000123377
8.81457e-05
-7.08333e-05
-0.000273384
-0.000479496
-0.000685275
-0.000892075
-0.00110951
-0.00134252
-0.00164606
0.000126588
0.000103175
-4.87671e-05
-0.000253404
-0.00046468
-0.000674452
-0.00088346
-0.00110125
-0.00133102
-0.00162751
0.000127985
0.000115685
-3.09921e-05
-0.000239358
-0.000454402
-0.000662704
-0.00087183
-0.00109147
-0.00131697
-0.00160894
0.000129119
0.000126932
-1.83415e-05
-0.000227488
-0.000443834
-0.000650549
-0.000861961
-0.00108269
-0.00130476
-0.00159427
0.000130259
0.000136609
-6.17618e-06
-0.000217053
-0.000435975
-0.000645614
-0.000855865
-0.00107484
-0.00129529
-0.00157759
0.000126737
0.000134441
-7.45844e-06
-0.000218596
-0.000436337
-0.000645126
-0.000856307
-0.00107182
-0.00128386
-0.00156405
0.000120404
0.000120828
-2.14295e-05
-0.000229237
-0.00044093
-0.00064883
-0.000856184
-0.00106339
-0.00127216
-0.00155258
0.000120621
0.000110545
-3.58273e-05
-0.000235311
-0.000438936
-0.000641832
-0.000849945
-0.00105771
-0.00126781
-0.0015468
0.000118943
9.10793e-05
-5.91325e-05
-0.000253052
-0.000449956
-0.000646631
-0.000845973
-0.00105064
-0.00126262
-0.00154007
0.000115587
7.08703e-05
-8.39852e-05
-0.000273332
-0.000463605
-0.000655321
-0.00084914
-0.00105317
-0.00126762
-0.00154481
0.000111691
5.23134e-05
-0.000106347
-0.000292544
-0.000477496
-0.000666021
-0.000856661
-0.00105932
-0.00127464
-0.00154681
0.000108409
3.7632e-05
-0.000124676
-0.000308295
-0.000489488
-0.000675974
-0.000864703
-0.00106569
-0.00128231
-0.00155215
0.000105364
2.699e-05
-0.000138226
-0.000320641
-0.000499556
-0.000685218
-0.000872746
-0.00107255
-0.00129071
-0.00156032
0.000102947
2.10922e-05
-0.00014655
-0.000328839
-0.000506982
-0.000692002
-0.000878709
-0.00107798
-0.00129805
-0.00157016
0.000100857
1.94108e-05
-0.00014983
-0.000333351
-0.000512355
-0.00069641
-0.000882249
-0.0010819
-0.00130335
-0.00157846
9.92656e-05
2.04151e-05
-0.000149858
-0.000335614
-0.000516095
-0.000699901
-0.00088518
-0.00108547
-0.00130728
-0.00158509
9.79364e-05
2.17697e-05
-0.000149208
-0.000336573
-0.000518741
-0.000702564
-0.000888047
-0.00108827
-0.00131038
-0.00159025
9.68242e-05
2.19883e-05
-0.000148844
-0.00033744
-0.000520363
-0.000704723
-0.000890117
-0.00109105
-0.00131202
-0.0015907
9.59955e-05
2.12927e-05
-0.000149599
-0.000338131
-0.00052153
-0.000705873
-0.000891789
-0.00109247
-0.001314
-0.00159205
9.56696e-05
2.11053e-05
-0.000150092
-0.000338483
-0.000521973
-0.000706391
-0.000892308
-0.00109294
-0.00131509
-0.00159573
8.50961e-05
-8.69123e-05
-0.000274088
-0.000434346
-0.000595986
-0.000764878
-0.000926754
-0.00109084
-0.0012461
-0.00142613
8.44992e-05
-8.76675e-05
-0.000274864
-0.000435085
-0.000596783
-0.000765604
-0.000927571
-0.00109165
-0.00124669
-0.00142897
8.46517e-05
-8.76683e-05
-0.000275149
-0.000435583
-0.000597541
-0.000766424
-0.000928675
-0.00109314
-0.00124829
-0.00143471
8.48688e-05
-8.72401e-05
-0.000275031
-0.000435782
-0.000598143
-0.000767112
-0.000929912
-0.00109509
-0.00125093
-0.00144254
8.5349e-05
-8.62572e-05
-0.000274499
-0.000435735
-0.000598682
-0.000767766
-0.000931514
-0.00109763
-0.00125485
-0.00145228
8.59901e-05
-8.48135e-05
-0.000273615
-0.00043546
-0.000599151
-0.000768415
-0.000933422
-0.00110087
-0.00126007
-0.00146366
8.68156e-05
-8.28935e-05
-0.000272359
-0.00043496
-0.000599548
-0.000769114
-0.000935535
-0.00110486
-0.00126662
-0.00147653
8.7801e-05
-8.05248e-05
-0.000270743
-0.000434249
-0.000599873
-0.000769879
-0.000937913
-0.00110959
-0.00127437
-0.00149075
8.89409e-05
-7.77195e-05
-0.000268755
-0.000433333
-0.000600092
-0.000770735
-0.000940584
-0.00111498
-0.00128322
-0.00150608
9.02156e-05
-7.44963e-05
-0.000266385
-0.000432225
-0.000600171
-0.000771689
-0.000943563
-0.00112095
-0.00129308
-0.00152244
9.16081e-05
-7.08767e-05
-0.00026361
-0.000430932
-0.000600084
-0.000772727
-0.00094685
-0.00112743
-0.0013038
-0.00153973
9.30963e-05
-6.68822e-05
-0.000260419
-0.000429452
-0.000599799
-0.000773831
-0.000950388
-0.00113426
-0.00131521
-0.0015578
9.46515e-05
-6.25364e-05
-0.000256796
-0.00042776
-0.000599281
-0.000774956
-0.000954096
-0.00114131
-0.00132712
-0.00157649
9.62437e-05
-5.7876e-05
-0.000252738
-0.000425801
-0.000598471
-0.000776035
-0.000957858
-0.0011484
-0.00133933
-0.00159559
9.78382e-05
-5.29411e-05
-0.000248214
-0.0004235
-0.000597313
-0.000776992
-0.000961538
-0.00115541
-0.0013516
-0.00161477
9.9401e-05
-4.77541e-05
-0.000243173
-0.00042076
-0.000595756
-0.000777732
-0.000964976
-0.00116215
-0.00136367
-0.00163362
0.000100899
-4.23019e-05
-0.000237553
-0.000417471
-0.000593744
-0.00077816
-0.000967997
-0.00116844
-0.00137525
-0.00165166
0.000102311
-3.65155e-05
-0.000231286
-0.000413535
-0.000591219
-0.000778144
-0.00097041
-0.00117406
-0.00138602
-0.00166838
0.000103624
-3.02966e-05
-0.000224326
-0.000408891
-0.000588139
-0.000777521
-0.000971992
-0.00117879
-0.00139565
-0.00168336
0.000104842
-2.35599e-05
-0.000216633
-0.000403489
-0.000584442
-0.000776127
-0.000972523
-0.00118237
-0.00140379
-0.0016962
0.000105973
-1.62702e-05
-0.000208169
-0.000397278
-0.000580044
-0.000773802
-0.000971843
-0.00118454
-0.00141008
-0.00170657
0.000107046
-8.42492e-06
-0.000198894
-0.00039019
-0.000574834
-0.000770396
-0.000969807
-0.00118504
-0.00141418
-0.00171415
0.000108092
-3.89218e-08
-0.000188764
-0.000382153
-0.000568718
-0.000765806
-0.000966324
-0.00118369
-0.00141584
-0.00171873
0.00010918
8.88998e-06
-0.000177732
-0.000373068
-0.00056159
-0.000759956
-0.000961334
-0.00118033
-0.00141491
-0.00172016
0.000110361
1.8367e-05
-0.000165765
-0.000362838
-0.000553402
-0.000752843
-0.000954856
-0.00117497
-0.00141135
-0.00171843
0.000111733
2.84323e-05
-0.000152809
-0.000351369
-0.000544063
-0.000744442
-0.000946908
-0.00116771
-0.00140525
-0.00171364
0.00011326
3.89541e-05
-0.000139029
-0.0003389
-0.000533862
-0.000734888
-0.000937781
-0.00115883
-0.00139691
-0.00170603
0.000115088
4.99071e-05
-0.000124387
-0.000325323
-0.000522627
-0.000724343
-0.000927818
-0.00114865
-0.0013866
-0.00169592
0.000117262
6.13077e-05
-0.000108761
-0.000310513
-0.000510381
-0.000713052
-0.000917313
-0.00113753
-0.00137472
-0.00168392
0.000119858
7.35584e-05
-9.18362e-05
-0.000294353
-0.000497226
-0.000701363
-0.000906816
-0.00112614
-0.00136195
-0.00167051
0.000122729
8.73187e-05
-7.28582e-05
-0.000276555
-0.000483104
-0.000689324
-0.000896246
-0.0011144
-0.00134821
-0.00165404
0.000126657
0.000103339
-5.10671e-05
-0.000255437
-0.000466253
-0.000674989
-0.000884256
-0.00110215
-0.00133486
-0.00163603
0.000129082
0.000115866
-3.36578e-05
-0.000240283
-0.000454327
-0.000665151
-0.000875762
-0.00109265
-0.00131921
-0.00161844
0.000131614
0.00013021
-1.52797e-05
-0.000224424
-0.000443338
-0.000656155
-0.000869981
-0.00109049
-0.0013139
-0.00161133
0.000132902
0.000139923
-3.36219e-06
-0.0002143
-0.000434887
-0.000649115
-0.000864975
-0.00108031
-0.00130013
-0.00159356
0.000129031
0.000136382
-7.16966e-06
-0.000219152
-0.000437978
-0.000647372
-0.00086518
-0.00107768
-0.0012845
-0.00156939
0.000125359
0.000128198
-1.84508e-05
-0.000226982
-0.00043909
-0.000647661
-0.000855393
-0.0010623
-0.0012703
-0.00154976
0.000122824
0.000111961
-3.58733e-05
-0.000238311
-0.000444238
-0.000646528
-0.000849915
-0.0010608
-0.00126984
-0.00154468
0.000119901
9.24122e-05
-5.78904e-05
-0.000253196
-0.000450779
-0.000648169
-0.000846898
-0.00105302
-0.0012642
-0.00154244
0.000115867
7.12994e-05
-8.35297e-05
-0.00027365
-0.00046442
-0.000656637
-0.000850564
-0.00105476
-0.00126838
-0.00154316
0.000111542
5.24988e-05
-0.000106179
-0.000292762
-0.000477904
-0.000666692
-0.000857163
-0.00105979
-0.00127458
-0.00154739
0.000108073
3.75062e-05
-0.000124653
-0.000308546
-0.000489932
-0.000676541
-0.000865238
-0.00106628
-0.0012827
-0.00155165
0.000105013
2.68685e-05
-0.000138243
-0.000320799
-0.000499789
-0.000685582
-0.000873058
-0.00107294
-0.00129098
-0.00156071
0.000102572
2.09606e-05
-0.000146618
-0.0003289
-0.00050713
-0.000692125
-0.000878795
-0.00107791
-0.00129821
-0.00157055
0.000100475
1.92958e-05
-0.000149913
-0.000333551
-0.000512465
-0.00069656
-0.00088224
-0.00108198
-0.00130335
-0.00157884
9.88205e-05
2.02328e-05
-0.000150179
-0.000335784
-0.000516248
-0.000700013
-0.000885486
-0.00108533
-0.00130797
-0.00158741
9.73611e-05
2.13836e-05
-0.0001492
-0.000336548
-0.000518855
-0.000702643
-0.000888287
-0.00108864
-0.00131093
-0.0015898
9.62308e-05
2.16518e-05
-0.000149346
-0.000337752
-0.000520655
-0.000704958
-0.0008904
-0.0010909
-0.00131263
-0.0015929
9.535e-05
2.10156e-05
-0.000149638
-0.000338305
-0.000521689
-0.000706162
-0.00089187
-0.00109263
-0.00131383
-0.00159204
9.50127e-05
2.08539e-05
-0.000150213
-0.000338561
-0.000522336
-0.000706595
-0.000892688
-0.00109311
-0.00131495
-0.00159466
9.44536e-05
-7.86852e-05
-0.000267411
-0.000430447
-0.000595274
-0.000767154
-0.000932198
-0.00109977
-0.00125646
-0.00143665
9.39212e-05
-7.93931e-05
-0.000268159
-0.000431165
-0.000596092
-0.000767898
-0.000933042
-0.00110065
-0.00125709
-0.0014394
9.41329e-05
-7.93689e-05
-0.000268445
-0.000431655
-0.000596878
-0.000768755
-0.000934228
-0.00110231
-0.00125876
-0.0014451
9.4412e-05
-7.89293e-05
-0.000268361
-0.000431885
-0.000597546
-0.0007695
-0.00093561
-0.00110447
-0.00126148
-0.00145297
9.49454e-05
-7.7959e-05
-0.000267932
-0.000431918
-0.000598149
-0.000770259
-0.000937324
-0.00110733
-0.00126553
-0.00146283
9.56297e-05
-7.6541e-05
-0.000267244
-0.000431758
-0.000598666
-0.000771095
-0.000939262
-0.00111093
-0.00127097
-0.00147442
9.64852e-05
-7.46638e-05
-0.000266272
-0.000431414
-0.000599116
-0.000772038
-0.000941428
-0.00111527
-0.00127781
-0.0014876
9.74861e-05
-7.23565e-05
-0.000265017
-0.000430896
-0.000599499
-0.000773105
-0.000943882
-0.00112027
-0.00128588
-0.00150221
9.86251e-05
-6.96294e-05
-0.000263459
-0.000430215
-0.000599808
-0.000774293
-0.000946652
-0.00112591
-0.00129513
-0.00151798
9.98846e-05
-6.64937e-05
-0.000261576
-0.000429385
-0.000600041
-0.000775577
-0.000949754
-0.0011321
-0.0013054
-0.00153476
0.00010125
-6.29567e-05
-0.000259343
-0.000428406
-0.000600172
-0.00077691
-0.000953145
-0.0011388
-0.00131659
-0.00155239
0.000102695
-5.90371e-05
-0.000256716
-0.00042727
-0.00060018
-0.000778282
-0.000956768
-0.00114589
-0.00132846
-0.00157065
0.000104186
-5.47644e-05
-0.000253641
-0.000425956
-0.000600031
-0.000779649
-0.000960532
-0.00115322
-0.00134078
-0.00158934
0.000105688
-5.01639e-05
-0.000250121
-0.000424416
-0.000599674
-0.000780939
-0.000964365
-0.00116055
-0.00135326
-0.00160822
0.000107157
-4.52775e-05
-0.000246124
-0.000422587
-0.000599047
-0.000782044
-0.000968131
-0.00116773
-0.00136562
-0.00162709
0.000108551
-4.01509e-05
-0.000241602
-0.00042038
-0.000598061
-0.000782855
-0.000971671
-0.00117454
-0.00137756
-0.00164566
0.000109827
-3.48261e-05
-0.000236491
-0.000417673
-0.0005966
-0.000783266
-0.00097482
-0.00118077
-0.00138883
-0.00166356
0.000110954
-2.93068e-05
-0.000230707
-0.000414339
-0.000594556
-0.000783141
-0.000977372
-0.00118618
-0.00139917
-0.00168032
0.000111912
-2.35396e-05
-0.000224167
-0.000410259
-0.000591861
-0.000782361
-0.000979078
-0.00119057
-0.00140827
-0.0016955
0.00011271
-1.74143e-05
-0.000216788
-0.000405313
-0.000588419
-0.000780821
-0.000979697
-0.00119363
-0.00141578
-0.00170862
0.000113375
-1.08132e-05
-0.000208517
-0.00039941
-0.000584155
-0.000778388
-0.000979055
-0.00119517
-0.00142142
-0.00171918
0.000113958
-3.64353e-06
-0.000199307
-0.000392456
-0.000578942
-0.000774888
-0.00097696
-0.00119498
-0.00142488
-0.0017267
0.000114529
4.15783e-06
-0.000189129
-0.000384377
-0.000572689
-0.00077019
-0.00097329
-0.0011929
-0.0014259
-0.00173088
0.000115171
1.26248e-05
-0.000177945
-0.0003751
-0.000565286
-0.000764166
-0.000967933
-0.0011888
-0.00142428
-0.00173155
0.000115977
2.17711e-05
-0.000165726
-0.000364558
-0.00055665
-0.000756737
-0.000960863
-0.00118262
-0.00141992
-0.00172873
0.000117043
3.16419e-05
-0.000152457
-0.000352632
-0.000546741
-0.000747889
-0.0009522
-0.00117448
-0.00141292
-0.00172261
0.000118405
4.21365e-05
-0.000138253
-0.000339562
-0.000535842
-0.0007378
-0.000942231
-0.00116462
-0.0014035
-0.00171352
0.000120095
5.31195e-05
-0.000123229
-0.000325487
-0.000524079
-0.000726824
-0.000931543
-0.00115354
-0.00139214
-0.00170204
0.000122135
6.45323e-05
-0.000107367
-0.00031041
-0.000511611
-0.000715395
-0.000920663
-0.00114178
-0.00137941
-0.00168905
0.000124713
7.68514e-05
-9.03198e-05
-0.000294315
-0.000498627
-0.000704019
-0.000910218
-0.00113003
-0.00136591
-0.00167496
0.000127371
9.04163e-05
-7.18374e-05
-0.000277743
-0.000486022
-0.000693761
-0.000901207
-0.00111963
-0.00135279
-0.00165942
0.000130893
0.000105506
-5.1326e-05
-0.00025946
-0.000471893
-0.000682104
-0.00089164
-0.00110924
-0.0013403
-0.00164267
0.000133149
0.000116993
-3.53518e-05
-0.000246532
-0.000461803
-0.000674111
-0.000884349
-0.00110035
-0.00132677
-0.00162792
0.000137079
0.000135553
-1.08469e-05
-0.000224218
-0.000442673
-0.000662419
-0.000877347
-0.00109195
-0.00131778
-0.00162036
0.000136588
0.000141782
-1.65896e-06
-0.000214619
-0.000435868
-0.000667051
-0.000890158
-0.00108813
-0.00129995
-0.00159434
0.0001321
0.000137055
-4.72652e-06
-0.000219019
-0.000441895
-0.000663028
-0.000886125
-0.00108629
-0.00128859
-0.00157715
0.000126148
0.00012557
-2.10941e-05
-0.000229523
-0.000446705
-0.000659429
-0.000868298
-0.00107282
-0.00127844
-0.00156252
0.000124589
0.000112407
-3.52744e-05
-0.000238846
-0.000446854
-0.000647912
-0.000854477
-0.00106821
-0.00127412
-0.00155067
0.00012195
9.43386e-05
-5.67009e-05
-0.000253242
-0.000452119
-0.00065045
-0.00085008
-0.00105712
-0.00126623
-0.00154437
0.000118405
7.33643e-05
-8.21535e-05
-0.000273147
-0.000464458
-0.000657381
-0.000851085
-0.0010551
-0.00126745
-0.0015427
0.000114227
5.4654e-05
-0.000104645
-0.000291598
-0.000477199
-0.000666071
-0.0008566
-0.00105894
-0.00127382
-0.00154666
0.00011077
3.97139e-05
-0.000122792
-0.000307085
-0.000488503
-0.000675353
-0.000863731
-0.00106514
-0.00128121
-0.00155054
0.00010778
2.91434e-05
-0.000136358
-0.000319104
-0.000498191
-0.000683992
-0.000871503
-0.00107154
-0.00128965
-0.00155938
0.000105245
2.32688e-05
-0.000144665
-0.000327108
-0.000505405
-0.000690249
-0.000876843
-0.00107654
-0.00129677
-0.00156899
0.000103134
2.14898e-05
-0.000148244
-0.000331764
-0.000510757
-0.000694773
-0.000880792
-0.0010803
-0.00130258
-0.00157966
0.000101307
2.23466e-05
-0.00014838
-0.000333812
-0.000514656
-0.000698154
-0.000883864
-0.0010836
-0.00130685
-0.00158675
9.96679e-05
2.34853e-05
-0.000147324
-0.000334983
-0.000517235
-0.000701253
-0.000886693
-0.00108744
-0.00130953
-0.00158874
9.84536e-05
2.3637e-05
-0.000147648
-0.000335828
-0.000519117
-0.000703119
-0.000888906
-0.00108931
-0.0013115
-0.00159179
9.75215e-05
2.29612e-05
-0.000147898
-0.000336773
-0.000520121
-0.000704753
-0.000890358
-0.00109136
-0.00131226
-0.00159076
9.70589e-05
2.22977e-05
-0.000148627
-0.000337286
-0.000520936
-0.000705436
-0.000891628
-0.00109227
-0.00131366
-0.00159126
9.69273e-05
-7.65223e-05
-0.000264106
-0.000430187
-0.000597722
-0.000772054
-0.000941327
-0.00111375
-0.0012732
-0.00145765
9.65297e-05
-7.70571e-05
-0.000264819
-0.00043096
-0.000598574
-0.000772816
-0.000942191
-0.00111467
-0.00127383
-0.0014603
9.68086e-05
-7.68786e-05
-0.00026509
-0.000431546
-0.000599446
-0.000773796
-0.000943467
-0.0011165
-0.00127551
-0.00146594
9.71893e-05
-7.62373e-05
-0.000264974
-0.000431897
-0.000600251
-0.000774779
-0.00094494
-0.00111888
-0.00127828
-0.00147375
9.78211e-05
-7.50711e-05
-0.000264538
-0.000432109
-0.000601062
-0.000775932
-0.000946683
-0.00112195
-0.00128248
-0.00148367
9.8596e-05
-7.34685e-05
-0.000263835
-0.000432215
-0.000601868
-0.000777181
-0.000948661
-0.00112573
-0.00128812
-0.00149548
9.95304e-05
-7.1429e-05
-0.000262869
-0.000432223
-0.000602626
-0.000778594
-0.000951011
-0.00113025
-0.00129501
-0.00150895
0.000100593
-6.89977e-05
-0.000261653
-0.000432126
-0.000603318
-0.000780176
-0.000953812
-0.00113542
-0.00130343
-0.00152368
0.00010178
-6.61929e-05
-0.000260168
-0.00043192
-0.00060395
-0.000781911
-0.000957048
-0.00114145
-0.00131333
-0.00153958
0.000103077
-6.30311e-05
-0.00025839
-0.000431602
-0.000604542
-0.000783811
-0.000960756
-0.00114816
-0.00132415
-0.00155658
0.000104476
-5.94907e-05
-0.00025631
-0.000431142
-0.000605082
-0.000785783
-0.0009647
-0.00115537
-0.00133595
-0.00157456
0.000105955
-5.55689e-05
-0.000253908
-0.000430499
-0.000605539
-0.000787754
-0.000968848
-0.00116304
-0.00134853
-0.00159329
0.000107478
-5.12866e-05
-0.000251159
-0.00042963
-0.000605853
-0.000789689
-0.000973077
-0.00117095
-0.00136166
-0.00161255
0.000109001
-4.66613e-05
-0.00024803
-0.000428492
-0.000605962
-0.000791507
-0.000977296
-0.00117886
-0.00137497
-0.00163202
0.000110475
-4.1717e-05
-0.000244473
-0.000427042
-0.000605792
-0.000793067
-0.000981356
-0.00118649
-0.00138814
-0.00165137
0.00011185
-3.64865e-05
-0.000240429
-0.000425187
-0.000605249
-0.000794239
-0.00098508
-0.00119363
-0.00140081
-0.00167021
0.000113073
-3.10128e-05
-0.000235831
-0.000422816
-0.000604237
-0.00079486
-0.000988282
-0.00120007
-0.00141258
-0.00168806
0.000114103
-2.53341e-05
-0.000230597
-0.000419812
-0.000602683
-0.000794782
-0.000990723
-0.00120557
-0.00142302
-0.00170442
0.000114901
-1.94761e-05
-0.000224638
-0.000416044
-0.000600449
-0.000793906
-0.000992182
-0.0012098
-0.00143178
-0.00171889
0.000115463
-1.34138e-05
-0.000217857
-0.000411363
-0.00059737
-0.000792172
-0.000992539
-0.00121242
-0.00143846
-0.00173099
0.000115794
-7.08897e-06
-0.00021017
-0.00040566
-0.000593331
-0.000789439
-0.000991582
-0.00121323
-0.00144286
-0.00174033
0.000115952
-4.00409e-07
-0.000201468
-0.000398803
-0.000588127
-0.000785495
-0.000989049
-0.00121201
-0.00144473
-0.00174653
0.000115988
6.73984e-06
-0.000191691
-0.000390674
-0.000581644
-0.000780236
-0.000984831
-0.00120868
-0.00144395
-0.00174932
0.000116038
1.44531e-05
-0.000180755
-0.000381145
-0.000573802
-0.000773559
-0.000978819
-0.00120317
-0.00144044
-0.00174851
0.000116176
2.27728e-05
-0.000168656
-0.000370226
-0.000564601
-0.000765434
-0.000971036
-0.00119554
-0.00143423
-0.00174409
0.00011663
3.18506e-05
-0.000155318
-0.000357805
-0.000553907
-0.000755744
-0.000961452
-0.00118587
-0.0014254
-0.00173622
0.000117418
4.16188e-05
-0.00014092
-0.000344075
-0.000542001
-0.000744761
-0.000950479
-0.00117451
-0.00141429
-0.00172532
0.000118816
5.22303e-05
-0.000125383
-0.000329002
-0.000528971
-0.000732671
-0.000938539
-0.00116195
-0.00140137
-0.00171208
0.000120653
6.34945e-05
-0.000108924
-0.000312838
-0.000515178
-0.000719971
-0.000926385
-0.00114893
-0.00138736
-0.00169769
0.000123353
7.60759e-05
-9.10494e-05
-0.000295333
-0.000500468
-0.000706754
-0.00091446
-0.00113608
-0.00137288
-0.00168281
0.000125939
8.99535e-05
-7.14226e-05
-0.000276456
-0.000484994
-0.000693219
-0.000903132
-0.00112419
-0.0013589
-0.00166733
0.000128974
0.000105055
-4.98317e-05
-0.000255043
-0.000466867
-0.000676756
-0.000891673
-0.00111378
-0.00134805
-0.00165183
0.000130701
0.000117476
-3.2105e-05
-0.000240637
-0.000457145
-0.000671893
-0.000889996
-0.00111008
-0.00133654
-0.0016352
0.000130258
0.000127708
-1.67254e-05
-0.00022791
-0.000446686
-0.000662348
-0.000878318
-0.00109976
-0.00132275
-0.00162163
0.000129752
0.000135884
-7.28486e-06
-0.000219565
-0.000444343
-0.00066355
-0.000880536
-0.00109239
-0.00130859
-0.0016052
0.000127139
0.000132153
-9.96105e-06
-0.000223897
-0.000450744
-0.000670635
-0.000881989
-0.00108502
-0.00129526
-0.0015883
0.000122077
0.000120873
-2.38392e-05
-0.000235337
-0.000455269
-0.000669427
-0.00087659
-0.00107736
-0.00128382
-0.00156907
0.000122797
0.000112537
-3.57319e-05
-0.000240387
-0.000451563
-0.000658547
-0.000864179
-0.00106695
-0.00127222
-0.00155297
0.000120532
9.37649e-05
-5.82475e-05
-0.000255805
-0.000456796
-0.000656695
-0.000855598
-0.00105785
-0.00126694
-0.00154705
0.000117585
7.29306e-05
-8.28677e-05
-0.000274429
-0.000466302
-0.000659368
-0.000852627
-0.00105559
-0.00126752
-0.00154363
0.000113708
5.44016e-05
-0.000105029
-0.000292188
-0.000478182
-0.000667044
-0.000857616
-0.00105946
-0.00127446
-0.00154727
0.000110554
3.97777e-05
-0.000122883
-0.000307189
-0.000488909
-0.000675573
-0.000864227
-0.0010651
-0.00128148
-0.00155135
0.00010765
2.92452e-05
-0.000136194
-0.000319015
-0.000498256
-0.000684076
-0.0008717
-0.00107158
-0.00128981
-0.00155964
0.000105134
2.33103e-05
-0.000144499
-0.00032702
-0.000505381
-0.000690432
-0.000877342
-0.00107672
-0.00129718
-0.00156992
0.000102923
2.14568e-05
-0.000147967
-0.000331635
-0.000510744
-0.000694849
-0.000880921
-0.00108073
-0.00130286
-0.00157886
0.000101037
2.22132e-05
-0.000148181
-0.000333957
-0.000514651
-0.000698396
-0.000884026
-0.00108438
-0.00130722
-0.0015859
9.94144e-05
2.34569e-05
-0.000147521
-0.000334989
-0.00051735
-0.000701198
-0.00088687
-0.00108728
-0.00130995
-0.00159038
9.80957e-05
2.34036e-05
-0.000147487
-0.00033599
-0.000519148
-0.000703372
-0.000889056
-0.0010898
-0.00131169
-0.00159105
9.72438e-05
2.29017e-05
-0.000148129
-0.000336772
-0.000520248
-0.000704689
-0.00089048
-0.00109098
-0.00131247
-0.00159203
9.66943e-05
2.22288e-05
-0.000148334
-0.000337109
-0.0005207
-0.000705435
-0.000891334
-0.00109213
-0.00131304
-0.00159077
0.000106269
-7.14022e-05
-0.000257631
-0.000427138
-0.000597266
-0.00077385
-0.000947262
-0.00112536
-0.00129126
-0.00148463
0.000105731
-7.16851e-05
-0.00025824
-0.000427891
-0.000598118
-0.000774611
-0.000948144
-0.00112638
-0.00129213
-0.00148725
0.000105718
-7.13124e-05
-0.000258482
-0.000428552
-0.000599048
-0.000775619
-0.000949457
-0.00112835
-0.00129422
-0.00149316
0.000105625
-7.04935e-05
-0.000258327
-0.000428999
-0.000599874
-0.000776631
-0.000951013
-0.00113088
-0.00129719
-0.0015015
0.000105672
-6.92405e-05
-0.000257848
-0.00042934
-0.000600632
-0.000777773
-0.000952954
-0.00113417
-0.00130157
-0.00151194
0.000105729
-6.76583e-05
-0.000257109
-0.000429619
-0.000601407
-0.000779059
-0.000955236
-0.00113815
-0.00130752
-0.0015241
0.000105842
-6.57646e-05
-0.00025615
-0.000429854
-0.000602177
-0.000780502
-0.000957857
-0.00114288
-0.00131497
-0.00153783
0.000105986
-6.36088e-05
-0.000255011
-0.00043004
-0.000602963
-0.000782105
-0.000960821
-0.00114835
-0.00132378
-0.00155293
0.000106168
-6.12054e-05
-0.000253697
-0.000430163
-0.000603763
-0.000783869
-0.000964097
-0.00115445
-0.00133393
-0.00156934
0.000106392
-5.85485e-05
-0.000252197
-0.000430206
-0.000604575
-0.000785783
-0.000967674
-0.00116116
-0.00134524
-0.00158686
0.000106645
-5.55921e-05
-0.000250461
-0.000430135
-0.000605377
-0.000787811
-0.000971456
-0.0011683
-0.00135753
-0.0016053
0.000106932
-5.22993e-05
-0.000248441
-0.000429909
-0.000606133
-0.000789904
-0.00097538
-0.00117575
-0.00137056
-0.00162444
0.000107265
-4.86589e-05
-0.000246093
-0.000429477
-0.00060679
-0.000792013
-0.000979373
-0.00118334
-0.001384
-0.00164399
0.000107647
-4.46512e-05
-0.000243351
-0.000428766
-0.000607284
-0.000794082
-0.000983428
-0.00119086
-0.00139743
-0.00166357
0.000108088
-4.02503e-05
-0.000240138
-0.000427685
-0.000607539
-0.000795996
-0.000987384
-0.00119808
-0.00141052
-0.00168278
0.000108596
-3.54291e-05
-0.000236366
-0.000426123
-0.000607437
-0.000797599
-0.000991051
-0.00120479
-0.00142295
-0.00170117
0.00010918
-3.01629e-05
-0.00023194
-0.000423942
-0.000606838
-0.000798696
-0.000994241
-0.0012108
-0.00143435
-0.00171826
0.000109855
-2.44253e-05
-0.000226759
-0.000420992
-0.000605592
-0.000799089
-0.000996706
-0.00121597
-0.00144433
-0.00173364
0.000110626
-1.82e-05
-0.000220718
-0.000417119
-0.000603514
-0.000798596
-0.000998194
-0.0012199
-0.00145241
-0.00174688
0.000111516
-1.14623e-05
-0.000213715
-0.000412159
-0.000600418
-0.00079702
-0.000998456
-0.00122227
-0.00145827
-0.00175747
0.00011252
-4.21519e-06
-0.000205667
-0.000405973
-0.000596148
-0.000794188
-0.000997237
-0.00122276
-0.00146159
-0.00176501
0.000113677
3.51138e-06
-0.000196518
-0.000398481
-0.000590519
-0.000789859
-0.000994232
-0.00122105
-0.00146208
-0.00176911
0.000114961
1.16525e-05
-0.000186285
-0.000389616
-0.000583372
-0.000783876
-0.000989289
-0.00121694
-0.00145956
-0.0017695
0.000116434
2.02048e-05
-0.000174994
-0.000379292
-0.000574627
-0.000776158
-0.00098232
-0.00121032
-0.00145393
-0.001766
0.000118017
2.90704e-05
-0.000162736
-0.000367579
-0.000564404
-0.000766816
-0.00097345
-0.00120132
-0.00144531
-0.00175868
0.000119828
3.83077e-05
-0.00014951
-0.000354518
-0.000552738
-0.000755899
-0.000962779
-0.00119009
-0.00143389
-0.00174776
0.000121686
4.77989e-05
-0.00013548
-0.000340377
-0.000540001
-0.000743868
-0.000950836
-0.00117716
-0.0014202
-0.00173382
0.000123809
5.78043e-05
-0.000120522
-0.000325101
-0.000526258
-0.000730858
-0.000937918
-0.00116302
-0.00140485
-0.00171765
0.00012579
6.82865e-05
-0.000104799
-0.000309069
-0.000512109
-0.00071759
-0.000924972
-0.00114868
-0.00138884
-0.00170065
0.000128091
8.02205e-05
-8.76281e-05
-0.000291916
-0.000497352
-0.000703955
-0.00091206
-0.00113432
-0.00137243
-0.00168363
0.000129647
9.28791e-05
-6.96968e-05
-0.000274429
-0.000483067
-0.000690792
-0.000899316
-0.00111984
-0.00135542
-0.00166521
0.000130444
0.000105541
-5.14708e-05
-0.000256935
-0.000469015
-0.000677287
-0.000886252
-0.00110462
-0.00133786
-0.00164445
0.000130085
0.000116747
-3.56822e-05
-0.000242559
-0.000458297
-0.00066774
-0.000880161
-0.00110056
-0.00132717
-0.00162522
0.000127722
0.000122804
-2.60348e-05
-0.000237797
-0.000454765
-0.000663207
-0.000872526
-0.00108796
-0.00131045
-0.00160393
0.000125254
0.000126556
-1.81859e-05
-0.000232245
-0.0004529
-0.000666031
-0.000873492
-0.0010783
-0.00129405
-0.00158618
0.000124173
0.000126652
-1.87132e-05
-0.00023422
-0.000458222
-0.000669323
-0.000870274
-0.00106852
-0.00127934
-0.00156936
0.000122633
0.000120933
-2.72369e-05
-0.000238751
-0.000456772
-0.000664166
-0.00086068
-0.00105846
-0.00126668
-0.00155098
0.000123719
0.000110985
-3.95627e-05
-0.000246242
-0.000457392
-0.000660451
-0.000856703
-0.00105348
-0.00126109
-0.00154006
0.000122555
9.46972e-05
-5.877e-05
-0.000256975
-0.00045804
-0.000656748
-0.000852214
-0.00105146
-0.00126116
-0.00154258
0.000120158
7.47926e-05
-8.18899e-05
-0.000273781
-0.000466172
-0.000658989
-0.000851859
-0.00105352
-0.00126632
-0.00154412
0.000116625
5.66056e-05
-0.000103155
-0.000290688
-0.00047694
-0.000665912
-0.000856589
-0.00105834
-0.00127326
-0.00154467
0.000113674
4.22272e-05
-0.000120729
-0.000305197
-0.000487085
-0.00067388
-0.000862599
-0.00106363
-0.00128004
-0.00154874
0.000110673
3.17104e-05
-0.000134054
-0.000316987
-0.000496302
-0.000682199
-0.00086986
-0.00106997
-0.00128829
-0.00155794
0.000108016
2.57445e-05
-0.00014233
-0.000324891
-0.000503307
-0.00068826
-0.000874866
-0.00107464
-0.00129518
-0.00156718
0.000105715
2.38472e-05
-0.00014597
-0.000329693
-0.000508664
-0.000692991
-0.000879096
-0.00107899
-0.00130155
-0.00157933
0.000103626
2.45029e-05
-0.000146295
-0.000332023
-0.000512687
-0.000696551
-0.000882289
-0.00108257
-0.00130586
-0.00158617
0.000101881
2.55053e-05
-0.000145423
-0.000332934
-0.000515434
-0.000699338
-0.00088533
-0.0010861
-0.00130888
-0.00158804
0.000100556
2.56713e-05
-0.000145581
-0.000334054
-0.000517124
-0.000701545
-0.00088723
-0.0010881
-0.00131027
-0.00159093
9.95904e-05
2.48581e-05
-0.000146071
-0.000334717
-0.000518365
-0.000702842
-0.000888983
-0.00108983
-0.0013114
-0.00158935
9.90456e-05
2.43326e-05
-0.000146378
-0.000335275
-0.000518962
-0.000703799
-0.000889813
-0.00109085
-0.00131174
-0.00158956
)
;

boundaryField
{
    inlet
    {
        type            zeroGradient;
    }
    outlet
    {
        type            zeroGradient;
    }
    sideLeft
    {
        type            zeroGradient;
    }
    sideRight
    {
        type            zeroGradient;
    }
    top
    {
        type            symmetryPlane;
        value           nonuniform List<scalar> 
100
(
9.20208e-05
9.3614e-05
9.29559e-05
9.45981e-05
9.40553e-05
9.56696e-05
9.50127e-05
9.70589e-05
9.66943e-05
9.90456e-05
1.83033e-05
1.93546e-05
1.86167e-05
1.9949e-05
1.97408e-05
2.11053e-05
2.08539e-05
2.22977e-05
2.22288e-05
2.43326e-05
-0.000152564
-0.000151805
-0.000152035
-0.00015108
-0.000151214
-0.000150092
-0.000150213
-0.000148627
-0.000148334
-0.000146378
-0.000340967
-0.000340165
-0.000340715
-0.000339617
-0.000339545
-0.000338483
-0.000338561
-0.000337286
-0.000337109
-0.000335275
-0.00052459
-0.000523915
-0.000524035
-0.000522642
-0.000522886
-0.000521973
-0.000522336
-0.000520936
-0.0005207
-0.000518962
-0.000708931
-0.000708137
-0.000708546
-0.000707332
-0.000707342
-0.000706391
-0.000706595
-0.000705436
-0.000705435
-0.000703799
-0.000894961
-0.000894293
-0.00089433
-0.000892898
-0.000893155
-0.000892308
-0.000892688
-0.000891628
-0.000891334
-0.000889813
-0.00109573
-0.00109482
-0.00109515
-0.00109374
-0.00109377
-0.00109294
-0.00109311
-0.00109227
-0.00109213
-0.00109085
-0.00131813
-0.00131677
-0.00131633
-0.00131539
-0.00131598
-0.00131509
-0.00131495
-0.00131366
-0.00131304
-0.00131174
-0.00159936
-0.00159636
-0.0015945
-0.00159556
-0.00159708
-0.00159573
-0.00159466
-0.00159126
-0.00159077
-0.00158956
)
;
    }
    bottomRoughWall
    {
        type            zeroGradient;
    }
}


// ************************************************************************* //
