/*--------------------------------*- C++ -*----------------------------------*\
| =========                 |                                                 |
| \\      /  F ield         | foam-extend: Open Source CFD                    |
|  \\    /   O peration     | Version:     3.2                                |
|   \\  /    A nd           | Web:         http://www.foam-extend.org         |
|    \\/     M anipulation  | For copyright notice see file Copyright         |
\*---------------------------------------------------------------------------*/
FoamFile
{
    version     2.0;
    format      ascii;
    class       volScalarField;
    location    "2000000";
    object      Uz;
}
// * * * * * * * * * * * * * * * * * * * * * * * * * * * * * * * * * * * * * //

dimensions      [0 1 -1 0 0 0 0];

internalField   nonuniform List<scalar> 
5000
(
-1.48616e-06
-1.49256e-06
-1.42067e-06
-1.25015e-06
-1.15107e-06
-9.39804e-07
-8.42581e-07
-6.1412e-07
-3.38529e-07
9.72159e-07
-3.31803e-06
-3.48193e-06
-3.59009e-06
-3.42839e-06
-3.31709e-06
-3.00921e-06
-2.72519e-06
-2.35321e-06
-1.31932e-06
1.41533e-06
-5.50341e-06
-5.74907e-06
-6.01145e-06
-5.86066e-06
-5.77694e-06
-5.36993e-06
-4.99815e-06
-4.43654e-06
-2.72482e-06
9.896e-07
-7.48176e-06
-7.82027e-06
-8.26376e-06
-8.17481e-06
-8.15221e-06
-7.71741e-06
-7.27768e-06
-6.57473e-06
-4.28805e-06
4.16265e-08
-9.47071e-06
-9.8716e-06
-1.04451e-05
-1.04032e-05
-1.04298e-05
-9.97086e-06
-9.48415e-06
-8.61959e-06
-5.9317e-06
-1.12904e-06
-1.1395e-05
-1.18445e-05
-1.25264e-05
-1.25362e-05
-1.26093e-05
-1.21382e-05
-1.16045e-05
-1.05894e-05
-7.58842e-06
-2.45301e-06
-1.32753e-05
-1.37619e-05
-1.45245e-05
-1.45831e-05
-1.46985e-05
-1.42157e-05
-1.36442e-05
-1.24803e-05
-9.25531e-06
-3.88608e-06
-1.50875e-05
-1.5605e-05
-1.64161e-05
-1.65273e-05
-1.66816e-05
-1.61953e-05
-1.55966e-05
-1.4296e-05
-1.09258e-05
-5.39876e-06
-1.68181e-05
-1.73601e-05
-1.81915e-05
-1.83572e-05
-1.85466e-05
-1.80582e-05
-1.74641e-05
-1.60357e-05
-1.25835e-05
-6.96448e-06
-1.84438e-05
-1.90019e-05
-1.98391e-05
-2.00598e-05
-2.02768e-05
-1.98046e-05
-1.91969e-05
-1.76872e-05
-1.42147e-05
-8.56266e-06
-1.99401e-05
-2.05055e-05
-2.13418e-05
-2.16176e-05
-2.18616e-05
-2.1412e-05
-2.07937e-05
-1.92338e-05
-1.57881e-05
-1.01637e-05
-2.12786e-05
-2.1843e-05
-2.26781e-05
-2.30099e-05
-2.32794e-05
-2.28583e-05
-2.22338e-05
-2.06589e-05
-1.72822e-05
-1.17423e-05
-2.2429e-05
-2.2986e-05
-2.38244e-05
-2.42116e-05
-2.4504e-05
-2.41167e-05
-2.3496e-05
-2.19398e-05
-1.86701e-05
-1.32696e-05
-2.33605e-05
-2.39073e-05
-2.47549e-05
-2.51947e-05
-2.55056e-05
-2.51577e-05
-2.45533e-05
-2.30476e-05
-1.99205e-05
-1.47139e-05
-2.4042e-05
-2.45798e-05
-2.54409e-05
-2.59282e-05
-2.62514e-05
-2.59496e-05
-2.53745e-05
-2.3948e-05
-2.09979e-05
-1.60389e-05
-2.44422e-05
-2.49743e-05
-2.58501e-05
-2.63787e-05
-2.67084e-05
-2.64595e-05
-2.59256e-05
-2.46033e-05
-2.1863e-05
-1.72036e-05
-2.45257e-05
-2.50546e-05
-2.59437e-05
-2.6509e-05
-2.68414e-05
-2.66523e-05
-2.61696e-05
-2.49729e-05
-2.24726e-05
-1.81618e-05
-2.4256e-05
-2.47823e-05
-2.56819e-05
-2.62815e-05
-2.6616e-05
-2.64929e-05
-2.60694e-05
-2.50163e-05
-2.2782e-05
-1.88643e-05
-2.35906e-05
-2.41127e-05
-2.50201e-05
-2.56545e-05
-2.59937e-05
-2.59414e-05
-2.55846e-05
-2.469e-05
-2.27431e-05
-1.9257e-05
-2.24943e-05
-2.30099e-05
-2.39225e-05
-2.45945e-05
-2.49433e-05
-2.49646e-05
-2.46813e-05
-2.39563e-05
-2.23118e-05
-1.92885e-05
-2.09238e-05
-2.1431e-05
-2.23475e-05
-2.3062e-05
-2.3428e-05
-2.35242e-05
-2.33214e-05
-2.27735e-05
-2.14411e-05
-1.89039e-05
-1.88623e-05
-1.93597e-05
-2.02803e-05
-2.10437e-05
-2.14364e-05
-2.16054e-05
-2.14883e-05
-2.11181e-05
-2.00988e-05
-1.80602e-05
-1.62814e-05
-1.67694e-05
-1.76961e-05
-1.85193e-05
-1.89533e-05
-1.91931e-05
-1.91686e-05
-1.89719e-05
-1.82612e-05
-1.67228e-05
-1.32106e-05
-1.36889e-05
-1.46319e-05
-1.55086e-05
-1.60093e-05
-1.63007e-05
-1.63777e-05
-1.63345e-05
-1.59152e-05
-1.48733e-05
-9.69655e-06
-1.01635e-05
-1.11272e-05
-1.20652e-05
-1.26275e-05
-1.29841e-05
-1.31663e-05
-1.32535e-05
-1.31146e-05
-1.25354e-05
-5.92213e-06
-6.3754e-06
-7.3648e-06
-8.38154e-06
-9.01262e-06
-9.4482e-06
-9.72387e-06
-9.90652e-06
-1.00235e-05
-9.8567e-06
-2.13676e-06
-2.57728e-06
-3.61148e-06
-4.72094e-06
-5.45249e-06
-5.95788e-06
-6.30992e-06
-6.54847e-06
-6.89519e-06
-7.07009e-06
1.40968e-06
9.73731e-07
-1.33145e-07
-1.35848e-06
-2.21218e-06
-2.77119e-06
-3.18498e-06
-3.42838e-06
-3.95044e-06
-4.37428e-06
4.627e-06
4.17539e-06
2.9498e-06
1.57419e-06
5.64392e-07
-4.35574e-08
-5.05377e-07
-6.8714e-07
-1.33243e-06
-1.89481e-06
6.37916e-06
5.91016e-06
4.5603e-06
3.04343e-06
1.91414e-06
1.30219e-06
8.69699e-07
8.26121e-07
1.2229e-07
-6.13549e-07
6.6889e-06
6.20462e-06
4.71099e-06
3.04064e-06
1.76344e-06
1.13049e-06
8.16982e-07
9.69464e-07
2.57215e-07
-6.28471e-07
7.6634e-06
7.2021e-06
5.67153e-06
3.92406e-06
2.60376e-06
2.01407e-06
1.9006e-06
2.58039e-06
2.19777e-06
1.14577e-06
8.08557e-06
7.70959e-06
6.22002e-06
4.76628e-06
3.70721e-06
3.17147e-06
3.02088e-06
3.40098e-06
3.09498e-06
1.25402e-06
9.39992e-06
9.20077e-06
8.38611e-06
7.52884e-06
7.16393e-06
6.92817e-06
6.41678e-06
5.45349e-06
4.29322e-06
2.23671e-06
1.06466e-05
1.06971e-05
1.06271e-05
1.07515e-05
1.12099e-05
1.11996e-05
1.084e-05
9.26044e-06
6.90571e-06
5.108e-06
1.23771e-05
1.26483e-05
1.31465e-05
1.45739e-05
1.51577e-05
1.5732e-05
1.49291e-05
1.40139e-05
1.2237e-05
1.08785e-05
1.33759e-05
1.36801e-05
1.47567e-05
1.61934e-05
1.65409e-05
1.66349e-05
1.64724e-05
1.58129e-05
1.52262e-05
1.47605e-05
1.42131e-05
1.4619e-05
1.64073e-05
1.77965e-05
1.8405e-05
1.84237e-05
1.81764e-05
1.78394e-05
1.75075e-05
1.69854e-05
1.23419e-05
1.28763e-05
1.45219e-05
1.59761e-05
1.6674e-05
1.66599e-05
1.63019e-05
1.57786e-05
1.5476e-05
1.49842e-05
1.17467e-05
1.22883e-05
1.3653e-05
1.49484e-05
1.57079e-05
1.59401e-05
1.60959e-05
1.59828e-05
1.63178e-05
1.61833e-05
1.12031e-05
1.16545e-05
1.27482e-05
1.37821e-05
1.44915e-05
1.48297e-05
1.52229e-05
1.53236e-05
1.5822e-05
1.59315e-05
1.07287e-05
1.10562e-05
1.18505e-05
1.26504e-05
1.32128e-05
1.35936e-05
1.40345e-05
1.42773e-05
1.4808e-05
1.52751e-05
8.88436e-06
9.06048e-06
9.573e-06
1.00521e-05
1.05015e-05
1.07961e-05
1.11726e-05
1.13882e-05
1.18855e-05
1.25672e-05
7.13627e-06
7.1673e-06
7.39834e-06
7.61047e-06
7.91649e-06
8.14122e-06
8.3697e-06
8.53001e-06
8.87705e-06
9.58811e-06
5.38014e-06
5.32402e-06
5.31556e-06
5.35557e-06
5.53668e-06
5.72533e-06
5.85267e-06
6.00098e-06
6.24307e-06
6.79849e-06
3.73626e-06
3.65607e-06
3.54032e-06
3.48478e-06
3.5746e-06
3.71367e-06
3.78877e-06
3.93638e-06
4.1207e-06
4.48781e-06
2.07851e-06
2.03249e-06
1.93208e-06
1.88393e-06
1.92742e-06
2.00421e-06
2.08707e-06
2.19746e-06
2.34673e-06
2.47088e-06
1.63556e-06
1.62566e-06
1.58651e-06
1.57988e-06
1.58665e-06
1.64646e-06
1.67514e-06
1.77093e-06
1.83108e-06
1.87343e-06
6.46152e-07
6.5142e-07
6.52373e-07
6.51626e-07
6.55507e-07
6.75306e-07
6.97993e-07
7.39647e-07
8.04441e-07
8.40447e-07
2.09299e-07
2.13102e-07
2.17297e-07
2.15547e-07
2.13978e-07
2.1747e-07
2.23086e-07
2.36023e-07
2.57192e-07
2.90779e-07
-1.7909e-06
-1.75087e-06
-1.68198e-06
-1.5085e-06
-1.42425e-06
-1.2235e-06
-1.12908e-06
-8.74336e-07
-6.25044e-07
7.08191e-07
-3.84235e-06
-3.94588e-06
-4.06938e-06
-3.90174e-06
-3.82959e-06
-3.50902e-06
-3.25156e-06
-2.8328e-06
-1.83681e-06
9.24654e-07
-6.06763e-06
-6.24652e-06
-6.51148e-06
-6.35708e-06
-6.31786e-06
-5.90424e-06
-5.56529e-06
-4.94824e-06
-3.27929e-06
4.56293e-07
-7.94745e-06
-8.21522e-06
-8.64438e-06
-8.554e-06
-8.58007e-06
-8.13483e-06
-7.74141e-06
-6.97678e-06
-4.75294e-06
-3.67393e-07
-9.71955e-06
-1.00515e-05
-1.05939e-05
-1.05543e-05
-1.06232e-05
-1.0161e-05
-9.72454e-06
-8.8019e-06
-6.18104e-06
-1.28257e-06
-1.13347e-05
-1.17167e-05
-1.23526e-05
-1.23665e-05
-1.24726e-05
-1.20061e-05
-1.15267e-05
-1.04607e-05
-7.51304e-06
-2.2699e-06
-1.28236e-05
-1.3243e-05
-1.39518e-05
-1.40132e-05
-1.41504e-05
-1.36788e-05
-1.31664e-05
-1.19582e-05
-8.77696e-06
-3.2933e-06
-1.41738e-05
-1.46231e-05
-1.538e-05
-1.54887e-05
-1.56537e-05
-1.51795e-05
-1.46452e-05
-1.33098e-05
-9.97417e-06
-4.3353e-06
-1.53789e-05
-1.58532e-05
-1.6633e-05
-1.67877e-05
-1.69777e-05
-1.64995e-05
-1.59703e-05
-1.45221e-05
-1.10989e-05
-5.37644e-06
-1.64225e-05
-1.69161e-05
-1.77026e-05
-1.79024e-05
-1.81114e-05
-1.76461e-05
-1.71049e-05
-1.55882e-05
-1.2143e-05
-6.40047e-06
-1.7286e-05
-1.77924e-05
-1.85759e-05
-1.88212e-05
-1.9047e-05
-1.86076e-05
-1.80465e-05
-1.64949e-05
-1.30825e-05
-7.38403e-06
-1.79454e-05
-1.84578e-05
-1.92346e-05
-1.95261e-05
-1.97701e-05
-1.93607e-05
-1.87866e-05
-1.72324e-05
-1.38979e-05
-8.30348e-06
-1.83732e-05
-1.88862e-05
-1.9657e-05
-1.99965e-05
-2.02589e-05
-1.98842e-05
-1.93057e-05
-1.77819e-05
-1.45648e-05
-9.13229e-06
-1.85397e-05
-1.90506e-05
-1.98201e-05
-2.0208e-05
-2.04887e-05
-2.01529e-05
-1.95817e-05
-1.81191e-05
-1.50547e-05
-9.84036e-06
-1.84137e-05
-1.89241e-05
-1.96992e-05
-2.01352e-05
-2.04328e-05
-2.01406e-05
-1.95893e-05
-1.82149e-05
-1.53353e-05
-1.03938e-05
-1.79649e-05
-1.84794e-05
-1.92683e-05
-1.97509e-05
-2.00633e-05
-1.98209e-05
-1.93023e-05
-1.80385e-05
-1.53731e-05
-1.07561e-05
-1.71632e-05
-1.76866e-05
-1.84969e-05
-1.90246e-05
-1.93497e-05
-1.91652e-05
-1.86917e-05
-1.75575e-05
-1.51328e-05
-1.08876e-05
-1.59818e-05
-1.65157e-05
-1.7353e-05
-1.79257e-05
-1.82625e-05
-1.81446e-05
-1.77285e-05
-1.67398e-05
-1.45794e-05
-1.07477e-05
-1.43907e-05
-1.49335e-05
-1.58012e-05
-1.6421e-05
-1.67706e-05
-1.67275e-05
-1.63803e-05
-1.55511e-05
-1.36759e-05
-1.02933e-05
-1.23695e-05
-1.29173e-05
-1.38162e-05
-1.44871e-05
-1.48531e-05
-1.48902e-05
-1.4622e-05
-1.39636e-05
-1.239e-05
-9.48479e-06
-9.89172e-06
-1.04402e-05
-1.13699e-05
-1.20981e-05
-1.24868e-05
-1.26073e-05
-1.24266e-05
-1.19471e-05
-1.06873e-05
-8.28029e-06
-6.96329e-06
-7.50818e-06
-8.46707e-06
-9.25914e-06
-9.67895e-06
-9.88254e-06
-9.79502e-06
-9.49604e-06
-8.55469e-06
-6.65627e-06
-3.5826e-06
-4.12082e-06
-5.10673e-06
-5.97219e-06
-6.43428e-06
-6.71918e-06
-6.73069e-06
-6.60916e-06
-5.98599e-06
-4.59703e-06
1.78441e-07
-3.51641e-07
-1.36211e-06
-2.31179e-06
-2.82245e-06
-3.18304e-06
-3.28906e-06
-3.3311e-06
-3.01167e-06
-2.12152e-06
4.22785e-06
3.70829e-06
2.68188e-06
1.62521e-06
1.07705e-06
6.31287e-07
4.38566e-07
2.45071e-07
2.86204e-07
7.12724e-07
8.22383e-06
7.72038e-06
6.64742e-06
5.55988e-06
4.88559e-06
4.41034e-06
4.07829e-06
3.81144e-06
3.57764e-06
3.59257e-06
1.16941e-05
1.12116e-05
1.01059e-05
8.93349e-06
8.16664e-06
7.61933e-06
7.19888e-06
6.87214e-06
6.39181e-06
6.06298e-06
1.40392e-05
1.35821e-05
1.24329e-05
1.11701e-05
1.02882e-05
9.69024e-06
9.20074e-06
8.85363e-06
8.17372e-06
7.59218e-06
1.53066e-05
1.48637e-05
1.36438e-05
1.22719e-05
1.12511e-05
1.06041e-05
1.0045e-05
9.72394e-06
8.89517e-06
8.16179e-06
1.43805e-05
1.39351e-05
1.26293e-05
1.11467e-05
1.00409e-05
9.39123e-06
8.81335e-06
8.57742e-06
7.66972e-06
6.7593e-06
1.2194e-05
1.17554e-05
1.0303e-05
8.7292e-06
7.53278e-06
6.87271e-06
6.32963e-06
6.26913e-06
5.39796e-06
4.34799e-06
1.06411e-05
1.01771e-05
8.79378e-06
6.95156e-06
5.98986e-06
4.9584e-06
4.59032e-06
4.6646e-06
4.63813e-06
3.45306e-06
9.79399e-06
9.39757e-06
8.10958e-06
6.45043e-06
5.77664e-06
5.25234e-06
4.93166e-06
4.94706e-06
4.28348e-06
2.47008e-06
1.01969e-05
9.9314e-06
8.98931e-06
7.99424e-06
7.77188e-06
7.8419e-06
8.11992e-06
7.76553e-06
5.99316e-06
3.78817e-06
1.10707e-05
1.10105e-05
1.07016e-05
1.08913e-05
1.14048e-05
1.18835e-05
1.3157e-05
1.22696e-05
9.99634e-06
8.04478e-06
1.30218e-05
1.32287e-05
1.39992e-05
1.48382e-05
1.56862e-05
1.59346e-05
1.58066e-05
1.42955e-05
1.2627e-05
1.13602e-05
1.41796e-05
1.46252e-05
1.57958e-05
1.75933e-05
1.77624e-05
1.76216e-05
1.63917e-05
1.51488e-05
1.49496e-05
1.4243e-05
1.40382e-05
1.447e-05
1.60591e-05
1.74636e-05
1.80032e-05
1.7878e-05
1.72537e-05
1.70155e-05
1.69155e-05
1.64384e-05
1.032e-05
1.08467e-05
1.23239e-05
1.37388e-05
1.43135e-05
1.42212e-05
1.42232e-05
1.39804e-05
1.42854e-05
1.37572e-05
7.69032e-06
8.22996e-06
9.52749e-06
1.08367e-05
1.15267e-05
1.18143e-05
1.20297e-05
1.20342e-05
1.24868e-05
1.23655e-05
7.4654e-06
7.91061e-06
9.00641e-06
1.00161e-05
1.07395e-05
1.10774e-05
1.1488e-05
1.16517e-05
1.21901e-05
1.23376e-05
7.94965e-06
8.27565e-06
9.08189e-06
9.87166e-06
1.04551e-05
1.08254e-05
1.12839e-05
1.1536e-05
1.20861e-05
1.25567e-05
6.78343e-06
6.96296e-06
7.48295e-06
7.96607e-06
8.42402e-06
8.71782e-06
9.09915e-06
9.31648e-06
9.82233e-06
1.0495e-05
5.62145e-06
5.65559e-06
5.89239e-06
6.11279e-06
6.42113e-06
6.64981e-06
6.87321e-06
7.03438e-06
7.37541e-06
8.06562e-06
4.58405e-06
4.5291e-06
4.52959e-06
4.56779e-06
4.75364e-06
4.93371e-06
5.06262e-06
5.19486e-06
5.44988e-06
6.03177e-06
3.03808e-06
2.95931e-06
2.84659e-06
2.7876e-06
2.89131e-06
3.01106e-06
3.10573e-06
3.22908e-06
3.46477e-06
3.77031e-06
1.57871e-06
1.53121e-06
1.42667e-06
1.37844e-06
1.41848e-06
1.49631e-06
1.57023e-06
1.684e-06
1.81393e-06
1.9434e-06
2.28507e-06
2.27847e-06
2.23379e-06
2.23625e-06
2.23899e-06
2.29903e-06
2.33138e-06
2.43003e-06
2.48424e-06
2.49386e-06
1.14123e-06
1.14551e-06
1.14379e-06
1.14239e-06
1.14503e-06
1.16813e-06
1.18442e-06
1.22698e-06
1.27793e-06
1.30265e-06
8.82429e-08
8.93787e-08
9.00234e-08
8.59985e-08
7.97489e-08
8.96687e-08
8.37074e-08
1.00469e-07
1.14734e-07
1.17915e-07
-1.77286e-06
-1.69404e-06
-1.59353e-06
-1.3824e-06
-1.3003e-06
-1.06233e-06
-9.6676e-07
-6.98794e-07
-4.53191e-07
9.41599e-07
-3.75826e-06
-3.8022e-06
-3.87301e-06
-3.64743e-06
-3.5668e-06
-3.17835e-06
-2.92302e-06
-2.4409e-06
-1.44236e-06
1.40559e-06
-5.83416e-06
-5.94792e-06
-6.1382e-06
-5.91242e-06
-5.84483e-06
-5.34767e-06
-4.99212e-06
-4.29315e-06
-2.58915e-06
1.24951e-06
-7.54063e-06
-7.74502e-06
-8.07926e-06
-7.91881e-06
-7.89315e-06
-7.36527e-06
-6.93429e-06
-6.07166e-06
-3.78488e-06
7.16599e-07
-9.11695e-06
-9.39036e-06
-9.82353e-06
-9.71963e-06
-9.71701e-06
-9.1781e-06
-8.68093e-06
-7.65456e-06
-4.93216e-06
7.64218e-08
-1.0526e-05
-1.08545e-05
-1.13706e-05
-1.13285e-05
-1.13487e-05
-1.08134e-05
-1.02545e-05
-9.07571e-06
-6.00655e-06
-6.55171e-07
-1.18013e-05
-1.21715e-05
-1.27581e-05
-1.27683e-05
-1.28136e-05
-1.22787e-05
-1.16707e-05
-1.03451e-05
-7.02738e-06
-1.44102e-06
-1.29337e-05
-1.33371e-05
-1.39821e-05
-1.40365e-05
-1.41113e-05
-1.35717e-05
-1.29335e-05
-1.14779e-05
-7.99808e-06
-2.26549e-06
-1.39191e-05
-1.43517e-05
-1.50374e-05
-1.51305e-05
-1.52349e-05
-1.46871e-05
-1.40509e-05
-1.24798e-05
-8.91369e-06
-3.11049e-06
-1.47432e-05
-1.52025e-05
-1.59115e-05
-1.60438e-05
-1.61745e-05
-1.56237e-05
-1.50014e-05
-1.33486e-05
-9.76661e-06
-3.95863e-06
-1.53891e-05
-1.5872e-05
-1.65929e-05
-1.67682e-05
-1.69206e-05
-1.63826e-05
-1.57634e-05
-1.40735e-05
-1.05384e-05
-4.78894e-06
-1.5835e-05
-1.63375e-05
-1.70647e-05
-1.7287e-05
-1.74619e-05
-1.69491e-05
-1.63353e-05
-1.46434e-05
-1.12062e-05
-5.57609e-06
-1.60565e-05
-1.65744e-05
-1.7307e-05
-1.75808e-05
-1.77788e-05
-1.73076e-05
-1.66997e-05
-1.50448e-05
-1.17484e-05
-6.29453e-06
-1.60264e-05
-1.65555e-05
-1.72981e-05
-1.76266e-05
-1.785e-05
-1.7435e-05
-1.68408e-05
-1.52599e-05
-1.21395e-05
-6.91617e-06
-1.57172e-05
-1.62543e-05
-1.70146e-05
-1.74016e-05
-1.76521e-05
-1.73059e-05
-1.67374e-05
-1.52645e-05
-1.23515e-05
-7.41193e-06
-1.51025e-05
-1.56466e-05
-1.64331e-05
-1.68814e-05
-1.71617e-05
-1.68937e-05
-1.63663e-05
-1.50309e-05
-1.2354e-05
-7.75017e-06
-1.41592e-05
-1.47103e-05
-1.55312e-05
-1.60433e-05
-1.63555e-05
-1.61724e-05
-1.57023e-05
-1.4529e-05
-1.21145e-05
-7.89681e-06
-1.28699e-05
-1.34281e-05
-1.42895e-05
-1.48667e-05
-1.52122e-05
-1.51186e-05
-1.47221e-05
-1.37291e-05
-1.16009e-05
-7.81596e-06
-1.12185e-05
-1.17831e-05
-1.2688e-05
-1.33318e-05
-1.37117e-05
-1.37114e-05
-1.34025e-05
-1.26027e-05
-1.07813e-05
-7.46946e-06
-9.19929e-06
-9.76754e-06
-1.07161e-05
-1.14277e-05
-1.18436e-05
-1.19384e-05
-1.17276e-05
-1.11282e-05
-9.62944e-06
-6.82221e-06
-6.80417e-06
-7.37254e-06
-8.36286e-06
-9.14461e-06
-9.59955e-06
-9.78923e-06
-9.68344e-06
-9.28631e-06
-8.12034e-06
-5.83875e-06
-4.05366e-06
-4.61792e-06
-5.646e-06
-6.4999e-06
-6.99774e-06
-7.27786e-06
-7.2798e-06
-7.08005e-06
-6.24879e-06
-4.50098e-06
-9.65651e-07
-1.52253e-06
-2.58394e-06
-3.51372e-06
-4.06e-06
-4.42181e-06
-4.53041e-06
-4.51562e-06
-4.01219e-06
-2.7933e-06
2.38058e-06
1.83268e-06
7.4219e-07
-2.67703e-07
-8.73948e-07
-1.30393e-06
-1.51692e-06
-1.66359e-06
-1.47096e-06
-7.58898e-07
5.91e-06
5.37488e-06
4.25342e-06
3.1764e-06
2.48628e-06
2.01042e-06
1.68375e-06
1.4148e-06
1.31603e-06
1.56112e-06
9.31291e-06
8.79628e-06
7.65327e-06
6.50977e-06
5.75282e-06
5.21677e-06
4.79568e-06
4.4429e-06
4.08245e-06
3.92637e-06
1.22625e-05
1.17695e-05
1.0604e-05
9.38628e-06
8.55148e-06
7.96123e-06
7.46932e-06
7.07435e-06
6.48059e-06
5.9953e-06
1.40749e-05
1.36117e-05
1.24233e-05
1.11254e-05
1.02021e-05
9.58388e-06
9.06091e-06
8.67304e-06
7.90152e-06
7.19018e-06
1.49105e-05
1.44692e-05
1.32352e-05
1.18485e-05
1.08229e-05
1.01948e-05
9.66038e-06
9.32185e-06
8.42695e-06
7.59207e-06
1.40836e-05
1.36405e-05
1.23296e-05
1.08429e-05
9.74581e-06
9.15638e-06
8.65261e-06
8.4213e-06
7.46677e-06
6.47544e-06
1.2472e-05
1.20489e-05
1.0569e-05
9.01672e-06
7.85994e-06
7.37156e-06
6.98774e-06
6.96833e-06
6.11182e-06
5.06931e-06
1.01908e-05
9.6887e-06
8.27586e-06
6.21683e-06
5.26025e-06
4.6181e-06
4.29134e-06
4.19053e-06
3.85567e-06
2.65598e-06
8.87805e-06
8.48512e-06
7.10727e-06
5.54957e-06
4.38066e-06
4.3259e-06
4.1703e-06
4.12399e-06
3.19574e-06
1.9947e-06
8.63126e-06
8.43114e-06
7.42666e-06
6.62935e-06
5.98516e-06
5.52354e-06
5.11358e-06
4.14655e-06
2.4533e-06
8.2896e-07
9.39098e-06
9.38154e-06
9.1091e-06
9.07571e-06
8.93605e-06
8.25463e-06
6.9103e-06
6.28476e-06
4.78456e-06
3.12734e-06
1.13042e-05
1.14739e-05
1.18738e-05
1.25741e-05
1.27974e-05
1.28268e-05
1.24332e-05
1.15888e-05
9.97375e-06
8.67787e-06
1.28839e-05
1.32218e-05
1.42393e-05
1.54333e-05
1.57736e-05
1.5381e-05
1.51035e-05
1.40935e-05
1.34132e-05
1.24806e-05
1.21582e-05
1.25744e-05
1.41258e-05
1.54709e-05
1.61053e-05
1.60593e-05
1.55378e-05
1.53648e-05
1.50089e-05
1.4637e-05
6.09431e-06
6.62235e-06
8.22615e-06
9.69619e-06
1.05522e-05
1.07482e-05
1.07771e-05
1.05639e-05
1.04464e-05
9.99782e-06
8.1762e-07
1.37062e-06
2.68236e-06
4.07448e-06
4.80838e-06
5.19901e-06
5.37483e-06
5.34254e-06
5.61179e-06
5.37341e-06
4.13458e-07
8.74419e-07
1.9859e-06
3.03212e-06
3.80575e-06
4.17179e-06
4.60772e-06
4.71427e-06
5.24878e-06
5.35511e-06
1.89695e-06
2.23064e-06
3.06492e-06
3.82912e-06
4.47275e-06
4.81175e-06
5.29972e-06
5.49254e-06
6.07254e-06
6.47727e-06
2.49935e-06
2.68588e-06
3.20934e-06
3.70729e-06
4.16509e-06
4.46618e-06
4.83542e-06
5.05571e-06
5.54292e-06
6.20389e-06
3.01375e-06
3.05382e-06
3.29729e-06
3.52093e-06
3.82732e-06
4.048e-06
4.26221e-06
4.40863e-06
4.75361e-06
5.46683e-06
3.59676e-06
3.54587e-06
3.54808e-06
3.57937e-06
3.7735e-06
3.93201e-06
4.06533e-06
4.16666e-06
4.46761e-06
4.9286e-06
2.96393e-06
2.88456e-06
2.7685e-06
2.71671e-06
2.80158e-06
2.93831e-06
2.9955e-06
3.13828e-06
3.29622e-06
3.62706e-06
1.72691e-06
1.68056e-06
1.57753e-06
1.53327e-06
1.56878e-06
1.64524e-06
1.70906e-06
1.8177e-06
1.9477e-06
2.08053e-06
2.19096e-06
2.1827e-06
2.1417e-06
2.13682e-06
2.137e-06
2.18952e-06
2.21764e-06
2.30393e-06
2.3449e-06
2.39027e-06
1.19466e-06
1.20034e-06
1.19592e-06
1.2049e-06
1.20619e-06
1.23332e-06
1.2506e-06
1.29814e-06
1.33613e-06
1.34878e-06
4.90723e-07
4.92809e-07
4.95225e-07
5.00712e-07
5.03502e-07
5.14603e-07
5.21685e-07
5.44225e-07
5.63294e-07
5.64261e-07
-1.77624e-06
-1.68717e-06
-1.57705e-06
-1.35379e-06
-1.27427e-06
-1.01259e-06
-9.4955e-07
-6.80623e-07
-4.56467e-07
9.86523e-07
-3.66995e-06
-3.69935e-06
-3.74701e-06
-3.50656e-06
-3.41649e-06
-2.99243e-06
-2.78566e-06
-2.2821e-06
-1.30413e-06
1.61708e-06
-5.64306e-06
-5.73777e-06
-5.89069e-06
-5.64792e-06
-5.55551e-06
-5.01236e-06
-4.70445e-06
-3.95403e-06
-2.26552e-06
1.65167e-06
-7.2265e-06
-7.40772e-06
-7.69355e-06
-7.52008e-06
-7.44666e-06
-6.87712e-06
-6.47102e-06
-5.52877e-06
-3.28818e-06
1.34229e-06
-8.66903e-06
-8.91457e-06
-9.29605e-06
-9.17978e-06
-9.11047e-06
-8.5371e-06
-8.02879e-06
-6.91457e-06
-4.21764e-06
9.12353e-07
-9.93215e-06
-1.0227e-05
-1.0696e-05
-1.06365e-05
-1.05769e-05
-1.00161e-05
-9.40823e-06
-8.13035e-06
-5.08026e-06
3.88077e-07
-1.10479e-05
-1.13792e-05
-1.19282e-05
-1.19126e-05
-1.18682e-05
-1.13169e-05
-1.06238e-05
-9.1958e-06
-5.88585e-06
-1.98151e-07
-1.20061e-05
-1.23676e-05
-1.29829e-05
-1.30032e-05
-1.29848e-05
-1.24323e-05
-1.16824e-05
-1.01257e-05
-6.641e-06
-8.30041e-07
-1.28023e-05
-1.31932e-05
-1.38529e-05
-1.39041e-05
-1.39214e-05
-1.33558e-05
-1.25939e-05
-1.09258e-05
-7.34222e-06
-1.48867e-06
-1.3422e-05
-1.38418e-05
-1.45274e-05
-1.46094e-05
-1.4668e-05
-1.40777e-05
-1.33472e-05
-1.15966e-05
-7.98294e-06
-2.15454e-06
-1.38489e-05
-1.42961e-05
-1.49943e-05
-1.51135e-05
-1.52108e-05
-1.4606e-05
-1.39102e-05
-1.21245e-05
-8.54764e-06
-2.80797e-06
-1.40628e-05
-1.45351e-05
-1.52385e-05
-1.54035e-05
-1.55372e-05
-1.49374e-05
-1.42733e-05
-1.24941e-05
-9.01447e-06
-3.42257e-06
-1.4042e-05
-1.45369e-05
-1.5243e-05
-1.54619e-05
-1.56308e-05
-1.50604e-05
-1.4424e-05
-1.26931e-05
-9.36264e-06
-3.97156e-06
-1.37629e-05
-1.42768e-05
-1.4991e-05
-1.527e-05
-1.54729e-05
-1.49578e-05
-1.43507e-05
-1.27053e-05
-9.56634e-06
-4.42622e-06
-1.32018e-05
-1.37314e-05
-1.4464e-05
-1.48086e-05
-1.50433e-05
-1.4608e-05
-1.40375e-05
-1.25116e-05
-9.59882e-06
-4.75673e-06
-1.23369e-05
-1.28794e-05
-1.36425e-05
-1.40564e-05
-1.43229e-05
-1.39869e-05
-1.34649e-05
-1.20891e-05
-9.43163e-06
-4.93379e-06
-1.11502e-05
-1.1703e-05
-1.25076e-05
-1.29941e-05
-1.32945e-05
-1.30701e-05
-1.26112e-05
-1.14125e-05
-9.03558e-06
-4.92743e-06
-9.62867e-06
-1.01898e-05
-1.10432e-05
-1.16057e-05
-1.19437e-05
-1.1836e-05
-1.14558e-05
-1.04557e-05
-8.38148e-06
-4.70687e-06
-7.76328e-06
-8.33073e-06
-9.23657e-06
-9.87823e-06
-1.02586e-05
-1.02678e-05
-9.98092e-06
-9.19426e-06
-7.44142e-06
-4.24063e-06
-5.55349e-06
-6.12506e-06
-7.08343e-06
-7.80667e-06
-8.23382e-06
-8.35729e-06
-8.17597e-06
-7.60996e-06
-6.19233e-06
-3.49864e-06
-3.00186e-06
-3.57495e-06
-4.58376e-06
-5.39088e-06
-5.8698e-06
-6.10331e-06
-6.0368e-06
-5.69153e-06
-4.61775e-06
-2.455e-06
-1.34912e-07
-7.05836e-07
-1.76064e-06
-2.65235e-06
-3.18703e-06
-3.52345e-06
-3.57568e-06
-3.443e-06
-2.71395e-06
-1.09285e-06
3.02077e-06
2.45467e-06
1.35909e-06
3.79838e-07
-2.15438e-07
-6.44921e-07
-8.16055e-07
-8.80481e-07
-4.90012e-07
5.92347e-07
6.37932e-06
5.82042e-06
4.68948e-06
3.61962e-06
2.95652e-06
2.44726e-06
2.16305e-06
1.92637e-06
1.99758e-06
2.56032e-06
9.84595e-06
9.29777e-06
8.14792e-06
6.96106e-06
6.25674e-06
5.65416e-06
5.28249e-06
4.89351e-06
4.68299e-06
4.77458e-06
1.31429e-05
1.26114e-05
1.14171e-05
1.021e-05
9.37176e-06
8.76177e-06
8.24589e-06
7.80758e-06
7.31967e-06
7.01607e-06
1.59742e-05
1.54667e-05
1.42507e-05
1.29684e-05
1.20536e-05
1.13895e-05
1.07971e-05
1.03267e-05
9.60372e-06
8.97556e-06
1.77426e-05
1.72666e-05
1.60308e-05
1.46723e-05
1.36708e-05
1.29833e-05
1.23599e-05
1.19149e-05
1.10249e-05
1.01823e-05
1.86074e-05
1.81557e-05
1.68851e-05
1.54401e-05
1.43467e-05
1.36594e-05
1.30173e-05
1.26394e-05
1.16405e-05
1.06874e-05
1.8143e-05
1.76912e-05
1.63348e-05
1.48052e-05
1.36517e-05
1.30426e-05
1.24415e-05
1.21971e-05
1.11759e-05
1.01108e-05
1.62739e-05
1.58308e-05
1.42813e-05
1.26698e-05
1.14536e-05
1.09463e-05
1.04052e-05
1.03498e-05
9.49407e-06
8.38293e-06
1.43499e-05
1.3842e-05
1.23992e-05
1.02572e-05
9.15445e-06
8.16429e-06
7.57288e-06
7.69748e-06
7.67813e-06
6.47415e-06
1.19487e-05
1.14837e-05
1.00699e-05
8.1738e-06
7.20369e-06
6.51963e-06
6.54087e-06
6.25717e-06
5.38408e-06
4.059e-06
1.13216e-05
1.09773e-05
9.93814e-06
8.67327e-06
8.15961e-06
7.89303e-06
8.24299e-06
7.72133e-06
6.28398e-06
4.33586e-06
1.16266e-05
1.15882e-05
1.12336e-05
1.09423e-05
1.07117e-05
1.00077e-05
9.58647e-06
9.40466e-06
7.41429e-06
6.10161e-06
1.32992e-05
1.34766e-05
1.39208e-05
1.4561e-05
1.45996e-05
1.44077e-05
1.37012e-05
1.288e-05
1.14408e-05
9.88552e-06
1.42773e-05
1.46257e-05
1.57867e-05
1.68469e-05
1.73845e-05
1.71892e-05
1.67772e-05
1.57492e-05
1.50244e-05
1.4383e-05
1.26757e-05
1.31269e-05
1.48922e-05
1.62082e-05
1.69145e-05
1.68363e-05
1.59388e-05
1.52054e-05
1.4651e-05
1.44093e-05
3.5398e-06
4.12167e-06
5.81329e-06
7.3758e-06
8.31598e-06
8.47526e-06
8.22631e-06
7.4941e-06
7.01295e-06
6.47072e-06
-4.0045e-06
-3.43541e-06
-2.03864e-06
-6.69829e-07
1.69766e-07
4.84829e-07
5.9969e-07
3.60525e-07
5.70814e-07
3.04784e-07
-4.91825e-06
-4.44257e-06
-3.3132e-06
-2.23131e-06
-1.46191e-06
-1.09747e-06
-7.16649e-07
-6.65871e-07
-1.8884e-07
-1.16871e-07
-2.26551e-06
-1.91585e-06
-1.09366e-06
-2.54502e-07
3.28054e-07
7.18691e-07
1.12594e-06
1.34274e-06
1.83593e-06
2.27782e-06
1.56879e-07
3.51865e-07
8.86985e-07
1.39367e-06
1.85486e-06
2.14837e-06
2.51444e-06
2.7187e-06
3.20665e-06
3.8822e-06
2.25809e-06
2.30437e-06
2.54647e-06
2.76943e-06
3.07251e-06
3.2809e-06
3.4909e-06
3.62674e-06
3.98079e-06
4.64848e-06
4.53825e-06
4.48556e-06
4.49471e-06
4.52707e-06
4.70299e-06
4.8674e-06
4.96158e-06
5.06218e-06
5.29575e-06
5.82969e-06
4.57009e-06
4.4954e-06
4.38606e-06
4.3367e-06
4.43627e-06
4.54742e-06
4.62469e-06
4.73128e-06
4.92996e-06
5.19212e-06
3.8237e-06
3.7763e-06
3.67342e-06
3.62905e-06
3.64807e-06
3.73687e-06
3.76879e-06
3.90035e-06
3.97719e-06
4.11381e-06
3.02596e-06
3.01281e-06
2.9678e-06
2.95752e-06
2.95168e-06
3.01003e-06
3.02068e-06
3.10678e-06
3.14761e-06
3.19726e-06
1.58377e-06
1.58941e-06
1.59502e-06
1.6004e-06
1.60165e-06
1.6209e-06
1.63782e-06
1.6733e-06
1.7242e-06
1.76465e-06
1.00936e-06
1.01532e-06
1.02556e-06
1.03e-06
1.03133e-06
1.03281e-06
1.04264e-06
1.05148e-06
1.08324e-06
1.10161e-06
-1.67405e-06
-1.58237e-06
-1.44112e-06
-1.23745e-06
-1.1236e-06
-8.69106e-07
-7.84004e-07
-5.16463e-07
-3.01719e-07
1.19198e-06
-3.41941e-06
-3.44967e-06
-3.44736e-06
-3.24926e-06
-3.08974e-06
-2.68097e-06
-2.43439e-06
-1.89787e-06
-9.35336e-07
2.04693e-06
-5.2125e-06
-5.31335e-06
-5.4016e-06
-5.2192e-06
-5.02351e-06
-4.4951e-06
-4.129e-06
-3.33e-06
-1.67608e-06
2.33512e-06
-6.63042e-06
-6.82219e-06
-7.03509e-06
-6.93384e-06
-6.72918e-06
-6.18055e-06
-5.69063e-06
-4.69195e-06
-2.49162e-06
2.24365e-06
-7.90974e-06
-8.16881e-06
-8.47649e-06
-8.43683e-06
-8.21281e-06
-7.66555e-06
-7.04713e-06
-5.87372e-06
-3.2306e-06
2.00922e-06
-9.01574e-06
-9.32451e-06
-9.72824e-06
-9.73812e-06
-9.51293e-06
-8.97533e-06
-8.238e-06
-6.902e-06
-3.91647e-06
1.66438e-06
-9.98049e-06
-1.03227e-05
-1.0824e-05
-1.08593e-05
-1.06536e-05
-1.01154e-05
-9.28506e-06
-7.79588e-06
-4.55772e-06
1.24023e-06
-1.07942e-05
-1.11612e-05
-1.17525e-05
-1.18011e-05
-1.16352e-05
-1.10789e-05
-1.02157e-05
-8.57673e-06
-5.15846e-06
7.55547e-07
-1.14528e-05
-1.18435e-05
-1.24994e-05
-1.25629e-05
-1.24495e-05
-1.18774e-05
-1.10034e-05
-9.25394e-06
-5.72388e-06
2.17347e-07
-1.19431e-05
-1.23591e-05
-1.30534e-05
-1.31359e-05
-1.30886e-05
-1.25004e-05
-1.16511e-05
-9.82558e-06
-6.24488e-06
-3.55888e-07
-1.22509e-05
-1.2692e-05
-1.3407e-05
-1.35125e-05
-1.35379e-05
-1.29445e-05
-1.21356e-05
-1.02827e-05
-6.71481e-06
-9.49049e-07
-1.23588e-05
-1.28255e-05
-1.35475e-05
-1.36843e-05
-1.37822e-05
-1.31991e-05
-1.24408e-05
-1.06112e-05
-7.11871e-06
-1.54413e-06
-1.22468e-05
-1.2737e-05
-1.34633e-05
-1.36442e-05
-1.38091e-05
-1.32514e-05
-1.25535e-05
-1.0794e-05
-7.43661e-06
-2.11404e-06
-1.1895e-05
-1.24056e-05
-1.31389e-05
-1.33802e-05
-1.36032e-05
-1.30887e-05
-1.2458e-05
-1.08092e-05
-7.64512e-06
-2.62537e-06
-1.1283e-05
-1.18113e-05
-1.25599e-05
-1.28727e-05
-1.31477e-05
-1.26979e-05
-1.21407e-05
-1.06354e-05
-7.71413e-06
-3.04066e-06
-1.03926e-05
-1.09369e-05
-1.17135e-05
-1.21052e-05
-1.24244e-05
-1.20641e-05
-1.15868e-05
-1.02516e-05
-7.61338e-06
-3.32369e-06
-9.21114e-06
-9.76957e-06
-1.05873e-05
-1.1062e-05
-1.14207e-05
-1.11726e-05
-1.07816e-05
-9.63817e-06
-7.31319e-06
-3.44064e-06
-7.73049e-06
-8.30061e-06
-9.16916e-06
-9.73006e-06
-1.01273e-05
-1.00078e-05
-9.71031e-06
-8.77599e-06
-6.78587e-06
-3.3608e-06
-5.94974e-06
-6.52836e-06
-7.45266e-06
-8.10254e-06
-8.54088e-06
-8.55755e-06
-8.3607e-06
-7.64852e-06
-6.00719e-06
-3.05712e-06
-3.87075e-06
-4.45448e-06
-5.43541e-06
-6.17686e-06
-6.66141e-06
-6.81304e-06
-6.72409e-06
-6.24154e-06
-4.95638e-06
-2.5051e-06
-1.51012e-06
-2.0955e-06
-3.13046e-06
-3.96489e-06
-4.50127e-06
-4.78044e-06
-4.80543e-06
-4.55231e-06
-3.62404e-06
-1.68893e-06
1.11053e-06
5.26786e-07
-5.57619e-07
-1.4852e-06
-2.07918e-06
-2.47444e-06
-2.61693e-06
-2.58411e-06
-2.00665e-06
-5.96542e-07
3.94684e-06
3.36779e-06
2.23946e-06
1.2184e-06
5.60492e-07
6.40231e-08
-1.96131e-07
-3.65164e-07
-1.25274e-07
7.63666e-07
6.92365e-06
6.35177e-06
5.18613e-06
4.07129e-06
3.34049e-06
2.76122e-06
2.38515e-06
2.04393e-06
1.96811e-06
2.35785e-06
9.92931e-06
9.36785e-06
8.16418e-06
6.97773e-06
6.15234e-06
5.53247e-06
5.03242e-06
4.57654e-06
4.21026e-06
4.14569e-06
1.273e-05
1.21857e-05
1.09561e-05
9.70423e-06
8.80719e-06
8.13611e-06
7.53243e-06
7.00782e-06
6.3838e-06
5.932e-06
1.4945e-05
1.44262e-05
1.31754e-05
1.1853e-05
1.08814e-05
1.01602e-05
9.48232e-06
8.93511e-06
8.09277e-06
7.33344e-06
1.60898e-05
1.56024e-05
1.43276e-05
1.29264e-05
1.18689e-05
1.11221e-05
1.04156e-05
9.89974e-06
8.90008e-06
7.94025e-06
1.60957e-05
1.56297e-05
1.43132e-05
1.28242e-05
1.16792e-05
1.09385e-05
1.02293e-05
9.79585e-06
8.7036e-06
7.64269e-06
1.53772e-05
1.49054e-05
1.34616e-05
1.18673e-05
1.06353e-05
9.95229e-06
9.30532e-06
9.0005e-06
7.89948e-06
6.73398e-06
1.35453e-05
1.30461e-05
1.14194e-05
9.68791e-06
8.36379e-06
7.71894e-06
7.09682e-06
6.95462e-06
5.97103e-06
4.7565e-06
1.22529e-05
1.17989e-05
1.00875e-05
8.36312e-06
7.07647e-06
6.38389e-06
5.7482e-06
5.74793e-06
4.91416e-06
3.1843e-06
1.08109e-05
1.03465e-05
8.88488e-06
7.26707e-06
6.36132e-06
5.42302e-06
5.2329e-06
5.48622e-06
5.24819e-06
3.35915e-06
1.0558e-05
1.0221e-05
9.15694e-06
7.7512e-06
6.91007e-06
6.07555e-06
5.65891e-06
6.05281e-06
5.62272e-06
3.81893e-06
1.15163e-05
1.14959e-05
1.12031e-05
1.05006e-05
1.01552e-05
9.10285e-06
8.52066e-06
9.23324e-06
8.19285e-06
6.17786e-06
1.39623e-05
1.41682e-05
1.46191e-05
1.52436e-05
1.5309e-05
1.53794e-05
1.43339e-05
1.29257e-05
1.12824e-05
9.80304e-06
1.49683e-05
1.53242e-05
1.64006e-05
1.76923e-05
1.8051e-05
1.85385e-05
1.78413e-05
1.52513e-05
1.37008e-05
1.28097e-05
1.09594e-05
1.13941e-05
1.29546e-05
1.43094e-05
1.48615e-05
1.50318e-05
1.46426e-05
1.43353e-05
1.37548e-05
1.30171e-05
2.6221e-07
8.1078e-07
2.49326e-06
3.98806e-06
4.79839e-06
4.99154e-06
4.81052e-06
4.32669e-06
4.00554e-06
3.49287e-06
-9.35309e-06
-8.76436e-06
-7.38675e-06
-5.9153e-06
-5.16104e-06
-4.74836e-06
-4.689e-06
-4.90742e-06
-4.72724e-06
-4.92355e-06
-1.12406e-05
-1.07497e-05
-9.58702e-06
-8.47814e-06
-7.68766e-06
-7.31609e-06
-6.92649e-06
-6.87696e-06
-6.39065e-06
-6.28085e-06
-8.05484e-06
-7.6964e-06
-6.82719e-06
-6.02276e-06
-5.3715e-06
-5.03101e-06
-4.57351e-06
-4.42679e-06
-3.88368e-06
-3.47858e-06
-4.00605e-06
-3.80178e-06
-3.25546e-06
-2.73669e-06
-2.28019e-06
-1.98897e-06
-1.62747e-06
-1.44282e-06
-9.62353e-07
-3.07694e-07
-8.67537e-07
-8.17024e-07
-5.65186e-07
-3.37439e-07
-3.00551e-08
1.77521e-07
3.77428e-07
5.03162e-07
8.54751e-07
1.50034e-06
1.67805e-06
1.62825e-06
1.6381e-06
1.67455e-06
1.85041e-06
2.01387e-06
2.09516e-06
2.20554e-06
2.42113e-06
2.93843e-06
2.30231e-06
2.22827e-06
2.11711e-06
2.07119e-06
2.14301e-06
2.27048e-06
2.30374e-06
2.43487e-06
2.57311e-06
2.88606e-06
2.25251e-06
2.20579e-06
2.10886e-06
2.06871e-06
2.0904e-06
2.18086e-06
2.20434e-06
2.32218e-06
2.4007e-06
2.54221e-06
2.4167e-06
2.40733e-06
2.37937e-06
2.37376e-06
2.38683e-06
2.43374e-06
2.46114e-06
2.53434e-06
2.61051e-06
2.67661e-06
1.28135e-06
1.28761e-06
1.29121e-06
1.2898e-06
1.2881e-06
1.30222e-06
1.31693e-06
1.35149e-06
1.41173e-06
1.43844e-06
6.33773e-07
6.36789e-07
6.40296e-07
6.33169e-07
6.29238e-07
6.27563e-07
6.31352e-07
6.40816e-07
6.65364e-07
6.92636e-07
-1.70066e-06
-1.60095e-06
-1.43574e-06
-1.23564e-06
-1.10762e-06
-8.68138e-07
-7.65366e-07
-4.69594e-07
-2.49316e-07
1.25459e-06
-3.39266e-06
-3.4093e-06
-3.35767e-06
-3.16796e-06
-2.96559e-06
-2.5696e-06
-2.30474e-06
-1.70508e-06
-7.33373e-07
2.25197e-06
-5.11369e-06
-5.19891e-06
-5.21378e-06
-5.03466e-06
-4.75659e-06
-4.2475e-06
-3.84764e-06
-2.98586e-06
-1.36462e-06
2.71607e-06
-6.4417e-06
-6.62047e-06
-6.74125e-06
-6.63886e-06
-6.31483e-06
-5.78571e-06
-5.25284e-06
-4.19581e-06
-2.05404e-06
2.77915e-06
-7.62844e-06
-7.87969e-06
-8.07934e-06
-8.03178e-06
-7.65503e-06
-7.12857e-06
-6.45359e-06
-5.22536e-06
-2.67924e-06
2.67957e-06
-8.63971e-06
-8.94861e-06
-9.22902e-06
-9.22399e-06
-8.8242e-06
-8.29228e-06
-7.5144e-06
-6.11169e-06
-3.25077e-06
2.45728e-06
-9.50834e-06
-9.86068e-06
-1.02243e-05
-1.02394e-05
-9.84607e-06
-9.2939e-06
-8.42683e-06
-6.8769e-06
-3.78616e-06
2.14307e-06
-1.02264e-05
-1.06102e-05
-1.10595e-05
-1.10826e-05
-1.07187e-05
-1.01385e-05
-9.21698e-06
-7.53555e-06
-4.27532e-06
1.76156e-06
-1.07912e-05
-1.11974e-05
-1.17278e-05
-1.17565e-05
-1.14386e-05
-1.0836e-05
-9.87548e-06
-8.09792e-06
-4.73432e-06
1.32292e-06
-1.11901e-05
-1.16144e-05
-1.22136e-05
-1.22522e-05
-1.19943e-05
-1.13865e-05
-1.0394e-05
-8.5645e-06
-5.15642e-06
8.44783e-07
-1.14094e-05
-1.18516e-05
-1.25011e-05
-1.25563e-05
-1.23749e-05
-1.17753e-05
-1.07729e-05
-8.93075e-06
-5.53419e-06
3.39096e-07
-1.14315e-05
-1.18943e-05
-1.25727e-05
-1.26566e-05
-1.25629e-05
-1.19862e-05
-1.10036e-05
-9.19409e-06
-5.85701e-06
-1.79739e-07
-1.12382e-05
-1.17204e-05
-1.24187e-05
-1.25447e-05
-1.2544e-05
-1.20023e-05
-1.10765e-05
-9.33826e-06
-6.10873e-06
-6.97414e-07
-1.08103e-05
-1.13091e-05
-1.20275e-05
-1.22093e-05
-1.23027e-05
-1.1809e-05
-1.09692e-05
-9.34134e-06
-6.27332e-06
-1.19555e-06
-1.01291e-05
-1.06431e-05
-1.13861e-05
-1.16381e-05
-1.18228e-05
-1.1391e-05
-1.06608e-05
-9.17846e-06
-6.32446e-06
-1.638e-06
-9.1782e-06
-9.70754e-06
-1.04844e-05
-1.08201e-05
-1.10895e-05
-1.07353e-05
-1.01314e-05
-8.82583e-06
-6.23638e-06
-1.989e-06
-7.94694e-06
-8.49323e-06
-9.31514e-06
-9.74343e-06
-1.00896e-05
-9.83162e-06
-9.36441e-06
-8.26068e-06
-5.97905e-06
-2.20768e-06
-6.43069e-06
-6.99461e-06
-7.87103e-06
-8.39676e-06
-8.81157e-06
-8.67101e-06
-8.34601e-06
-7.46188e-06
-5.52201e-06
-2.2532e-06
-4.63129e-06
-5.21046e-06
-6.14669e-06
-6.77254e-06
-7.2499e-06
-7.24452e-06
-7.06356e-06
-6.41093e-06
-4.83638e-06
-2.08734e-06
-2.55355e-06
-3.14321e-06
-4.14019e-06
-4.8685e-06
-5.40577e-06
-5.54529e-06
-5.50693e-06
-5.09282e-06
-3.89644e-06
-1.67592e-06
-2.107e-07
-8.05095e-07
-1.85999e-06
-2.69203e-06
-3.2893e-06
-3.57437e-06
-3.67482e-06
-3.50012e-06
-2.68406e-06
-9.94336e-07
2.37539e-06
1.78113e-06
6.7338e-07
-2.62729e-07
-9.2151e-07
-1.34377e-06
-1.5772e-06
-1.63404e-06
-1.19011e-06
-2.64567e-08
5.16736e-06
4.57714e-06
3.4222e-06
2.38247e-06
1.65806e-06
1.11359e-06
7.53785e-07
4.83927e-07
5.74556e-07
1.22736e-06
8.09335e-06
7.51078e-06
6.31666e-06
5.17556e-06
4.38223e-06
3.73639e-06
3.25847e-06
2.80358e-06
2.56857e-06
2.73497e-06
1.10733e-05
1.04986e-05
9.27559e-06
8.02185e-06
7.1709e-06
6.44023e-06
5.866e-06
5.26535e-06
4.74849e-06
4.47247e-06
1.39099e-05
1.33488e-05
1.20825e-05
1.07867e-05
9.81398e-06
9.07572e-06
8.36556e-06
7.72005e-06
6.93502e-06
6.29631e-06
1.62448e-05
1.57094e-05
1.44212e-05
1.3058e-05
1.20239e-05
1.12393e-05
1.04541e-05
9.79045e-06
8.78474e-06
7.85905e-06
1.75328e-05
1.70294e-05
1.57185e-05
1.42829e-05
1.31744e-05
1.23706e-05
1.15645e-05
1.09349e-05
9.77128e-06
8.6593e-06
1.76252e-05
1.71447e-05
1.57897e-05
1.42669e-05
1.30862e-05
1.23014e-05
1.15205e-05
1.09888e-05
9.7328e-06
8.52538e-06
1.69767e-05
1.64921e-05
1.50182e-05
1.33779e-05
1.21224e-05
1.13859e-05
1.06959e-05
1.03201e-05
9.06998e-06
7.75927e-06
1.56473e-05
1.51462e-05
1.34912e-05
1.16985e-05
1.0406e-05
9.80707e-06
9.2647e-06
9.163e-06
7.979e-06
6.54208e-06
1.436e-05
1.38527e-05
1.2151e-05
9.97889e-06
9.09177e-06
7.93934e-06
7.92071e-06
7.58129e-06
7.21358e-06
5.22036e-06
1.36891e-05
1.33156e-05
1.17527e-05
1.00172e-05
9.12942e-06
7.75585e-06
7.40856e-06
6.79913e-06
6.95428e-06
5.07849e-06
1.27776e-05
1.24535e-05
1.12435e-05
9.91408e-06
8.7316e-06
8.30936e-06
7.7838e-06
7.68959e-06
6.51324e-06
5.52217e-06
1.38179e-05
1.36236e-05
1.30415e-05
1.22399e-05
1.1487e-05
1.09647e-05
1.06096e-05
1.00401e-05
9.31614e-06
7.42279e-06
1.59582e-05
1.61484e-05
1.65311e-05
1.69712e-05
1.68851e-05
1.64364e-05
1.52423e-05
1.34939e-05
1.16246e-05
9.67685e-06
1.71808e-05
1.75554e-05
1.85599e-05
1.98249e-05
2.01329e-05
1.99575e-05
1.94385e-05
1.80918e-05
1.71366e-05
1.61502e-05
1.18483e-05
1.23071e-05
1.40704e-05
1.54769e-05
1.61716e-05
1.62159e-05
1.59384e-05
1.54668e-05
1.49881e-05
1.4145e-05
4.20411e-07
1.03409e-06
2.71105e-06
4.45995e-06
5.19926e-06
5.49277e-06
4.97471e-06
4.08966e-06
3.58659e-06
2.92594e-06
-1.03058e-05
-9.70881e-06
-8.22864e-06
-6.80703e-06
-5.93931e-06
-5.63939e-06
-5.5788e-06
-5.88941e-06
-5.63726e-06
-5.81729e-06
-1.31833e-05
-1.26777e-05
-1.15041e-05
-1.03371e-05
-9.60893e-06
-9.2212e-06
-8.92644e-06
-8.92548e-06
-8.52598e-06
-8.41612e-06
-1.03116e-05
-9.94113e-06
-9.06313e-06
-8.24568e-06
-7.61271e-06
-7.2798e-06
-6.85975e-06
-6.75385e-06
-6.22949e-06
-5.84235e-06
-5.02863e-06
-4.82185e-06
-4.25602e-06
-3.74331e-06
-3.2804e-06
-3.00611e-06
-2.65789e-06
-2.50793e-06
-2.05152e-06
-1.41053e-06
-9.0551e-07
-8.51649e-07
-5.9332e-07
-3.62578e-07
-5.69604e-08
1.43394e-07
3.29605e-07
4.37213e-07
7.66559e-07
1.40894e-06
1.88195e-06
1.83316e-06
1.84592e-06
1.89021e-06
2.05981e-06
2.2239e-06
2.28924e-06
2.40214e-06
2.60143e-06
3.12039e-06
3.05848e-06
2.98611e-06
2.884e-06
2.84113e-06
2.9212e-06
3.04207e-06
3.0822e-06
3.20561e-06
3.36252e-06
3.70668e-06
2.87348e-06
2.82917e-06
2.73353e-06
2.68974e-06
2.71987e-06
2.78962e-06
2.83313e-06
2.93264e-06
3.05468e-06
3.17811e-06
2.65783e-06
2.65164e-06
2.61418e-06
2.60847e-06
2.60751e-06
2.65067e-06
2.66709e-06
2.74464e-06
2.79602e-06
2.82884e-06
1.71336e-06
1.72075e-06
1.72504e-06
1.7226e-06
1.72586e-06
1.73618e-06
1.75339e-06
1.78222e-06
1.84077e-06
1.89777e-06
6.20468e-07
6.22901e-07
6.27619e-07
6.25135e-07
6.2307e-07
6.31332e-07
6.30902e-07
6.48547e-07
6.72683e-07
6.97943e-07
-1.57995e-06
-1.46277e-06
-1.29125e-06
-1.09861e-06
-9.69126e-07
-7.34074e-07
-6.34458e-07
-3.13364e-07
-9.22727e-08
1.3684e-06
-3.12163e-06
-3.11373e-06
-3.06225e-06
-2.87758e-06
-2.66682e-06
-2.28695e-06
-2.02667e-06
-1.37956e-06
-4.39804e-07
2.52625e-06
-4.6764e-06
-4.73502e-06
-4.74731e-06
-4.56091e-06
-4.28026e-06
-3.801e-06
-3.41594e-06
-2.50094e-06
-9.12116e-07
3.17121e-06
-5.86953e-06
-6.02375e-06
-6.13046e-06
-6.00189e-06
-5.68414e-06
-5.18852e-06
-4.69273e-06
-3.57499e-06
-1.47557e-06
3.38681e-06
-6.92962e-06
-7.1645e-06
-7.32877e-06
-7.23736e-06
-6.88739e-06
-6.38112e-06
-5.7834e-06
-4.47795e-06
-1.98333e-06
3.43005e-06
-7.82762e-06
-8.13217e-06
-8.34627e-06
-8.29152e-06
-7.92793e-06
-7.40308e-06
-6.72312e-06
-5.24818e-06
-2.4473e-06
3.33774e-06
-8.59372e-06
-8.955e-06
-9.21561e-06
-9.18996e-06
-8.82381e-06
-8.27137e-06
-7.52653e-06
-5.91516e-06
-2.88911e-06
3.13714e-06
-9.2218e-06
-9.62812e-06
-9.93544e-06
-9.9362e-06
-9.57738e-06
-9.00822e-06
-8.18887e-06
-6.48417e-06
-3.29389e-06
2.84361e-06
-9.7094e-06
-1.01499e-05
-1.05101e-05
-1.0531e-05
-1.01936e-05
-9.61688e-06
-8.72174e-06
-6.96554e-06
-3.69151e-06
2.4588e-06
-1.00474e-05
-1.05118e-05
-1.09348e-05
-1.09713e-05
-1.06689e-05
-1.00958e-05
-9.13457e-06
-7.36607e-06
-4.06814e-06
2.01753e-06
-1.02239e-05
-1.07055e-05
-1.11954e-05
-1.12506e-05
-1.09934e-05
-1.044e-05
-9.43451e-06
-7.68776e-06
-4.42549e-06
1.53644e-06
-1.0223e-05
-1.07186e-05
-1.12745e-05
-1.13559e-05
-1.11569e-05
-1.0637e-05
-9.61647e-06
-7.92088e-06
-4.75429e-06
1.01514e-06
-1.0028e-05
-1.05357e-05
-1.11514e-05
-1.12709e-05
-1.11449e-05
-1.06753e-05
-9.67864e-06
-8.06216e-06
-5.0357e-06
4.742e-07
-9.62163e-06
-1.01398e-05
-1.08072e-05
-1.09815e-05
-1.09441e-05
-1.0542e-05
-9.60571e-06
-8.10516e-06
-5.25637e-06
-6.48192e-08
-8.98597e-06
-9.51258e-06
-1.02298e-05
-1.04766e-05
-1.05396e-05
-1.02196e-05
-9.38006e-06
-8.02569e-06
-5.39064e-06
-5.87691e-07
-8.10443e-06
-8.63863e-06
-9.40862e-06
-9.74479e-06
-9.91714e-06
-9.6909e-06
-8.97912e-06
-7.80192e-06
-5.41916e-06
-1.07401e-06
-6.9659e-06
-7.50924e-06
-8.33889e-06
-8.77701e-06
-9.06368e-06
-8.94141e-06
-8.38333e-06
-7.40952e-06
-5.31679e-06
-1.49244e-06
-5.56597e-06
-6.12232e-06
-7.01896e-06
-7.56538e-06
-7.96417e-06
-7.95506e-06
-7.57307e-06
-6.82218e-06
-5.05404e-06
-1.79762e-06
-3.91068e-06
-4.4833e-06
-5.45143e-06
-6.10662e-06
-6.61057e-06
-6.72235e-06
-6.53071e-06
-6.01904e-06
-4.60373e-06
-1.94215e-06
-2.00857e-06
-2.59731e-06
-3.63702e-06
-4.39936e-06
-4.99959e-06
-5.23866e-06
-5.2385e-06
-4.9744e-06
-3.93368e-06
-1.87716e-06
1.23845e-07
-4.76519e-07
-1.58325e-06
-2.45143e-06
-3.13884e-06
-3.50901e-06
-3.69226e-06
-3.67531e-06
-3.02122e-06
-1.56439e-06
2.46923e-06
1.86378e-06
6.97531e-07
-2.75483e-07
-1.04164e-06
-1.53996e-06
-1.89182e-06
-2.11179e-06
-1.84267e-06
-9.63985e-07
4.98563e-06
4.38192e-06
3.16542e-06
2.08882e-06
1.25056e-06
6.35406e-07
1.35279e-07
-2.98535e-07
-3.96818e-07
-5.69383e-08
7.63022e-06
7.0336e-06
5.77685e-06
4.59809e-06
3.69039e-06
2.97827e-06
2.35133e-06
1.73877e-06
1.30425e-06
1.15756e-06
1.0307e-05
9.72035e-06
8.43027e-06
7.16001e-06
6.16834e-06
5.39786e-06
4.65218e-06
3.91777e-06
3.18653e-06
2.62194e-06
1.2885e-05
1.23133e-05
1.09942e-05
9.65469e-06
8.58504e-06
7.7771e-06
6.92736e-06
6.13793e-06
5.15271e-06
4.255e-06
1.49862e-05
1.44404e-05
1.31033e-05
1.17006e-05
1.05848e-05
9.74505e-06
8.83542e-06
8.04938e-06
6.86335e-06
5.72743e-06
1.60523e-05
1.55401e-05
1.41847e-05
1.27195e-05
1.15475e-05
1.07019e-05
9.78569e-06
9.05323e-06
7.73407e-06
6.45824e-06
1.57251e-05
1.52378e-05
1.38465e-05
1.23077e-05
1.10791e-05
1.02687e-05
9.39238e-06
8.78501e-06
7.41299e-06
6.10898e-06
1.46664e-05
1.41784e-05
1.26791e-05
1.1044e-05
9.74656e-06
9.00096e-06
8.20158e-06
7.77012e-06
6.41407e-06
5.09503e-06
1.33768e-05
1.28656e-05
1.12168e-05
9.42839e-06
8.03552e-06
7.39144e-06
6.72122e-06
6.60115e-06
5.46792e-06
4.25381e-06
1.24219e-05
1.1982e-05
1.02873e-05
8.56153e-06
7.31192e-06
6.577e-06
6.03971e-06
6.07005e-06
4.98141e-06
3.1082e-06
1.25732e-05
1.2153e-05
1.0772e-05
9.11066e-06
8.35097e-06
7.67881e-06
7.48566e-06
7.62285e-06
6.65269e-06
5.05818e-06
1.31467e-05
1.28103e-05
1.13414e-05
9.96498e-06
8.93736e-06
8.59497e-06
8.291e-06
8.97263e-06
7.94809e-06
7.05116e-06
1.4781e-05
1.46277e-05
1.39552e-05
1.31428e-05
1.23282e-05
1.10516e-05
1.05826e-05
1.07551e-05
9.1929e-06
8.27617e-06
1.67777e-05
1.68475e-05
1.70649e-05
1.74138e-05
1.7038e-05
1.63844e-05
1.49074e-05
1.34644e-05
1.17502e-05
1.04141e-05
1.63305e-05
1.67006e-05
1.77871e-05
1.89105e-05
1.89583e-05
1.91626e-05
1.8138e-05
1.57694e-05
1.42725e-05
1.29999e-05
9.30642e-06
9.91898e-06
1.16104e-05
1.30382e-05
1.35724e-05
1.36281e-05
1.30731e-05
1.19874e-05
1.09382e-05
1.00488e-05
-2.56567e-06
-1.9225e-06
-2.9287e-07
1.33519e-06
2.02179e-06
2.21605e-06
1.82048e-06
9.52351e-07
4.87939e-07
5.1831e-09
-1.35695e-05
-1.29535e-05
-1.14761e-05
-1.00057e-05
-9.22603e-06
-8.84955e-06
-8.83464e-06
-9.16892e-06
-8.9985e-06
-9.2009e-06
-1.80867e-05
-1.75726e-05
-1.63658e-05
-1.52486e-05
-1.4469e-05
-1.41353e-05
-1.37974e-05
-1.38528e-05
-1.34009e-05
-1.333e-05
-1.65281e-05
-1.61552e-05
-1.5272e-05
-1.44175e-05
-1.38181e-05
-1.34559e-05
-1.30696e-05
-1.29401e-05
-1.24677e-05
-1.20339e-05
-1.18028e-05
-1.15887e-05
-1.10171e-05
-1.04939e-05
-1.00386e-05
-9.76087e-06
-9.42567e-06
-9.29756e-06
-8.84308e-06
-8.21221e-06
-7.70469e-06
-7.64867e-06
-7.37897e-06
-7.14548e-06
-6.83503e-06
-6.6375e-06
-6.46054e-06
-6.36702e-06
-6.02925e-06
-5.42491e-06
-4.71243e-06
-4.75899e-06
-4.73287e-06
-4.69086e-06
-4.51015e-06
-4.35767e-06
-4.28312e-06
-4.1772e-06
-3.95211e-06
-3.38412e-06
-2.00413e-06
-2.07027e-06
-2.1744e-06
-2.21906e-06
-2.13199e-06
-2.03385e-06
-1.97169e-06
-1.87416e-06
-1.66304e-06
-1.37903e-06
-1.23181e-06
-1.27439e-06
-1.36356e-06
-1.40133e-06
-1.37648e-06
-1.29265e-06
-1.26997e-06
-1.15331e-06
-1.06254e-06
-9.0783e-07
-6.46646e-07
-6.52485e-07
-6.88211e-07
-6.92744e-07
-6.85976e-07
-6.4536e-07
-6.17002e-07
-5.51018e-07
-4.79971e-07
-4.3671e-07
-7.45556e-07
-7.40244e-07
-7.46386e-07
-7.47133e-07
-7.53022e-07
-7.35091e-07
-7.34523e-07
-6.94091e-07
-6.61641e-07
-6.51402e-07
-3.54375e-07
-3.52457e-07
-3.49075e-07
-3.49543e-07
-3.46828e-07
-3.41362e-07
-3.36743e-07
-3.2239e-07
-2.94578e-07
-2.90415e-07
-1.55923e-06
-1.44228e-06
-1.29247e-06
-1.11597e-06
-9.86922e-07
-7.13805e-07
-6.14917e-07
-2.57888e-07
1.07444e-08
1.43898e-06
-3.04369e-06
-3.02736e-06
-3.00601e-06
-2.82837e-06
-2.61941e-06
-2.19036e-06
-1.91906e-06
-1.21236e-06
-2.40323e-07
2.70794e-06
-4.51617e-06
-4.55619e-06
-4.60487e-06
-4.41141e-06
-4.16724e-06
-3.62033e-06
-3.23643e-06
-2.22501e-06
-6.25099e-07
3.46838e-06
-5.63388e-06
-5.76141e-06
-5.901e-06
-5.74454e-06
-5.49596e-06
-4.91611e-06
-4.45208e-06
-3.21423e-06
-1.12502e-06
3.78139e-06
-6.62091e-06
-6.82593e-06
-7.0055e-06
-6.87238e-06
-6.62035e-06
-6.01946e-06
-5.46825e-06
-4.05627e-06
-1.57154e-06
3.91734e-06
-7.45198e-06
-7.72543e-06
-7.93561e-06
-7.82792e-06
-7.57847e-06
-6.96446e-06
-6.32809e-06
-4.77368e-06
-1.9935e-06
3.90156e-06
-8.15958e-06
-8.48722e-06
-8.73058e-06
-8.638e-06
-8.38822e-06
-7.76716e-06
-7.04616e-06
-5.39209e-06
-2.38768e-06
3.76376e-06
-8.73874e-06
-9.10841e-06
-9.38991e-06
-9.30992e-06
-9.05988e-06
-8.43695e-06
-7.64367e-06
-5.91762e-06
-2.75094e-06
3.52367e-06
-9.18901e-06
-9.59215e-06
-9.9169e-06
-9.84907e-06
-9.59678e-06
-8.98199e-06
-8.12981e-06
-6.36036e-06
-3.10935e-06
3.18215e-06
-9.50027e-06
-9.93273e-06
-1.03036e-05
-1.02513e-05
-1.00028e-05
-9.40418e-06
-8.52253e-06
-6.74575e-06
-3.47678e-06
2.75448e-06
-9.66145e-06
-1.01203e-05
-1.05428e-05
-1.05129e-05
-1.02746e-05
-9.71287e-06
-8.80694e-06
-7.04624e-06
-3.82982e-06
2.24751e-06
-9.6593e-06
-1.01398e-05
-1.0624e-05
-1.06247e-05
-1.04085e-05
-9.89315e-06
-8.97896e-06
-7.28347e-06
-4.18613e-06
1.68418e-06
-9.47937e-06
-9.97958e-06
-1.0525e-05
-1.05736e-05
-1.03918e-05
-9.93973e-06
-9.03971e-06
-7.44324e-06
-4.52517e-06
1.07344e-06
-9.10636e-06
-9.62521e-06
-1.02274e-05
-1.03429e-05
-1.02153e-05
-9.84277e-06
-8.98678e-06
-7.51499e-06
-4.8193e-06
4.28627e-07
-8.52471e-06
-9.05884e-06
-9.71884e-06
-9.91989e-06
-9.86484e-06
-9.58988e-06
-8.8111e-06
-7.49229e-06
-5.04916e-06
-2.06576e-07
-7.71865e-06
-8.26375e-06
-8.98506e-06
-9.2893e-06
-9.32887e-06
-9.16612e-06
-8.49377e-06
-7.35886e-06
-5.19359e-06
-8.11635e-07
-6.67588e-06
-7.22822e-06
-8.01676e-06
-8.43864e-06
-8.59287e-06
-8.55543e-06
-8.01787e-06
-7.09305e-06
-5.23386e-06
-1.36206e-06
-5.38695e-06
-5.94549e-06
-6.80881e-06
-7.35825e-06
-7.63865e-06
-7.73243e-06
-7.36015e-06
-6.66839e-06
-5.14071e-06
-1.82277e-06
-3.8519e-06
-4.41818e-06
-5.36407e-06
-6.04426e-06
-6.45804e-06
-6.68209e-06
-6.49634e-06
-6.06192e-06
-4.88481e-06
-2.16147e-06
-2.0748e-06
-2.65093e-06
-3.68391e-06
-4.49229e-06
-5.04107e-06
-5.39295e-06
-5.401e-06
-5.23683e-06
-4.42483e-06
-2.33129e-06
-7.07394e-08
-6.56572e-07
-1.77498e-06
-2.70578e-06
-3.38584e-06
-3.86413e-06
-4.06937e-06
-4.17316e-06
-3.73241e-06
-2.28756e-06
2.14579e-06
1.55364e-06
3.56919e-07
-6.87297e-07
-1.49127e-06
-2.09073e-06
-2.48797e-06
-2.84605e-06
-2.77555e-06
-1.97318e-06
4.54059e-06
3.94746e-06
2.68452e-06
1.53557e-06
6.20684e-07
-8.73262e-08
-6.61711e-07
-1.24655e-06
-1.5334e-06
-1.33803e-06
7.08342e-06
6.49519e-06
5.1813e-06
3.93374e-06
2.9236e-06
2.12337e-06
1.3941e-06
6.21928e-07
2.6148e-09
-3.46574e-07
9.70946e-06
9.12978e-06
7.77928e-06
6.44074e-06
5.342e-06
4.47792e-06
3.61966e-06
2.71707e-06
1.80477e-06
9.98546e-07
1.23263e-05
1.176e-05
1.03788e-05
8.98278e-06
7.79115e-06
6.90981e-06
5.9365e-06
4.98894e-06
3.81809e-06
2.66728e-06
1.46934e-05
1.41504e-05
1.27535e-05
1.13054e-05
1.00767e-05
9.18402e-06
8.15683e-06
7.22828e-06
5.85405e-06
4.47518e-06
1.62599e-05
1.57486e-05
1.43434e-05
1.2844e-05
1.15944e-05
1.07215e-05
9.70941e-06
8.85561e-06
7.35391e-06
5.86068e-06
1.63617e-05
1.58741e-05
1.44425e-05
1.28878e-05
1.1621e-05
1.08135e-05
9.87186e-06
9.14803e-06
7.58463e-06
6.07563e-06
1.545e-05
1.49622e-05
1.34406e-05
1.18259e-05
1.05653e-05
9.88332e-06
9.0766e-06
8.53292e-06
6.98992e-06
5.46649e-06
1.43804e-05
1.38899e-05
1.22346e-05
1.05344e-05
9.28366e-06
8.75302e-06
8.13825e-06
7.77443e-06
6.34478e-06
4.83556e-06
1.37055e-05
1.33014e-05
1.17483e-05
1.02483e-05
9.28559e-06
8.97885e-06
8.45701e-06
8.3009e-06
6.80498e-06
5.25303e-06
1.39483e-05
1.35188e-05
1.18571e-05
1.04473e-05
9.69377e-06
9.26934e-06
9.36512e-06
9.18951e-06
8.43419e-06
6.98758e-06
1.49914e-05
1.45475e-05
1.30647e-05
1.15378e-05
1.0414e-05
1.01995e-05
1.08152e-05
1.06865e-05
9.32285e-06
8.11035e-06
1.70856e-05
1.70055e-05
1.65996e-05
1.58745e-05
1.50586e-05
1.43394e-05
1.38454e-05
1.34578e-05
1.19777e-05
9.47402e-06
1.88841e-05
1.90478e-05
1.95138e-05
1.9994e-05
1.93615e-05
1.78189e-05
1.5247e-05
1.47693e-05
1.41483e-05
1.27036e-05
1.76577e-05
1.79291e-05
1.91244e-05
1.97472e-05
1.96089e-05
1.88688e-05
1.6962e-05
1.64647e-05
1.61538e-05
1.49144e-05
9.9854e-06
1.05289e-05
1.19123e-05
1.31761e-05
1.34726e-05
1.32058e-05
1.24296e-05
1.20014e-05
1.16273e-05
1.04352e-05
-4.3541e-07
1.83866e-07
1.76668e-06
3.40036e-06
4.01967e-06
4.29677e-06
3.97734e-06
3.14501e-06
2.93579e-06
2.34138e-06
-1.00462e-05
-9.41983e-06
-7.95578e-06
-6.48794e-06
-5.69963e-06
-5.31509e-06
-5.24498e-06
-5.62476e-06
-5.44822e-06
-5.69243e-06
-1.48456e-05
-1.4328e-05
-1.31214e-05
-1.2006e-05
-1.12289e-05
-1.08837e-05
-1.05554e-05
-1.06305e-05
-1.01822e-05
-1.01205e-05
-1.49054e-05
-1.45311e-05
-1.3646e-05
-1.27858e-05
-1.21849e-05
-1.18245e-05
-1.14457e-05
-1.13335e-05
-1.08824e-05
-1.04632e-05
-1.13293e-05
-1.11148e-05
-1.05429e-05
-1.00165e-05
-9.56332e-06
-9.2887e-06
-8.97995e-06
-8.86963e-06
-8.43031e-06
-7.82146e-06
-8.22626e-06
-8.16864e-06
-7.89456e-06
-7.6545e-06
-7.35472e-06
-7.15953e-06
-6.99438e-06
-6.90887e-06
-6.59455e-06
-5.91068e-06
-5.83751e-06
-5.87846e-06
-5.85112e-06
-5.81712e-06
-5.62681e-06
-5.49353e-06
-5.39868e-06
-5.3252e-06
-5.02882e-06
-4.56196e-06
-2.67029e-06
-2.7384e-06
-2.84816e-06
-2.89429e-06
-2.8143e-06
-2.71043e-06
-2.66104e-06
-2.55803e-06
-2.37071e-06
-2.10187e-06
-1.38363e-06
-1.42536e-06
-1.51832e-06
-1.55476e-06
-1.53649e-06
-1.45696e-06
-1.43803e-06
-1.32136e-06
-1.23095e-06
-1.08158e-06
-1.14297e-06
-1.14806e-06
-1.1828e-06
-1.18792e-06
-1.18279e-06
-1.14844e-06
-1.12179e-06
-1.05891e-06
-9.89667e-07
-9.38548e-07
-1.01404e-06
-1.00455e-06
-1.00669e-06
-9.92135e-07
-9.9281e-07
-9.73265e-07
-9.56672e-07
-9.10054e-07
-8.75542e-07
-8.69609e-07
-5.72656e-07
-5.65405e-07
-5.61228e-07
-5.52287e-07
-5.48279e-07
-5.46883e-07
-5.33627e-07
-5.23818e-07
-4.96334e-07
-4.90743e-07
-1.35881e-06
-1.30182e-06
-1.24106e-06
-1.06206e-06
-9.3281e-07
-6.61009e-07
-5.68097e-07
-2.04816e-07
1.65747e-07
1.55268e-06
-2.72566e-06
-2.79183e-06
-2.89467e-06
-2.70253e-06
-2.48923e-06
-2.06577e-06
-1.80655e-06
-1.13317e-06
4.33916e-08
2.88331e-06
-4.04541e-06
-4.17299e-06
-4.39713e-06
-4.19614e-06
-3.9809e-06
-3.39601e-06
-3.05525e-06
-2.07689e-06
-2.64037e-07
3.72454e-06
-5.05841e-06
-5.26537e-06
-5.6138e-06
-5.45091e-06
-5.25461e-06
-4.60196e-06
-4.22179e-06
-3.02527e-06
-7.21997e-07
4.10652e-06
-5.9536e-06
-6.22393e-06
-6.64111e-06
-6.49801e-06
-6.31428e-06
-5.62034e-06
-5.18031e-06
-3.81808e-06
-1.148e-06
4.30185e-06
-6.7063e-06
-7.03234e-06
-7.4967e-06
-7.37301e-06
-7.19945e-06
-6.50663e-06
-5.95171e-06
-4.48194e-06
-1.55766e-06
4.30209e-06
-7.3482e-06
-7.71894e-06
-8.21379e-06
-8.10012e-06
-7.94331e-06
-7.25943e-06
-6.58186e-06
-5.02991e-06
-1.93259e-06
4.18157e-06
-7.87282e-06
-8.27855e-06
-8.79585e-06
-8.6946e-06
-8.55358e-06
-7.88613e-06
-7.11451e-06
-5.47938e-06
-2.37091e-06
4.0042e-06
-8.28069e-06
-8.71365e-06
-9.25184e-06
-9.16583e-06
-9.03477e-06
-8.39124e-06
-7.54763e-06
-5.83713e-06
-2.68468e-06
3.7187e-06
-8.56104e-06
-9.01995e-06
-9.57719e-06
-9.51622e-06
-9.39286e-06
-8.78002e-06
-7.91119e-06
-6.15076e-06
-3.02745e-06
3.34763e-06
-8.70612e-06
-9.19123e-06
-9.76546e-06
-9.7422e-06
-9.63162e-06
-9.06075e-06
-8.19229e-06
-6.45528e-06
-3.37432e-06
2.88636e-06
-8.71073e-06
-9.21901e-06
-9.8119e-06
-9.83611e-06
-9.74817e-06
-9.22881e-06
-8.38404e-06
-6.69506e-06
-3.71556e-06
2.34139e-06
-8.564e-06
-9.0921e-06
-9.70847e-06
-9.79044e-06
-9.73191e-06
-9.28551e-06
-8.45568e-06
-6.87198e-06
-4.05339e-06
1.7134e-06
-8.25335e-06
-8.79793e-06
-9.44656e-06
-9.59602e-06
-9.57288e-06
-9.21698e-06
-8.43597e-06
-6.97779e-06
-4.36682e-06
1.03001e-06
-7.76728e-06
-8.32443e-06
-9.01519e-06
-9.24392e-06
-9.26607e-06
-9.01721e-06
-8.31779e-06
-7.0146e-06
-4.66364e-06
3.01277e-07
-7.09319e-06
-7.65843e-06
-8.40027e-06
-8.72341e-06
-8.80774e-06
-8.67582e-06
-8.09089e-06
-6.9644e-06
-4.90672e-06
-4.546e-07
-6.22162e-06
-6.78984e-06
-7.5909e-06
-8.02372e-06
-8.18636e-06
-8.17491e-06
-7.7407e-06
-6.80936e-06
-5.07341e-06
-1.20389e-06
-5.14257e-06
-5.70891e-06
-6.57737e-06
-7.13202e-06
-7.39108e-06
-7.50303e-06
-7.24053e-06
-6.53721e-06
-5.14616e-06
-1.90529e-06
-3.85363e-06
-4.41519e-06
-5.35852e-06
-6.04169e-06
-6.41866e-06
-6.65916e-06
-6.56342e-06
-6.1276e-06
-5.10911e-06
-2.52726e-06
-2.34897e-06
-2.90642e-06
-3.92963e-06
-4.74435e-06
-5.25384e-06
-5.62757e-06
-5.6982e-06
-5.54878e-06
-4.92361e-06
-3.01095e-06
-6.38155e-07
-1.19394e-06
-2.29843e-06
-3.2435e-06
-3.89476e-06
-4.40512e-06
-4.65933e-06
-4.79577e-06
-4.56219e-06
-3.31843e-06
1.2791e-06
7.23073e-07
-4.61682e-07
-1.53201e-06
-2.33518e-06
-2.97823e-06
-3.42595e-06
-3.837e-06
-3.98835e-06
-3.39629e-06
3.3707e-06
2.81445e-06
1.55338e-06
3.67971e-07
-5.96012e-07
-1.34993e-06
-1.99339e-06
-2.64866e-06
-3.17022e-06
-3.193e-06
5.62951e-06
5.0768e-06
3.74812e-06
2.45406e-06
1.34244e-06
4.91781e-07
-3.32809e-07
-1.19171e-06
-2.05895e-06
-2.63703e-06
7.97946e-06
7.436e-06
6.05038e-06
4.66078e-06
3.42141e-06
2.48764e-06
1.50867e-06
4.98754e-07
-6.73661e-07
-1.72149e-06
1.0409e-05
9.88107e-06
8.44946e-06
6.98553e-06
5.64295e-06
4.65194e-06
3.55278e-06
2.46172e-06
1.02854e-06
-3.82493e-07
1.27068e-05
1.22001e-05
1.07444e-05
9.21458e-06
7.82255e-06
6.81365e-06
5.65508e-06
4.56612e-06
2.94679e-06
1.2996e-06
1.45894e-05
1.41055e-05
1.26421e-05
1.1052e-05
9.64532e-06
8.66723e-06
7.52587e-06
6.53096e-06
4.81479e-06
3.07565e-06
1.50218e-05
1.45512e-05
1.30747e-05
1.14298e-05
1.0036e-05
9.13942e-06
8.09938e-06
7.30106e-06
5.58412e-06
3.8921e-06
1.40716e-05
1.35973e-05
1.20316e-05
1.03e-05
8.90774e-06
8.14605e-06
7.27754e-06
6.76046e-06
5.161e-06
3.5615e-06
1.32524e-05
1.27838e-05
1.10508e-05
9.17335e-06
7.73705e-06
7.09547e-06
6.51213e-06
6.44361e-06
5.21265e-06
3.70169e-06
1.27981e-05
1.2376e-05
1.06149e-05
8.90396e-06
7.75327e-06
7.18706e-06
6.96954e-06
7.09458e-06
5.59103e-06
4.34896e-06
1.37404e-05
1.33583e-05
1.18649e-05
1.0192e-05
9.57508e-06
9.03072e-06
8.75362e-06
8.51573e-06
7.36017e-06
5.53792e-06
1.53034e-05
1.50174e-05
1.38527e-05
1.26466e-05
1.20549e-05
1.13887e-05
1.10475e-05
9.92377e-06
9.06788e-06
7.64295e-06
1.7411e-05
1.7265e-05
1.67816e-05
1.62679e-05
1.6006e-05
1.5314e-05
1.48694e-05
1.36555e-05
1.16368e-05
1.03566e-05
1.83697e-05
1.85089e-05
1.88794e-05
1.92384e-05
1.8554e-05
1.76221e-05
1.60747e-05
1.41887e-05
1.23968e-05
1.11756e-05
1.51276e-05
1.53907e-05
1.62513e-05
1.69507e-05
1.6408e-05
1.53949e-05
1.43538e-05
1.38003e-05
1.36526e-05
1.25291e-05
6.68264e-06
7.08768e-06
8.55493e-06
9.68971e-06
9.93668e-06
9.73927e-06
9.13524e-06
8.84819e-06
8.63088e-06
7.93093e-06
-1.829e-06
-1.23649e-06
5.52764e-07
2.11934e-06
2.91394e-06
3.1712e-06
2.77243e-06
2.20268e-06
1.94864e-06
1.47121e-06
-9.17543e-06
-8.53784e-06
-7.09501e-06
-5.57611e-06
-4.81397e-06
-4.44535e-06
-4.41313e-06
-4.7334e-06
-4.60363e-06
-4.81666e-06
-1.43691e-05
-1.38423e-05
-1.26453e-05
-1.14956e-05
-1.07181e-05
-1.035e-05
-1.00083e-05
-1.00794e-05
-9.61674e-06
-9.5325e-06
-1.67234e-05
-1.63466e-05
-1.54471e-05
-1.46105e-05
-1.39724e-05
-1.36362e-05
-1.3236e-05
-1.31684e-05
-1.26771e-05
-1.2314e-05
-1.46425e-05
-1.44244e-05
-1.38501e-05
-1.33144e-05
-1.28633e-05
-1.25897e-05
-1.22793e-05
-1.21705e-05
-1.17319e-05
-1.11098e-05
-1.23237e-05
-1.22609e-05
-1.19868e-05
-1.17455e-05
-1.14436e-05
-1.1255e-05
-1.10937e-05
-1.10195e-05
-1.06702e-05
-1.00627e-05
-9.47998e-06
-9.52038e-06
-9.49579e-06
-9.4455e-06
-9.27565e-06
-9.12437e-06
-9.06735e-06
-8.97202e-06
-8.76322e-06
-8.22155e-06
-5.6145e-06
-5.68364e-06
-5.78214e-06
-5.82437e-06
-5.74833e-06
-5.63376e-06
-5.60513e-06
-5.49016e-06
-5.33348e-06
-4.98364e-06
-3.14183e-06
-3.18219e-06
-3.27467e-06
-3.31536e-06
-3.28832e-06
-3.22445e-06
-3.1865e-06
-3.09587e-06
-2.97652e-06
-2.84928e-06
-2.28033e-06
-2.28698e-06
-2.31841e-06
-2.32447e-06
-2.32453e-06
-2.28393e-06
-2.2708e-06
-2.20251e-06
-2.15004e-06
-2.09794e-06
-1.85888e-06
-1.84979e-06
-1.85399e-06
-1.85046e-06
-1.85548e-06
-1.8471e-06
-1.8305e-06
-1.80574e-06
-1.76856e-06
-1.74137e-06
-1.02417e-07
-9.66732e-08
-9.923e-08
-9.56452e-08
-1.05396e-07
-1.01402e-07
-1.02182e-07
-8.80593e-08
-8.58954e-08
-8.98647e-08
-1.25024e-06
-1.3064e-06
-1.29716e-06
-1.10938e-06
-9.63792e-07
-6.72206e-07
-5.82152e-07
-1.65282e-07
2.83064e-07
1.61258e-06
-2.52927e-06
-2.76103e-06
-2.92172e-06
-2.71644e-06
-2.48692e-06
-2.06456e-06
-1.78634e-06
-1.08752e-06
2.02012e-07
3.01212e-06
-3.76396e-06
-4.06811e-06
-4.37518e-06
-4.15284e-06
-3.93993e-06
-3.37976e-06
-3.0078e-06
-2.0185e-06
-1.5176e-08
3.87195e-06
-4.71045e-06
-5.09252e-06
-5.55602e-06
-5.36327e-06
-5.1994e-06
-4.59641e-06
-4.14035e-06
-2.94393e-06
-4.22353e-07
4.22522e-06
-5.55946e-06
-5.98863e-06
-6.54354e-06
-6.36525e-06
-6.23231e-06
-5.59842e-06
-5.09645e-06
-3.70763e-06
-8.43682e-07
4.4099e-06
-6.27502e-06
-6.74176e-06
-7.35411e-06
-7.19778e-06
-7.07374e-06
-6.4445e-06
-5.87044e-06
-4.35596e-06
-1.2455e-06
4.4226e-06
-6.89032e-06
-7.38232e-06
-8.02118e-06
-7.88437e-06
-7.77039e-06
-7.14919e-06
-6.51745e-06
-4.88915e-06
-1.62618e-06
4.31031e-06
-7.39441e-06
-7.90349e-06
-8.55218e-06
-8.44209e-06
-8.33585e-06
-7.7266e-06
-7.04623e-06
-5.35018e-06
-1.99602e-06
4.1046e-06
-7.78685e-06
-8.30747e-06
-8.96034e-06
-8.88136e-06
-8.78275e-06
-8.18895e-06
-7.46967e-06
-5.74642e-06
-2.35252e-06
3.81933e-06
-8.05269e-06
-8.58614e-06
-9.24895e-06
-9.20769e-06
-9.1171e-06
-8.54466e-06
-7.80235e-06
-6.09349e-06
-2.72449e-06
3.43081e-06
-8.18617e-06
-8.73394e-06
-9.41676e-06
-9.42129e-06
-9.34067e-06
-8.79958e-06
-8.04876e-06
-6.39456e-06
-3.11177e-06
2.94429e-06
-8.19215e-06
-8.75115e-06
-9.45752e-06
-9.51575e-06
-9.44969e-06
-8.95271e-06
-8.20306e-06
-6.63276e-06
-3.50376e-06
2.3701e-06
-8.06447e-06
-8.63106e-06
-9.36329e-06
-9.48532e-06
-9.43909e-06
-9.00145e-06
-8.25326e-06
-6.79285e-06
-3.89277e-06
1.71098e-06
-7.79256e-06
-8.36412e-06
-9.12736e-06
-9.32294e-06
-9.307e-06
-8.93642e-06
-8.21702e-06
-6.88198e-06
-4.26831e-06
9.86481e-07
-7.36806e-06
-7.94216e-06
-8.74199e-06
-9.02061e-06
-9.04931e-06
-8.75587e-06
-8.09995e-06
-6.91202e-06
-4.61415e-06
2.15594e-07
-6.78129e-06
-7.35556e-06
-8.19735e-06
-8.56878e-06
-8.65987e-06
-8.45607e-06
-7.89953e-06
-6.86794e-06
-4.91025e-06
-5.78812e-07
-6.02587e-06
-6.59753e-06
-7.48648e-06
-7.95943e-06
-8.13249e-06
-8.02675e-06
-7.60916e-06
-6.7324e-06
-5.13222e-06
-1.36304e-06
-5.09438e-06
-5.66044e-06
-6.60125e-06
-7.18466e-06
-7.45672e-06
-7.46322e-06
-7.20158e-06
-6.51159e-06
-5.26116e-06
-2.12695e-06
-3.98688e-06
-4.54406e-06
-5.5407e-06
-6.24098e-06
-6.62734e-06
-6.76187e-06
-6.6624e-06
-6.19858e-06
-5.31638e-06
-2.84702e-06
-2.6989e-06
-3.24416e-06
-4.30096e-06
-5.11921e-06
-5.63653e-06
-5.90517e-06
-5.97892e-06
-5.7672e-06
-5.25819e-06
-3.47573e-06
-1.2425e-06
-1.77173e-06
-2.89065e-06
-3.81762e-06
-4.48553e-06
-4.88804e-06
-5.15378e-06
-5.20997e-06
-5.08154e-06
-3.98677e-06
3.82399e-07
-1.27332e-07
-1.29903e-06
-2.33429e-06
-3.15145e-06
-3.70172e-06
-4.16658e-06
-4.4936e-06
-4.75165e-06
-4.32348e-06
2.14478e-06
1.65627e-06
4.42553e-07
-6.93336e-07
-1.6608e-06
-2.35494e-06
-3.01384e-06
-3.596e-06
-4.233e-06
-4.43786e-06
4.04388e-06
3.57685e-06
2.3336e-06
1.10383e-06
-3.76368e-09
-8.21653e-07
-1.66122e-06
-2.46189e-06
-3.45976e-06
-4.24167e-06
6.01081e-06
5.56601e-06
4.30073e-06
2.98785e-06
1.7611e-06
8.45005e-07
-1.54582e-07
-1.11715e-06
-2.44426e-06
-3.71536e-06
8.05601e-06
7.63191e-06
6.34781e-06
4.9623e-06
3.64714e-06
2.66488e-06
1.5458e-06
4.88462e-07
-1.1196e-06
-2.76846e-06
1.00322e-05
9.62235e-06
8.32028e-06
6.86807e-06
5.49442e-06
4.48583e-06
3.30898e-06
2.23175e-06
4.34311e-07
-1.45974e-06
1.19245e-05
1.15139e-05
1.01846e-05
8.65956e-06
7.25399e-06
6.26207e-06
5.08902e-06
4.08867e-06
2.20088e-06
2.24737e-07
1.30684e-05
1.26347e-05
1.12451e-05
9.6323e-06
8.21465e-06
7.28279e-06
6.17195e-06
5.3537e-06
3.47754e-06
1.59693e-06
1.33238e-05
1.28716e-05
1.13741e-05
9.6569e-06
8.23462e-06
7.40823e-06
6.3841e-06
5.77568e-06
3.96549e-06
2.20805e-06
1.36567e-05
1.32262e-05
1.15578e-05
9.77158e-06
8.27518e-06
7.53612e-06
6.58856e-06
6.20689e-06
4.5493e-06
2.93814e-06
1.42419e-05
1.3842e-05
1.22364e-05
1.05099e-05
9.08127e-06
8.43689e-06
7.59591e-06
7.53994e-06
6.11028e-06
4.2923e-06
1.56954e-05
1.54085e-05
1.38639e-05
1.25038e-05
1.12678e-05
1.05551e-05
9.45112e-06
8.96309e-06
8.18544e-06
6.59242e-06
1.74961e-05
1.73059e-05
1.63309e-05
1.52847e-05
1.43908e-05
1.37928e-05
1.25574e-05
1.19313e-05
1.05501e-05
8.76047e-06
1.9322e-05
1.91957e-05
1.88032e-05
1.82455e-05
1.76391e-05
1.74619e-05
1.63857e-05
1.59489e-05
1.4151e-05
1.22696e-05
1.98969e-05
1.99308e-05
2.01722e-05
2.02597e-05
1.98603e-05
1.93296e-05
1.82779e-05
1.74901e-05
1.60728e-05
1.39095e-05
1.74695e-05
1.76503e-05
1.85865e-05
1.92247e-05
1.91582e-05
1.88633e-05
1.81584e-05
1.79299e-05
1.70781e-05
1.54873e-05
1.20012e-05
1.24119e-05
1.37448e-05
1.49802e-05
1.53987e-05
1.54602e-05
1.55092e-05
1.53358e-05
1.48974e-05
1.39664e-05
7.51851e-06
8.07154e-06
9.76338e-06
1.11934e-05
1.18534e-05
1.20681e-05
1.1886e-05
1.14738e-05
1.12995e-05
1.08662e-05
3.59305e-06
4.198e-06
5.66379e-06
7.04903e-06
7.88916e-06
8.17199e-06
8.30999e-06
7.98273e-06
8.21351e-06
7.979e-06
-4.07557e-07
1.16557e-07
1.26259e-06
2.46712e-06
3.15429e-06
3.56228e-06
3.82749e-06
3.77045e-06
4.10701e-06
4.15223e-06
-3.83062e-06
-3.4561e-06
-2.57819e-06
-1.70425e-06
-1.1222e-06
-7.60767e-07
-4.23145e-07
-3.5334e-07
5.6218e-08
4.67805e-07
-4.6225e-06
-4.40756e-06
-3.83431e-06
-3.30636e-06
-2.86675e-06
-2.6026e-06
-2.3241e-06
-2.2442e-06
-1.83393e-06
-1.24231e-06
-5.43106e-06
-5.37112e-06
-5.09666e-06
-4.85718e-06
-4.56974e-06
-4.38468e-06
-4.2321e-06
-4.15606e-06
-3.83638e-06
-3.13638e-06
-4.92e-06
-4.96012e-06
-4.93097e-06
-4.89486e-06
-4.71031e-06
-4.57966e-06
-4.48996e-06
-4.40339e-06
-4.09653e-06
-3.58901e-06
-3.82539e-06
-3.89341e-06
-3.99878e-06
-4.04857e-06
-3.96253e-06
-3.87597e-06
-3.82533e-06
-3.7389e-06
-3.55201e-06
-3.30142e-06
-2.68461e-06
-2.72631e-06
-2.82135e-06
-2.8607e-06
-2.84747e-06
-2.77343e-06
-2.76217e-06
-2.65455e-06
-2.57021e-06
-2.42752e-06
-2.0021e-06
-2.00696e-06
-2.04139e-06
-2.04893e-06
-2.04628e-06
-2.01663e-06
-1.99243e-06
-1.93828e-06
-1.87003e-06
-1.82067e-06
-1.73134e-06
-1.72215e-06
-1.73013e-06
-1.72101e-06
-1.7302e-06
-1.70843e-06
-1.70436e-06
-1.66217e-06
-1.64288e-06
-1.62843e-06
-1.15838e-07
-1.1213e-07
-1.11641e-07
-1.07584e-07
-1.10517e-07
-1.00088e-07
-9.79792e-08
-8.05704e-08
-7.26969e-08
-4.03726e-08
)
;

boundaryField
{
    inlet
    {
        type            calculated;
        value           nonuniform List<scalar> 
500
(
-1.48616e-06
-3.31803e-06
-5.50341e-06
-7.48176e-06
-9.47071e-06
-1.1395e-05
-1.32753e-05
-1.50875e-05
-1.68181e-05
-1.84438e-05
-1.99401e-05
-2.12786e-05
-2.2429e-05
-2.33605e-05
-2.4042e-05
-2.44422e-05
-2.45257e-05
-2.4256e-05
-2.35906e-05
-2.24943e-05
-2.09238e-05
-1.88623e-05
-1.62814e-05
-1.32106e-05
-9.69655e-06
-5.92213e-06
-2.13676e-06
1.40968e-06
4.627e-06
6.37916e-06
6.6889e-06
7.6634e-06
8.08557e-06
9.39992e-06
1.06466e-05
1.23771e-05
1.33759e-05
1.42131e-05
1.23419e-05
1.17467e-05
1.12031e-05
1.07287e-05
8.88436e-06
7.13627e-06
5.38014e-06
3.73626e-06
2.07851e-06
1.63556e-06
6.46152e-07
2.09299e-07
-1.7909e-06
-3.84235e-06
-6.06763e-06
-7.94745e-06
-9.71955e-06
-1.13347e-05
-1.28236e-05
-1.41738e-05
-1.53789e-05
-1.64225e-05
-1.7286e-05
-1.79454e-05
-1.83732e-05
-1.85397e-05
-1.84137e-05
-1.79649e-05
-1.71632e-05
-1.59818e-05
-1.43907e-05
-1.23695e-05
-9.89172e-06
-6.96329e-06
-3.5826e-06
1.78441e-07
4.22785e-06
8.22383e-06
1.16941e-05
1.40392e-05
1.53066e-05
1.43805e-05
1.2194e-05
1.06411e-05
9.79399e-06
1.01969e-05
1.10707e-05
1.30218e-05
1.41796e-05
1.40382e-05
1.032e-05
7.69032e-06
7.4654e-06
7.94965e-06
6.78343e-06
5.62145e-06
4.58405e-06
3.03808e-06
1.57871e-06
2.28507e-06
1.14123e-06
8.82429e-08
-1.77286e-06
-3.75826e-06
-5.83416e-06
-7.54063e-06
-9.11695e-06
-1.0526e-05
-1.18013e-05
-1.29337e-05
-1.39191e-05
-1.47432e-05
-1.53891e-05
-1.5835e-05
-1.60565e-05
-1.60264e-05
-1.57172e-05
-1.51025e-05
-1.41592e-05
-1.28699e-05
-1.12185e-05
-9.19929e-06
-6.80417e-06
-4.05366e-06
-9.65651e-07
2.38058e-06
5.91e-06
9.31291e-06
1.22625e-05
1.40749e-05
1.49105e-05
1.40836e-05
1.2472e-05
1.01908e-05
8.87805e-06
8.63126e-06
9.39098e-06
1.13042e-05
1.28839e-05
1.21582e-05
6.09431e-06
8.1762e-07
4.13458e-07
1.89695e-06
2.49935e-06
3.01375e-06
3.59676e-06
2.96393e-06
1.72691e-06
2.19096e-06
1.19466e-06
4.90723e-07
-1.77624e-06
-3.66995e-06
-5.64306e-06
-7.2265e-06
-8.66903e-06
-9.93215e-06
-1.10479e-05
-1.20061e-05
-1.28023e-05
-1.3422e-05
-1.38489e-05
-1.40628e-05
-1.4042e-05
-1.37629e-05
-1.32018e-05
-1.23369e-05
-1.11502e-05
-9.62867e-06
-7.76328e-06
-5.55349e-06
-3.00186e-06
-1.34912e-07
3.02077e-06
6.37932e-06
9.84595e-06
1.31429e-05
1.59742e-05
1.77426e-05
1.86074e-05
1.8143e-05
1.62739e-05
1.43499e-05
1.19487e-05
1.13216e-05
1.16266e-05
1.32992e-05
1.42773e-05
1.26757e-05
3.5398e-06
-4.0045e-06
-4.91825e-06
-2.26551e-06
1.56879e-07
2.25809e-06
4.53825e-06
4.57009e-06
3.8237e-06
3.02596e-06
1.58377e-06
1.00936e-06
-1.67405e-06
-3.41941e-06
-5.2125e-06
-6.63042e-06
-7.90974e-06
-9.01574e-06
-9.98049e-06
-1.07942e-05
-1.14528e-05
-1.19431e-05
-1.22509e-05
-1.23588e-05
-1.22468e-05
-1.1895e-05
-1.1283e-05
-1.03926e-05
-9.21114e-06
-7.73049e-06
-5.94974e-06
-3.87075e-06
-1.51012e-06
1.11053e-06
3.94684e-06
6.92365e-06
9.92931e-06
1.273e-05
1.4945e-05
1.60898e-05
1.60957e-05
1.53772e-05
1.35453e-05
1.22529e-05
1.08109e-05
1.0558e-05
1.15163e-05
1.39623e-05
1.49683e-05
1.09594e-05
2.6221e-07
-9.35309e-06
-1.12406e-05
-8.05484e-06
-4.00605e-06
-8.67537e-07
1.67805e-06
2.30231e-06
2.25251e-06
2.4167e-06
1.28135e-06
6.33773e-07
-1.70066e-06
-3.39266e-06
-5.11369e-06
-6.4417e-06
-7.62844e-06
-8.63971e-06
-9.50834e-06
-1.02264e-05
-1.07912e-05
-1.11901e-05
-1.14094e-05
-1.14315e-05
-1.12382e-05
-1.08103e-05
-1.01291e-05
-9.1782e-06
-7.94694e-06
-6.43069e-06
-4.63129e-06
-2.55355e-06
-2.107e-07
2.37539e-06
5.16736e-06
8.09335e-06
1.10733e-05
1.39099e-05
1.62448e-05
1.75328e-05
1.76252e-05
1.69767e-05
1.56473e-05
1.436e-05
1.36891e-05
1.27776e-05
1.38179e-05
1.59582e-05
1.71808e-05
1.18483e-05
4.20411e-07
-1.03058e-05
-1.31833e-05
-1.03116e-05
-5.02863e-06
-9.0551e-07
1.88195e-06
3.05848e-06
2.87348e-06
2.65783e-06
1.71336e-06
6.20468e-07
-1.57995e-06
-3.12163e-06
-4.6764e-06
-5.86953e-06
-6.92962e-06
-7.82762e-06
-8.59372e-06
-9.2218e-06
-9.7094e-06
-1.00474e-05
-1.02239e-05
-1.0223e-05
-1.0028e-05
-9.62163e-06
-8.98597e-06
-8.10443e-06
-6.9659e-06
-5.56597e-06
-3.91068e-06
-2.00857e-06
1.23845e-07
2.46923e-06
4.98563e-06
7.63022e-06
1.0307e-05
1.2885e-05
1.49862e-05
1.60523e-05
1.57251e-05
1.46664e-05
1.33768e-05
1.24219e-05
1.25732e-05
1.31467e-05
1.4781e-05
1.67777e-05
1.63305e-05
9.30642e-06
-2.56567e-06
-1.35695e-05
-1.80867e-05
-1.65281e-05
-1.18028e-05
-7.70469e-06
-4.71243e-06
-2.00413e-06
-1.23181e-06
-6.46646e-07
-7.45556e-07
-3.54375e-07
-1.55923e-06
-3.04369e-06
-4.51617e-06
-5.63388e-06
-6.62091e-06
-7.45198e-06
-8.15958e-06
-8.73874e-06
-9.18901e-06
-9.50027e-06
-9.66145e-06
-9.6593e-06
-9.47937e-06
-9.10636e-06
-8.52471e-06
-7.71865e-06
-6.67588e-06
-5.38695e-06
-3.8519e-06
-2.0748e-06
-7.07394e-08
2.14579e-06
4.54059e-06
7.08342e-06
9.70946e-06
1.23263e-05
1.46934e-05
1.62599e-05
1.63617e-05
1.545e-05
1.43804e-05
1.37055e-05
1.39483e-05
1.49914e-05
1.70856e-05
1.88841e-05
1.76577e-05
9.9854e-06
-4.3541e-07
-1.00462e-05
-1.48456e-05
-1.49054e-05
-1.13293e-05
-8.22626e-06
-5.83751e-06
-2.67029e-06
-1.38363e-06
-1.14297e-06
-1.01404e-06
-5.72656e-07
-1.35881e-06
-2.72566e-06
-4.04541e-06
-5.05841e-06
-5.9536e-06
-6.7063e-06
-7.3482e-06
-7.87282e-06
-8.28069e-06
-8.56104e-06
-8.70612e-06
-8.71073e-06
-8.564e-06
-8.25335e-06
-7.76728e-06
-7.09319e-06
-6.22162e-06
-5.14257e-06
-3.85363e-06
-2.34897e-06
-6.38155e-07
1.2791e-06
3.3707e-06
5.62951e-06
7.97946e-06
1.0409e-05
1.27068e-05
1.45894e-05
1.50218e-05
1.40716e-05
1.32524e-05
1.27981e-05
1.37404e-05
1.53034e-05
1.7411e-05
1.83697e-05
1.51276e-05
6.68264e-06
-1.829e-06
-9.17543e-06
-1.43691e-05
-1.67234e-05
-1.46425e-05
-1.23237e-05
-9.47998e-06
-5.6145e-06
-3.14183e-06
-2.28033e-06
-1.85888e-06
-1.02417e-07
-1.25024e-06
-2.52927e-06
-3.76396e-06
-4.71045e-06
-5.55946e-06
-6.27502e-06
-6.89032e-06
-7.39441e-06
-7.78685e-06
-8.05269e-06
-8.18617e-06
-8.19215e-06
-8.06447e-06
-7.79256e-06
-7.36806e-06
-6.78129e-06
-6.02587e-06
-5.09438e-06
-3.98688e-06
-2.6989e-06
-1.2425e-06
3.82399e-07
2.14478e-06
4.04388e-06
6.01081e-06
8.05601e-06
1.00322e-05
1.19245e-05
1.30684e-05
1.33238e-05
1.36567e-05
1.42419e-05
1.56954e-05
1.74961e-05
1.9322e-05
1.98969e-05
1.74695e-05
1.20012e-05
7.51851e-06
3.59305e-06
-4.07557e-07
-3.83062e-06
-4.6225e-06
-5.43106e-06
-4.92e-06
-3.82539e-06
-2.68461e-06
-2.0021e-06
-1.73134e-06
-1.15838e-07
)
;
    }
    outlet
    {
        type            calculated;
        value           nonuniform List<scalar> 
500
(
9.72159e-07
1.41533e-06
9.896e-07
4.16265e-08
-1.12904e-06
-2.45301e-06
-3.88608e-06
-5.39876e-06
-6.96448e-06
-8.56266e-06
-1.01637e-05
-1.17423e-05
-1.32696e-05
-1.47139e-05
-1.60389e-05
-1.72036e-05
-1.81618e-05
-1.88643e-05
-1.9257e-05
-1.92885e-05
-1.89039e-05
-1.80602e-05
-1.67228e-05
-1.48733e-05
-1.25354e-05
-9.8567e-06
-7.07009e-06
-4.37428e-06
-1.89481e-06
-6.13549e-07
-6.28471e-07
1.14577e-06
1.25402e-06
2.23671e-06
5.108e-06
1.08785e-05
1.47605e-05
1.69854e-05
1.49842e-05
1.61833e-05
1.59315e-05
1.52751e-05
1.25672e-05
9.58811e-06
6.79849e-06
4.48781e-06
2.47088e-06
1.87343e-06
8.40447e-07
2.90779e-07
7.08191e-07
9.24654e-07
4.56293e-07
-3.67393e-07
-1.28257e-06
-2.2699e-06
-3.2933e-06
-4.3353e-06
-5.37644e-06
-6.40047e-06
-7.38403e-06
-8.30348e-06
-9.13229e-06
-9.84036e-06
-1.03938e-05
-1.07561e-05
-1.08876e-05
-1.07477e-05
-1.02933e-05
-9.48479e-06
-8.28029e-06
-6.65627e-06
-4.59703e-06
-2.12152e-06
7.12724e-07
3.59257e-06
6.06298e-06
7.59218e-06
8.16179e-06
6.7593e-06
4.34799e-06
3.45306e-06
2.47008e-06
3.78817e-06
8.04478e-06
1.13602e-05
1.4243e-05
1.64384e-05
1.37572e-05
1.23655e-05
1.23376e-05
1.25567e-05
1.0495e-05
8.06562e-06
6.03177e-06
3.77031e-06
1.9434e-06
2.49386e-06
1.30265e-06
1.17915e-07
9.41599e-07
1.40559e-06
1.24951e-06
7.16599e-07
7.64218e-08
-6.55171e-07
-1.44102e-06
-2.26549e-06
-3.11049e-06
-3.95863e-06
-4.78894e-06
-5.57609e-06
-6.29453e-06
-6.91617e-06
-7.41193e-06
-7.75017e-06
-7.89681e-06
-7.81596e-06
-7.46946e-06
-6.82221e-06
-5.83875e-06
-4.50098e-06
-2.7933e-06
-7.58898e-07
1.56112e-06
3.92637e-06
5.9953e-06
7.19018e-06
7.59207e-06
6.47544e-06
5.06931e-06
2.65598e-06
1.9947e-06
8.2896e-07
3.12734e-06
8.67787e-06
1.24806e-05
1.4637e-05
9.99782e-06
5.37341e-06
5.35511e-06
6.47727e-06
6.20389e-06
5.46683e-06
4.9286e-06
3.62706e-06
2.08053e-06
2.39027e-06
1.34878e-06
5.64261e-07
9.86523e-07
1.61708e-06
1.65167e-06
1.34229e-06
9.12353e-07
3.88077e-07
-1.98151e-07
-8.30041e-07
-1.48867e-06
-2.15454e-06
-2.80797e-06
-3.42257e-06
-3.97156e-06
-4.42622e-06
-4.75673e-06
-4.93379e-06
-4.92743e-06
-4.70687e-06
-4.24063e-06
-3.49864e-06
-2.455e-06
-1.09285e-06
5.92347e-07
2.56032e-06
4.77458e-06
7.01607e-06
8.97556e-06
1.01823e-05
1.06874e-05
1.01108e-05
8.38293e-06
6.47415e-06
4.059e-06
4.33586e-06
6.10161e-06
9.88552e-06
1.4383e-05
1.44093e-05
6.47072e-06
3.04784e-07
-1.16871e-07
2.27782e-06
3.8822e-06
4.64848e-06
5.82969e-06
5.19212e-06
4.11381e-06
3.19726e-06
1.76465e-06
1.10161e-06
1.19198e-06
2.04693e-06
2.33512e-06
2.24365e-06
2.00922e-06
1.66438e-06
1.24023e-06
7.55547e-07
2.17347e-07
-3.55888e-07
-9.49049e-07
-1.54413e-06
-2.11404e-06
-2.62537e-06
-3.04066e-06
-3.32369e-06
-3.44064e-06
-3.3608e-06
-3.05712e-06
-2.5051e-06
-1.68893e-06
-5.96542e-07
7.63666e-07
2.35785e-06
4.14569e-06
5.932e-06
7.33344e-06
7.94025e-06
7.64269e-06
6.73398e-06
4.7565e-06
3.1843e-06
3.35915e-06
3.81893e-06
6.17786e-06
9.80304e-06
1.28097e-05
1.30171e-05
3.49287e-06
-4.92355e-06
-6.28085e-06
-3.47858e-06
-3.07694e-07
1.50034e-06
2.93843e-06
2.88606e-06
2.54221e-06
2.67661e-06
1.43844e-06
6.92636e-07
1.25459e-06
2.25197e-06
2.71607e-06
2.77915e-06
2.67957e-06
2.45728e-06
2.14307e-06
1.76156e-06
1.32292e-06
8.44783e-07
3.39096e-07
-1.79739e-07
-6.97414e-07
-1.19555e-06
-1.638e-06
-1.989e-06
-2.20768e-06
-2.2532e-06
-2.08734e-06
-1.67592e-06
-9.94336e-07
-2.64567e-08
1.22736e-06
2.73497e-06
4.47247e-06
6.29631e-06
7.85905e-06
8.6593e-06
8.52538e-06
7.75927e-06
6.54208e-06
5.22036e-06
5.07849e-06
5.52217e-06
7.42279e-06
9.67685e-06
1.61502e-05
1.4145e-05
2.92594e-06
-5.81729e-06
-8.41612e-06
-5.84235e-06
-1.41053e-06
1.40894e-06
3.12039e-06
3.70668e-06
3.17811e-06
2.82884e-06
1.89777e-06
6.97943e-07
1.3684e-06
2.52625e-06
3.17121e-06
3.38681e-06
3.43005e-06
3.33774e-06
3.13714e-06
2.84361e-06
2.4588e-06
2.01753e-06
1.53644e-06
1.01514e-06
4.742e-07
-6.48192e-08
-5.87691e-07
-1.07401e-06
-1.49244e-06
-1.79762e-06
-1.94215e-06
-1.87716e-06
-1.56439e-06
-9.63985e-07
-5.69383e-08
1.15756e-06
2.62194e-06
4.255e-06
5.72743e-06
6.45824e-06
6.10898e-06
5.09503e-06
4.25381e-06
3.1082e-06
5.05818e-06
7.05116e-06
8.27617e-06
1.04141e-05
1.29999e-05
1.00488e-05
5.1831e-09
-9.2009e-06
-1.333e-05
-1.20339e-05
-8.21221e-06
-5.42491e-06
-3.38412e-06
-1.37903e-06
-9.0783e-07
-4.3671e-07
-6.51402e-07
-2.90415e-07
1.43898e-06
2.70794e-06
3.46838e-06
3.78139e-06
3.91734e-06
3.90156e-06
3.76376e-06
3.52367e-06
3.18215e-06
2.75448e-06
2.24751e-06
1.68418e-06
1.07344e-06
4.28627e-07
-2.06576e-07
-8.11635e-07
-1.36206e-06
-1.82277e-06
-2.16147e-06
-2.33129e-06
-2.28756e-06
-1.97318e-06
-1.33803e-06
-3.46574e-07
9.98546e-07
2.66728e-06
4.47518e-06
5.86068e-06
6.07563e-06
5.46649e-06
4.83556e-06
5.25303e-06
6.98758e-06
8.11035e-06
9.47402e-06
1.27036e-05
1.49144e-05
1.04352e-05
2.34138e-06
-5.69243e-06
-1.01205e-05
-1.04632e-05
-7.82146e-06
-5.91068e-06
-4.56196e-06
-2.10187e-06
-1.08158e-06
-9.38548e-07
-8.69609e-07
-4.90743e-07
1.55268e-06
2.88331e-06
3.72454e-06
4.10652e-06
4.30185e-06
4.30209e-06
4.18157e-06
4.0042e-06
3.7187e-06
3.34763e-06
2.88636e-06
2.34139e-06
1.7134e-06
1.03001e-06
3.01277e-07
-4.546e-07
-1.20389e-06
-1.90529e-06
-2.52726e-06
-3.01095e-06
-3.31843e-06
-3.39629e-06
-3.193e-06
-2.63703e-06
-1.72149e-06
-3.82493e-07
1.2996e-06
3.07565e-06
3.8921e-06
3.5615e-06
3.70169e-06
4.34896e-06
5.53792e-06
7.64295e-06
1.03566e-05
1.11756e-05
1.25291e-05
7.93093e-06
1.47121e-06
-4.81666e-06
-9.5325e-06
-1.2314e-05
-1.11098e-05
-1.00627e-05
-8.22155e-06
-4.98364e-06
-2.84928e-06
-2.09794e-06
-1.74137e-06
-8.98647e-08
1.61258e-06
3.01212e-06
3.87195e-06
4.22522e-06
4.4099e-06
4.4226e-06
4.31031e-06
4.1046e-06
3.81933e-06
3.43081e-06
2.94429e-06
2.3701e-06
1.71098e-06
9.86481e-07
2.15594e-07
-5.78812e-07
-1.36304e-06
-2.12695e-06
-2.84702e-06
-3.47573e-06
-3.98677e-06
-4.32348e-06
-4.43786e-06
-4.24167e-06
-3.71536e-06
-2.76846e-06
-1.45974e-06
2.24737e-07
1.59693e-06
2.20805e-06
2.93814e-06
4.2923e-06
6.59242e-06
8.76047e-06
1.22696e-05
1.39095e-05
1.54873e-05
1.39664e-05
1.08662e-05
7.979e-06
4.15223e-06
4.67805e-07
-1.24231e-06
-3.13638e-06
-3.58901e-06
-3.30142e-06
-2.42752e-06
-1.82067e-06
-1.62843e-06
-4.03726e-08
)
;
    }
    sideLeft
    {
        type            calculated;
        value           nonuniform List<scalar> 
500
(
-1.48616e-06
-3.31803e-06
-5.50341e-06
-7.48176e-06
-9.47071e-06
-1.1395e-05
-1.32753e-05
-1.50875e-05
-1.68181e-05
-1.84438e-05
-1.99401e-05
-2.12786e-05
-2.2429e-05
-2.33605e-05
-2.4042e-05
-2.44422e-05
-2.45257e-05
-2.4256e-05
-2.35906e-05
-2.24943e-05
-2.09238e-05
-1.88623e-05
-1.62814e-05
-1.32106e-05
-9.69655e-06
-5.92213e-06
-2.13676e-06
1.40968e-06
4.627e-06
6.37916e-06
6.6889e-06
7.6634e-06
8.08557e-06
9.39992e-06
1.06466e-05
1.23771e-05
1.33759e-05
1.42131e-05
1.23419e-05
1.17467e-05
1.12031e-05
1.07287e-05
8.88436e-06
7.13627e-06
5.38014e-06
3.73626e-06
2.07851e-06
1.63556e-06
6.46152e-07
2.09299e-07
-1.49256e-06
-3.48193e-06
-5.74907e-06
-7.82027e-06
-9.8716e-06
-1.18445e-05
-1.37619e-05
-1.5605e-05
-1.73601e-05
-1.90019e-05
-2.05055e-05
-2.1843e-05
-2.2986e-05
-2.39073e-05
-2.45798e-05
-2.49743e-05
-2.50546e-05
-2.47823e-05
-2.41127e-05
-2.30099e-05
-2.1431e-05
-1.93597e-05
-1.67694e-05
-1.36889e-05
-1.01635e-05
-6.3754e-06
-2.57728e-06
9.73731e-07
4.17539e-06
5.91016e-06
6.20462e-06
7.2021e-06
7.70959e-06
9.20077e-06
1.06971e-05
1.26483e-05
1.36801e-05
1.4619e-05
1.28763e-05
1.22883e-05
1.16545e-05
1.10562e-05
9.06048e-06
7.1673e-06
5.32402e-06
3.65607e-06
2.03249e-06
1.62566e-06
6.5142e-07
2.13102e-07
-1.42067e-06
-3.59009e-06
-6.01145e-06
-8.26376e-06
-1.04451e-05
-1.25264e-05
-1.45245e-05
-1.64161e-05
-1.81915e-05
-1.98391e-05
-2.13418e-05
-2.26781e-05
-2.38244e-05
-2.47549e-05
-2.54409e-05
-2.58501e-05
-2.59437e-05
-2.56819e-05
-2.50201e-05
-2.39225e-05
-2.23475e-05
-2.02803e-05
-1.76961e-05
-1.46319e-05
-1.11272e-05
-7.3648e-06
-3.61148e-06
-1.33145e-07
2.9498e-06
4.5603e-06
4.71099e-06
5.67153e-06
6.22002e-06
8.38611e-06
1.06271e-05
1.31465e-05
1.47567e-05
1.64073e-05
1.45219e-05
1.3653e-05
1.27482e-05
1.18505e-05
9.573e-06
7.39834e-06
5.31556e-06
3.54032e-06
1.93208e-06
1.58651e-06
6.52373e-07
2.17297e-07
-1.25015e-06
-3.42839e-06
-5.86066e-06
-8.17481e-06
-1.04032e-05
-1.25362e-05
-1.45831e-05
-1.65273e-05
-1.83572e-05
-2.00598e-05
-2.16176e-05
-2.30099e-05
-2.42116e-05
-2.51947e-05
-2.59282e-05
-2.63787e-05
-2.6509e-05
-2.62815e-05
-2.56545e-05
-2.45945e-05
-2.3062e-05
-2.10437e-05
-1.85193e-05
-1.55086e-05
-1.20652e-05
-8.38154e-06
-4.72094e-06
-1.35848e-06
1.57419e-06
3.04343e-06
3.04064e-06
3.92406e-06
4.76628e-06
7.52884e-06
1.07515e-05
1.45739e-05
1.61934e-05
1.77965e-05
1.59761e-05
1.49484e-05
1.37821e-05
1.26504e-05
1.00521e-05
7.61047e-06
5.35557e-06
3.48478e-06
1.88393e-06
1.57988e-06
6.51626e-07
2.15547e-07
-1.15107e-06
-3.31709e-06
-5.77694e-06
-8.15221e-06
-1.04298e-05
-1.26093e-05
-1.46985e-05
-1.66816e-05
-1.85466e-05
-2.02768e-05
-2.18616e-05
-2.32794e-05
-2.4504e-05
-2.55056e-05
-2.62514e-05
-2.67084e-05
-2.68414e-05
-2.6616e-05
-2.59937e-05
-2.49433e-05
-2.3428e-05
-2.14364e-05
-1.89533e-05
-1.60093e-05
-1.26275e-05
-9.01262e-06
-5.45249e-06
-2.21218e-06
5.64392e-07
1.91414e-06
1.76344e-06
2.60376e-06
3.70721e-06
7.16393e-06
1.12099e-05
1.51577e-05
1.65409e-05
1.8405e-05
1.6674e-05
1.57079e-05
1.44915e-05
1.32128e-05
1.05015e-05
7.91649e-06
5.53668e-06
3.5746e-06
1.92742e-06
1.58665e-06
6.55507e-07
2.13978e-07
-9.39804e-07
-3.00921e-06
-5.36993e-06
-7.71741e-06
-9.97086e-06
-1.21382e-05
-1.42157e-05
-1.61953e-05
-1.80582e-05
-1.98046e-05
-2.1412e-05
-2.28583e-05
-2.41167e-05
-2.51577e-05
-2.59496e-05
-2.64595e-05
-2.66523e-05
-2.64929e-05
-2.59414e-05
-2.49646e-05
-2.35242e-05
-2.16054e-05
-1.91931e-05
-1.63007e-05
-1.29841e-05
-9.4482e-06
-5.95788e-06
-2.77119e-06
-4.35574e-08
1.30219e-06
1.13049e-06
2.01407e-06
3.17147e-06
6.92817e-06
1.11996e-05
1.5732e-05
1.66349e-05
1.84237e-05
1.66599e-05
1.59401e-05
1.48297e-05
1.35936e-05
1.07961e-05
8.14122e-06
5.72533e-06
3.71367e-06
2.00421e-06
1.64646e-06
6.75306e-07
2.1747e-07
-8.42581e-07
-2.72519e-06
-4.99815e-06
-7.27768e-06
-9.48415e-06
-1.16045e-05
-1.36442e-05
-1.55966e-05
-1.74641e-05
-1.91969e-05
-2.07937e-05
-2.22338e-05
-2.3496e-05
-2.45533e-05
-2.53745e-05
-2.59256e-05
-2.61696e-05
-2.60694e-05
-2.55846e-05
-2.46813e-05
-2.33214e-05
-2.14883e-05
-1.91686e-05
-1.63777e-05
-1.31663e-05
-9.72387e-06
-6.30992e-06
-3.18498e-06
-5.05377e-07
8.69699e-07
8.16982e-07
1.9006e-06
3.02088e-06
6.41678e-06
1.084e-05
1.49291e-05
1.64724e-05
1.81764e-05
1.63019e-05
1.60959e-05
1.52229e-05
1.40345e-05
1.11726e-05
8.3697e-06
5.85267e-06
3.78877e-06
2.08707e-06
1.67514e-06
6.97993e-07
2.23086e-07
-6.1412e-07
-2.35321e-06
-4.43654e-06
-6.57473e-06
-8.61959e-06
-1.05894e-05
-1.24803e-05
-1.4296e-05
-1.60357e-05
-1.76872e-05
-1.92338e-05
-2.06589e-05
-2.19398e-05
-2.30476e-05
-2.3948e-05
-2.46033e-05
-2.49729e-05
-2.50163e-05
-2.469e-05
-2.39563e-05
-2.27735e-05
-2.11181e-05
-1.89719e-05
-1.63345e-05
-1.32535e-05
-9.90652e-06
-6.54847e-06
-3.42838e-06
-6.8714e-07
8.26121e-07
9.69464e-07
2.58039e-06
3.40098e-06
5.45349e-06
9.26044e-06
1.40139e-05
1.58129e-05
1.78394e-05
1.57786e-05
1.59828e-05
1.53236e-05
1.42773e-05
1.13882e-05
8.53001e-06
6.00098e-06
3.93638e-06
2.19746e-06
1.77093e-06
7.39647e-07
2.36023e-07
-3.38529e-07
-1.31932e-06
-2.72482e-06
-4.28805e-06
-5.9317e-06
-7.58842e-06
-9.25531e-06
-1.09258e-05
-1.25835e-05
-1.42147e-05
-1.57881e-05
-1.72822e-05
-1.86701e-05
-1.99205e-05
-2.09979e-05
-2.1863e-05
-2.24726e-05
-2.2782e-05
-2.27431e-05
-2.23118e-05
-2.14411e-05
-2.00988e-05
-1.82612e-05
-1.59152e-05
-1.31146e-05
-1.00235e-05
-6.89519e-06
-3.95044e-06
-1.33243e-06
1.2229e-07
2.57215e-07
2.19777e-06
3.09498e-06
4.29322e-06
6.90571e-06
1.2237e-05
1.52262e-05
1.75075e-05
1.5476e-05
1.63178e-05
1.5822e-05
1.4808e-05
1.18855e-05
8.87705e-06
6.24307e-06
4.1207e-06
2.34673e-06
1.83108e-06
8.04441e-07
2.57192e-07
9.72159e-07
1.41533e-06
9.896e-07
4.16265e-08
-1.12904e-06
-2.45301e-06
-3.88608e-06
-5.39876e-06
-6.96448e-06
-8.56266e-06
-1.01637e-05
-1.17423e-05
-1.32696e-05
-1.47139e-05
-1.60389e-05
-1.72036e-05
-1.81618e-05
-1.88643e-05
-1.9257e-05
-1.92885e-05
-1.89039e-05
-1.80602e-05
-1.67228e-05
-1.48733e-05
-1.25354e-05
-9.8567e-06
-7.07009e-06
-4.37428e-06
-1.89481e-06
-6.13549e-07
-6.28471e-07
1.14577e-06
1.25402e-06
2.23671e-06
5.108e-06
1.08785e-05
1.47605e-05
1.69854e-05
1.49842e-05
1.61833e-05
1.59315e-05
1.52751e-05
1.25672e-05
9.58811e-06
6.79849e-06
4.48781e-06
2.47088e-06
1.87343e-06
8.40447e-07
2.90779e-07
)
;
    }
    sideRight
    {
        type            calculated;
        value           nonuniform List<scalar> 
500
(
-1.25024e-06
-2.52927e-06
-3.76396e-06
-4.71045e-06
-5.55946e-06
-6.27502e-06
-6.89032e-06
-7.39441e-06
-7.78685e-06
-8.05269e-06
-8.18617e-06
-8.19215e-06
-8.06447e-06
-7.79256e-06
-7.36806e-06
-6.78129e-06
-6.02587e-06
-5.09438e-06
-3.98688e-06
-2.6989e-06
-1.2425e-06
3.82399e-07
2.14478e-06
4.04388e-06
6.01081e-06
8.05601e-06
1.00322e-05
1.19245e-05
1.30684e-05
1.33238e-05
1.36567e-05
1.42419e-05
1.56954e-05
1.74961e-05
1.9322e-05
1.98969e-05
1.74695e-05
1.20012e-05
7.51851e-06
3.59305e-06
-4.07557e-07
-3.83062e-06
-4.6225e-06
-5.43106e-06
-4.92e-06
-3.82539e-06
-2.68461e-06
-2.0021e-06
-1.73134e-06
-1.15838e-07
-1.3064e-06
-2.76103e-06
-4.06811e-06
-5.09252e-06
-5.98863e-06
-6.74176e-06
-7.38232e-06
-7.90349e-06
-8.30747e-06
-8.58614e-06
-8.73394e-06
-8.75115e-06
-8.63106e-06
-8.36412e-06
-7.94216e-06
-7.35556e-06
-6.59753e-06
-5.66044e-06
-4.54406e-06
-3.24416e-06
-1.77173e-06
-1.27332e-07
1.65627e-06
3.57685e-06
5.56601e-06
7.63191e-06
9.62235e-06
1.15139e-05
1.26347e-05
1.28716e-05
1.32262e-05
1.3842e-05
1.54085e-05
1.73059e-05
1.91957e-05
1.99308e-05
1.76503e-05
1.24119e-05
8.07154e-06
4.198e-06
1.16557e-07
-3.4561e-06
-4.40756e-06
-5.37112e-06
-4.96012e-06
-3.89341e-06
-2.72631e-06
-2.00696e-06
-1.72215e-06
-1.1213e-07
-1.29716e-06
-2.92172e-06
-4.37518e-06
-5.55602e-06
-6.54354e-06
-7.35411e-06
-8.02118e-06
-8.55218e-06
-8.96034e-06
-9.24895e-06
-9.41676e-06
-9.45752e-06
-9.36329e-06
-9.12736e-06
-8.74199e-06
-8.19735e-06
-7.48648e-06
-6.60125e-06
-5.5407e-06
-4.30096e-06
-2.89065e-06
-1.29903e-06
4.42553e-07
2.3336e-06
4.30073e-06
6.34781e-06
8.32028e-06
1.01846e-05
1.12451e-05
1.13741e-05
1.15578e-05
1.22364e-05
1.38639e-05
1.63309e-05
1.88032e-05
2.01722e-05
1.85865e-05
1.37448e-05
9.76338e-06
5.66379e-06
1.26259e-06
-2.57819e-06
-3.83431e-06
-5.09666e-06
-4.93097e-06
-3.99878e-06
-2.82135e-06
-2.04139e-06
-1.73013e-06
-1.11641e-07
-1.10938e-06
-2.71644e-06
-4.15284e-06
-5.36327e-06
-6.36525e-06
-7.19778e-06
-7.88437e-06
-8.44209e-06
-8.88136e-06
-9.20769e-06
-9.42129e-06
-9.51575e-06
-9.48532e-06
-9.32294e-06
-9.02061e-06
-8.56878e-06
-7.95943e-06
-7.18466e-06
-6.24098e-06
-5.11921e-06
-3.81762e-06
-2.33429e-06
-6.93336e-07
1.10383e-06
2.98785e-06
4.9623e-06
6.86807e-06
8.65956e-06
9.6323e-06
9.6569e-06
9.77158e-06
1.05099e-05
1.25038e-05
1.52847e-05
1.82455e-05
2.02597e-05
1.92247e-05
1.49802e-05
1.11934e-05
7.04903e-06
2.46712e-06
-1.70425e-06
-3.30636e-06
-4.85718e-06
-4.89486e-06
-4.04857e-06
-2.8607e-06
-2.04893e-06
-1.72101e-06
-1.07584e-07
-9.63792e-07
-2.48692e-06
-3.93993e-06
-5.1994e-06
-6.23231e-06
-7.07374e-06
-7.77039e-06
-8.33585e-06
-8.78275e-06
-9.1171e-06
-9.34067e-06
-9.44969e-06
-9.43909e-06
-9.307e-06
-9.04931e-06
-8.65987e-06
-8.13249e-06
-7.45672e-06
-6.62734e-06
-5.63653e-06
-4.48553e-06
-3.15145e-06
-1.6608e-06
-3.76368e-09
1.7611e-06
3.64714e-06
5.49442e-06
7.25399e-06
8.21465e-06
8.23462e-06
8.27518e-06
9.08127e-06
1.12678e-05
1.43908e-05
1.76391e-05
1.98603e-05
1.91582e-05
1.53987e-05
1.18534e-05
7.88916e-06
3.15429e-06
-1.1222e-06
-2.86675e-06
-4.56974e-06
-4.71031e-06
-3.96253e-06
-2.84747e-06
-2.04628e-06
-1.7302e-06
-1.10517e-07
-6.72206e-07
-2.06456e-06
-3.37976e-06
-4.59641e-06
-5.59842e-06
-6.4445e-06
-7.14919e-06
-7.7266e-06
-8.18895e-06
-8.54466e-06
-8.79958e-06
-8.95271e-06
-9.00145e-06
-8.93642e-06
-8.75587e-06
-8.45607e-06
-8.02675e-06
-7.46322e-06
-6.76187e-06
-5.90517e-06
-4.88804e-06
-3.70172e-06
-2.35494e-06
-8.21653e-07
8.45005e-07
2.66488e-06
4.48583e-06
6.26207e-06
7.28279e-06
7.40823e-06
7.53612e-06
8.43689e-06
1.05551e-05
1.37928e-05
1.74619e-05
1.93296e-05
1.88633e-05
1.54602e-05
1.20681e-05
8.17199e-06
3.56228e-06
-7.60767e-07
-2.6026e-06
-4.38468e-06
-4.57966e-06
-3.87597e-06
-2.77343e-06
-2.01663e-06
-1.70843e-06
-1.00088e-07
-5.82152e-07
-1.78634e-06
-3.0078e-06
-4.14035e-06
-5.09645e-06
-5.87044e-06
-6.51745e-06
-7.04623e-06
-7.46967e-06
-7.80235e-06
-8.04876e-06
-8.20306e-06
-8.25326e-06
-8.21702e-06
-8.09995e-06
-7.89953e-06
-7.60916e-06
-7.20158e-06
-6.6624e-06
-5.97892e-06
-5.15378e-06
-4.16658e-06
-3.01384e-06
-1.66122e-06
-1.54582e-07
1.5458e-06
3.30898e-06
5.08902e-06
6.17195e-06
6.3841e-06
6.58856e-06
7.59591e-06
9.45112e-06
1.25574e-05
1.63857e-05
1.82779e-05
1.81584e-05
1.55092e-05
1.1886e-05
8.30999e-06
3.82749e-06
-4.23145e-07
-2.3241e-06
-4.2321e-06
-4.48996e-06
-3.82533e-06
-2.76217e-06
-1.99243e-06
-1.70436e-06
-9.79792e-08
-1.65282e-07
-1.08752e-06
-2.0185e-06
-2.94393e-06
-3.70763e-06
-4.35596e-06
-4.88915e-06
-5.35018e-06
-5.74642e-06
-6.09349e-06
-6.39456e-06
-6.63276e-06
-6.79285e-06
-6.88198e-06
-6.91202e-06
-6.86794e-06
-6.7324e-06
-6.51159e-06
-6.19858e-06
-5.7672e-06
-5.20997e-06
-4.4936e-06
-3.596e-06
-2.46189e-06
-1.11715e-06
4.88462e-07
2.23175e-06
4.08867e-06
5.3537e-06
5.77568e-06
6.20689e-06
7.53994e-06
8.96309e-06
1.19313e-05
1.59489e-05
1.74901e-05
1.79299e-05
1.53358e-05
1.14738e-05
7.98273e-06
3.77045e-06
-3.5334e-07
-2.2442e-06
-4.15606e-06
-4.40339e-06
-3.7389e-06
-2.65455e-06
-1.93828e-06
-1.66217e-06
-8.05704e-08
2.83064e-07
2.02012e-07
-1.5176e-08
-4.22353e-07
-8.43682e-07
-1.2455e-06
-1.62618e-06
-1.99602e-06
-2.35252e-06
-2.72449e-06
-3.11177e-06
-3.50376e-06
-3.89277e-06
-4.26831e-06
-4.61415e-06
-4.91025e-06
-5.13222e-06
-5.26116e-06
-5.31638e-06
-5.25819e-06
-5.08154e-06
-4.75165e-06
-4.233e-06
-3.45976e-06
-2.44426e-06
-1.1196e-06
4.34311e-07
2.20088e-06
3.47754e-06
3.96549e-06
4.5493e-06
6.11028e-06
8.18544e-06
1.05501e-05
1.4151e-05
1.60728e-05
1.70781e-05
1.48974e-05
1.12995e-05
8.21351e-06
4.10701e-06
5.6218e-08
-1.83393e-06
-3.83638e-06
-4.09653e-06
-3.55201e-06
-2.57021e-06
-1.87003e-06
-1.64288e-06
-7.26969e-08
1.61258e-06
3.01212e-06
3.87195e-06
4.22522e-06
4.4099e-06
4.4226e-06
4.31031e-06
4.1046e-06
3.81933e-06
3.43081e-06
2.94429e-06
2.3701e-06
1.71098e-06
9.86481e-07
2.15594e-07
-5.78812e-07
-1.36304e-06
-2.12695e-06
-2.84702e-06
-3.47573e-06
-3.98677e-06
-4.32348e-06
-4.43786e-06
-4.24167e-06
-3.71536e-06
-2.76846e-06
-1.45974e-06
2.24737e-07
1.59693e-06
2.20805e-06
2.93814e-06
4.2923e-06
6.59242e-06
8.76047e-06
1.22696e-05
1.39095e-05
1.54873e-05
1.39664e-05
1.08662e-05
7.979e-06
4.15223e-06
4.67805e-07
-1.24231e-06
-3.13638e-06
-3.58901e-06
-3.30142e-06
-2.42752e-06
-1.82067e-06
-1.62843e-06
-4.03726e-08
)
;
    }
    top
    {
        type            symmetryPlane;
        value           uniform 0;
    }
    bottomRoughWall
    {
        type            calculated;
        value           uniform 0;
    }
}


// ************************************************************************* //
