0.0101525 5.19167 	2.57157 	1.25459e-06 	
0.0308529 6.89144 	3.29162 	2.25197e-06 	
0.0523594 7.92146 	3.66495 	2.71607e-06 	
0.0747033 8.71485 	3.90737 	2.77915e-06 	
0.0979172 9.38783 	4.07602 	2.67957e-06 	
0.122035 9.99077 	4.19442 	2.45728e-06 	
0.147092 10.5491 	4.27368 	2.14307e-06 	
0.173125 11.0768 	4.31942 	1.76156e-06 	
0.200171 11.582 	4.33451 	1.32292e-06 	
0.228271 12.0693 	4.32032 	8.44783e-07 	
0.257464 12.5413 	4.27737 	3.39096e-07 	
0.287795 12.9986 	4.20571 	-1.79739e-07 	
0.319306 13.4411 	4.1052 	-6.97414e-07 	
0.352045 13.8673 	3.97566 	-1.19555e-06 	
0.386058 14.2754 	3.81707 	-1.638e-06 	
0.421396 14.6627 	3.62969 	-1.989e-06 	
0.45811 15.0258 	3.41422 	-2.20768e-06 	
0.496253 15.3612 	3.1719 	-2.2532e-06 	
0.535882 15.6648 	2.90469 	-2.08734e-06 	
0.577054 15.9326 	2.61538 	-1.67592e-06 	
0.619829 16.1605 	2.3077 	-9.94336e-07 	
0.664269 16.3445 	1.98644 	-2.64567e-08 	
0.71044 16.4815 	1.6575 	1.22736e-06 	
0.758409 16.5688 	1.32791 	2.73497e-06 	
0.808246 16.6054 	1.00578 	4.47247e-06 	
0.860024 16.5917 	0.700062 	6.29631e-06 	
0.913817 16.5301 	0.420304 	7.85905e-06 	
0.969705 16.4258 	0.176063 	8.6593e-06 	
1.02777 16.2868 	-0.023816 	8.52538e-06 	
1.0881 16.1239 	-0.172213 	7.75927e-06 	
1.15077 15.9508 	-0.264952 	6.54208e-06 	
1.21588 15.7832 	-0.302164 	5.22036e-06 	
1.28354 15.6368 	-0.289508 	5.07849e-06 	
1.35382 15.5256 	-0.238887 	5.52217e-06 	
1.42684 15.4583 	-0.167931 	7.42279e-06 	
1.50271 15.4347 	-0.0973256 	9.67685e-06 	
1.58153 15.444 	-0.0454092 	1.61502e-05 	
1.66341 15.4673 	-0.0208671 	1.4145e-05 	
1.74849 15.4859 	-0.0184518 	2.92594e-06 	
1.83688 15.4922 	-0.023945 	-5.81729e-06 	
1.92871 15.491 	-0.0264456 	-8.41612e-06 	
2.02412 15.4898 	-0.025162 	-5.84235e-06 	
2.12324 15.4905 	-0.0236394 	-1.41053e-06 	
2.22622 15.4918 	-0.023281 	1.40894e-06 	
2.33321 15.4928 	-0.0237865 	3.12039e-06 	
2.44437 15.4931 	-0.024588 	3.70668e-06 	
2.55986 15.4929 	-0.0252189 	3.17811e-06 	
2.67984 15.4926 	-0.0255163 	2.82884e-06 	
2.8045 15.4924 	-0.0255878 	1.89777e-06 	
2.93401 15.4923 	-0.0255882 	6.97943e-07 	
