0.00885098 4.98299 	2.40081 	-2.33779e-10 	
0.0269366 6.72554 	3.12634 	-4.90462e-09 	
0.0458063 7.77356 	3.50424 	-4.01996e-09 	
0.065494 8.55879 	3.74674 	-2.71021e-09 	
0.0860352 9.21343 	3.91626 	-4.7175e-09 	
0.107467 9.7929 	4.03783 	-3.84796e-09 	
0.129828 10.3248 	4.12322 	5.45362e-09 	
0.153158 10.8243 	4.17851 	4.68912e-09 	
0.177499 11.3004 	4.20692 	9.00041e-09 	
0.202896 11.7584 	4.21011 	1.46236e-08 	
0.229393 12.2015 	4.18887 	5.16919e-09 	
0.25704 12.6313 	4.14345 	3.44099e-09 	
0.285885 13.0484 	4.07381 	1.25187e-08 	
0.31598 13.4524 	3.97979 	2.00567e-08 	
0.34738 13.8424 	3.86122 	1.83712e-09 	
0.380141 14.2167 	3.71804 	-1.52049e-08 	
0.414323 14.5732 	3.5504 	-2.14276e-08 	
0.449986 14.9094 	3.35878 	2.27893e-09 	
0.487195 15.2224 	3.14406 	7.29494e-09 	
0.526017 15.509 	2.90768 	-5.77781e-09 	
0.566523 15.7659 	2.65167 	-1.49545e-08 	
0.608784 15.9898 	2.37884 	3.18207e-08 	
0.652877 16.1773 	2.09277 	3.56972e-08 	
0.698882 16.3256 	1.79793 	8.45125e-09 	
0.746881 16.4324 	1.49969 	6.48188e-09 	
0.796961 16.4962 	1.20428 	-4.01386e-08 	
0.849212 16.5168 	0.918642 	-5.45743e-08 	
0.903728 16.4954 	0.650251 	-1.34647e-08 	
0.960607 16.435 	0.406733 	-3.77123e-08 	
1.01995 16.3407 	0.195377 	-1.1795e-07 	
1.08187 16.2197 	0.02249 	-1.40982e-07 	
1.14647 16.0812 	-0.107362 	-4.20476e-08 	
1.21388 15.9358 	-0.192156 	-1.67793e-07 	
1.2842 15.7949 	-0.233133 	-8.76686e-08 	
1.35757 15.6697 	-0.235217 	2.38576e-08 	
1.43413 15.569 	-0.206919 	-8.11315e-08 	
1.514 15.4983 	-0.159498 	-2.13776e-08 	
1.59733 15.4584 	-0.105306 	-6.52175e-08 	
1.68428 15.4452 	-0.0555506 	1.89975e-07 	
1.775 15.4509 	-0.0180484 	-9.95588e-07 	
1.86965 15.4659 	0.00416013 	-4.36581e-07 	
1.9684 15.4817 	0.0127186 	-7.61737e-07 	
2.07144 15.4932 	0.0123151 	-3.44432e-07 	
2.17894 15.4987 	0.00830673 	1.54563e-06 	
2.2911 15.4996 	0.00465715 	3.51509e-06 	
2.40812 15.4985 	0.00301364 	6.25746e-06 	
2.53022 15.4972 	0.00298928 	5.51113e-06 	
2.65761 15.4966 	0.00356181 	9.49302e-06 	
2.79052 15.4964 	0.0040403 	7.10229e-06 	
2.92919 15.4964 	0.00425669 	2.77438e-06 	
