0.00885098 4.98299 	2.40081 	1.73567e-10 	
0.0269366 6.72554 	3.12634 	2.33406e-09 	
0.0458063 7.77356 	3.50424 	1.10018e-09 	
0.065494 8.55879 	3.74674 	-1.77912e-09 	
0.0860352 9.21343 	3.91626 	-1.80854e-09 	
0.107467 9.7929 	4.03783 	-1.83056e-09 	
0.129828 10.3248 	4.12322 	-4.51269e-09 	
0.153158 10.8243 	4.17851 	-2.22511e-09 	
0.177499 11.3004 	4.20692 	-4.38843e-09 	
0.202896 11.7584 	4.21011 	-5.18194e-09 	
0.229393 12.2015 	4.18887 	-7.10782e-09 	
0.25704 12.6313 	4.14345 	3.76793e-09 	
0.285885 13.0484 	4.07381 	8.84492e-10 	
0.31598 13.4524 	3.97979 	-6.66459e-09 	
0.34738 13.8424 	3.86122 	-4.79786e-09 	
0.380141 14.2167 	3.71804 	5.87714e-10 	
0.414323 14.5732 	3.5504 	6.76817e-09 	
0.449986 14.9094 	3.35878 	3.28892e-09 	
0.487195 15.2224 	3.14406 	-2.79508e-08 	
0.526017 15.509 	2.90768 	-1.54673e-08 	
0.566523 15.7659 	2.65167 	1.76125e-08 	
0.608784 15.9898 	2.37884 	1.05839e-08 	
0.652877 16.1773 	2.09277 	3.09111e-08 	
0.698882 16.3256 	1.79793 	1.09897e-08 	
0.746881 16.4324 	1.49969 	-8.91744e-10 	
0.796961 16.4962 	1.20428 	-9.58499e-10 	
0.849212 16.5168 	0.918642 	-2.6721e-09 	
0.903728 16.4954 	0.650251 	-5.75623e-08 	
0.960607 16.435 	0.406733 	-5.98879e-08 	
1.01995 16.3407 	0.195377 	-1.4316e-07 	
1.08187 16.2197 	0.0224897 	-2.07823e-07 	
1.14647 16.0812 	-0.107362 	-9.49435e-08 	
1.21388 15.9358 	-0.192156 	-1.59438e-07 	
1.2842 15.7949 	-0.233133 	-1.41273e-08 	
1.35757 15.6697 	-0.235216 	1.24856e-07 	
1.43413 15.569 	-0.206919 	-9.14554e-09 	
1.514 15.4983 	-0.159497 	-1.49846e-08 	
1.59733 15.4584 	-0.105307 	-7.09335e-08 	
1.68428 15.4452 	-0.0555496 	1.06736e-07 	
1.775 15.4509 	-0.0180489 	-1.07815e-06 	
1.86965 15.4659 	0.00416121 	-4.64082e-07 	
1.9684 15.4817 	0.0127183 	-7.28303e-07 	
2.07144 15.4932 	0.0123145 	-6.05593e-08 	
2.17894 15.4987 	0.00830809 	1.51934e-06 	
2.2911 15.4996 	0.00465599 	3.42412e-06 	
2.40812 15.4985 	0.00301517 	6.25144e-06 	
2.53022 15.4972 	0.00298866 	5.25668e-06 	
2.65761 15.4966 	0.00356134 	9.5045e-06 	
2.79052 15.4964 	0.00403825 	7.39729e-06 	
2.92919 15.4964 	0.00425568 	2.78258e-06 	
