0.00885098 4.98299 2.40081 2.20937
0.0269366 6.72554 3.12634 2.20536
0.0458063 7.77356 3.50424 2.06858
0.065494 8.55879 3.74674 1.95142
0.0860352 9.21343 3.91626 1.84903
0.107467 9.7929 4.03783 1.7552
0.129828 10.3248 4.12322 1.66635
0.153158 10.8243 4.17851 1.58047
0.177499 11.3004 4.20692 1.49647
0.202896 11.7584 4.21011 1.41376
0.229393 12.2015 4.18887 1.33204
0.25704 12.6313 4.14345 1.25122
0.285885 13.0484 4.07381 1.17134
0.31598 13.4524 3.97979 1.09249
0.34738 13.8424 3.86122 1.01486
0.380141 14.2167 3.71804 0.93864
0.414323 14.5732 3.5504 0.864068
0.449986 14.9094 3.35878 0.79139
0.487195 15.2224 3.14406 0.720864
0.526017 15.509 2.90768 0.652749
0.566523 15.7659 2.65168 0.587303
0.608784 15.9898 2.37884 0.524775
0.652877 16.1773 2.09277 0.465402
0.698882 16.3256 1.79793 0.409405
0.746881 16.4324 1.49969 0.356979
0.796961 16.4962 1.20428 0.308294
0.849212 16.5168 0.918642 0.263485
0.903728 16.4954 0.650251 0.222648
0.960607 16.435 0.406733 0.185833
1.01995 16.3407 0.195377 0.153043
1.08187 16.2197 0.0224897 0.124227
1.14647 16.0812 -0.107361 0.0992749
1.21388 15.9358 -0.192156 0.0780224
1.2842 15.7949 -0.233133 0.0602471
1.35757 15.6697 -0.235216 0.0456744
1.43413 15.569 -0.206919 0.033985
1.514 15.4983 -0.159498 0.0248253
1.59733 15.4584 -0.105307 0.0178223
1.68428 15.4452 -0.0555504 0.012601
1.775 15.4509 -0.018049 0.00880185
1.86965 15.4659 0.00416054 0.00609797
1.9684 15.4817 0.0127195 0.00420766
2.07144 15.4932 0.0123139 0.00290202
2.17894 15.4987 0.00830785 0.00200532
2.2911 15.4996 0.00465559 0.00138985
2.40812 15.4985 0.00301409 0.000966405
2.53022 15.4972 0.00298791 0.000675091
2.65761 15.4966 0.00356325 0.000478071
2.79052 15.4964 0.00403865 0.000354034
2.92919 15.4964 0.00425524 0.000293056
