/*--------------------------------*- C++ -*----------------------------------*\
| =========                 |                                                 |
| \\      /  F ield         | foam-extend: Open Source CFD                    |
|  \\    /   O peration     | Version:     3.2                                |
|   \\  /    A nd           | Web:         http://www.foam-extend.org         |
|    \\/     M anipulation  | For copyright notice see file Copyright         |
\*---------------------------------------------------------------------------*/
FoamFile
{
    version     2.0;
    format      ascii;
    class       volScalarField;
    location    "1200000";
    object      k;
}
// * * * * * * * * * * * * * * * * * * * * * * * * * * * * * * * * * * * * * //

dimensions      [0 2 -2 0 0 0 0];

internalField   nonuniform List<scalar> 
5000
(
2.25074
2.25074
2.25074
2.25074
2.25074
2.25074
2.25074
2.25074
2.25073
2.25073
2.27199
2.27199
2.272
2.272
2.272
2.272
2.272
2.27201
2.27201
2.27201
2.07667
2.07667
2.07668
2.07668
2.07668
2.07669
2.07669
2.07669
2.0767
2.0767
1.93675
1.93676
1.93676
1.93676
1.93677
1.93677
1.93677
1.93678
1.93678
1.93679
1.81935
1.81935
1.81935
1.81936
1.81936
1.81936
1.81937
1.81937
1.81937
1.81938
1.71274
1.71274
1.71275
1.71275
1.71275
1.71276
1.71276
1.71276
1.71277
1.71277
1.61197
1.61197
1.61198
1.61198
1.61198
1.61199
1.61199
1.61199
1.61199
1.612
1.51475
1.51475
1.51475
1.51476
1.51476
1.51476
1.51476
1.51477
1.51477
1.51477
1.41999
1.41999
1.42
1.42
1.42
1.42001
1.42001
1.42001
1.42001
1.42002
1.32723
1.32723
1.32723
1.32723
1.32724
1.32724
1.32724
1.32724
1.32725
1.32725
1.23629
1.23629
1.2363
1.2363
1.2363
1.2363
1.23631
1.23631
1.23631
1.23631
1.14721
1.14721
1.14721
1.14721
1.14721
1.14722
1.14722
1.14722
1.14722
1.14723
1.06009
1.06009
1.06009
1.06009
1.0601
1.0601
1.0601
1.0601
1.0601
1.06011
0.975125
0.975126
0.975128
0.97513
0.975132
0.975134
0.975136
0.975137
0.975139
0.975143
0.892529
0.89253
0.892531
0.892533
0.892535
0.892536
0.892538
0.89254
0.892541
0.892545
0.812534
0.812535
0.812536
0.812538
0.812539
0.812541
0.812542
0.812544
0.812545
0.812548
0.735383
0.735383
0.735384
0.735386
0.735387
0.735388
0.73539
0.735391
0.735392
0.735395
0.661316
0.661316
0.661317
0.661318
0.661319
0.66132
0.661321
0.661322
0.661324
0.661326
0.590569
0.590569
0.59057
0.590571
0.590571
0.590572
0.590573
0.590574
0.590575
0.590577
0.523367
0.523367
0.523368
0.523368
0.523369
0.52337
0.52337
0.523371
0.523372
0.523373
0.45992
0.45992
0.459921
0.459921
0.459922
0.459922
0.459923
0.459923
0.459924
0.459925
0.400421
0.400421
0.400421
0.400422
0.400422
0.400422
0.400423
0.400423
0.400423
0.400424
0.345039
0.34504
0.34504
0.34504
0.34504
0.34504
0.34504
0.34504
0.345041
0.345041
0.29392
0.29392
0.29392
0.29392
0.29392
0.29392
0.29392
0.29392
0.29392
0.29392
0.247177
0.247177
0.247177
0.247176
0.247176
0.247176
0.247176
0.247176
0.247176
0.247176
0.204891
0.204891
0.20489
0.20489
0.20489
0.20489
0.204889
0.204889
0.204889
0.204888
0.167101
0.167101
0.167101
0.1671
0.1671
0.1671
0.167099
0.167099
0.167099
0.167098
0.133807
0.133807
0.133807
0.133806
0.133806
0.133805
0.133805
0.133804
0.133804
0.133803
0.10496
0.10496
0.10496
0.104959
0.104959
0.104958
0.104957
0.104957
0.104956
0.104955
0.0804321
0.0804318
0.0804313
0.0804307
0.0804301
0.0804294
0.0804288
0.0804281
0.0804275
0.0804262
0.0600171
0.0600168
0.0600162
0.0600156
0.0600149
0.0600142
0.0600135
0.0600129
0.0600122
0.0600108
0.0434497
0.0434494
0.0434488
0.0434482
0.0434476
0.0434469
0.0434462
0.0434456
0.0434449
0.0434436
0.0304014
0.0304012
0.0304007
0.0304002
0.0303996
0.030399
0.0303984
0.0303978
0.0303972
0.030396
0.0204751
0.0204749
0.0204745
0.0204741
0.0204736
0.0204731
0.0204726
0.0204721
0.0204716
0.0204706
0.0132135
0.0132133
0.0132131
0.0132127
0.0132124
0.013212
0.0132117
0.0132113
0.013211
0.0132102
0.00812849
0.00812839
0.00812822
0.00812801
0.00812779
0.00812757
0.00812734
0.00812712
0.00812689
0.00812643
0.00474732
0.00474726
0.00474717
0.00474706
0.00474694
0.00474682
0.0047467
0.00474658
0.00474646
0.00474621
0.00263929
0.00263927
0.00263923
0.00263919
0.00263915
0.0026391
0.00263906
0.00263901
0.00263896
0.00263887
0.00140825
0.00140826
0.00140826
0.00140826
0.00140827
0.00140828
0.00140828
0.00140829
0.00140829
0.0014083
0.000737979
0.000737989
0.000738007
0.000738028
0.00073805
0.000738072
0.000738095
0.000738117
0.00073814
0.000738187
0.000423407
0.000423412
0.000423422
0.000423434
0.000423446
0.000423459
0.000423471
0.000423484
0.000423497
0.000423523
0.000306253
0.000306254
0.000306254
0.000306254
0.000306255
0.000306255
0.000306256
0.000306256
0.000306257
0.000306258
0.000271323
0.000271322
0.000271319
0.000271316
0.000271313
0.000271309
0.000271306
0.000271303
0.000271299
0.000271293
0.000267608
0.000267606
0.000267603
0.000267598
0.000267594
0.000267589
0.000267585
0.00026758
0.000267575
0.000267566
0.00026915
0.000269148
0.000269143
0.000269138
0.000269133
0.000269128
0.000269122
0.000269117
0.000269111
0.0002691
0.00026431
0.000264308
0.000264303
0.000264298
0.000264292
0.000264287
0.000264281
0.000264275
0.000264269
0.000264258
0.000254627
0.000254624
0.00025462
0.000254615
0.000254609
0.000254604
0.000254598
0.000254592
0.000254586
0.000254575
0.000244638
0.000244636
0.000244631
0.000244626
0.000244621
0.000244616
0.00024461
0.000244605
0.000244599
0.000244588
0.000237449
0.000237447
0.000237443
0.000237438
0.000237433
0.000237428
0.000237423
0.000237417
0.000237412
0.000237401
0.000233906
0.000233904
0.0002339
0.000233896
0.000233891
0.000233886
0.000233881
0.000233876
0.000233871
0.00023386
2.25073
2.25073
2.25073
2.25073
2.25073
2.25073
2.25072
2.25072
2.25072
2.25072
2.27198
2.27198
2.27199
2.27199
2.27199
2.27199
2.27199
2.27199
2.27199
2.272
2.07666
2.07666
2.07667
2.07667
2.07667
2.07668
2.07668
2.07668
2.07668
2.07669
1.93675
1.93675
1.93675
1.93675
1.93676
1.93676
1.93676
1.93676
1.93677
1.93677
1.81934
1.81934
1.81934
1.81935
1.81935
1.81935
1.81936
1.81936
1.81936
1.81937
1.71273
1.71274
1.71274
1.71274
1.71274
1.71275
1.71275
1.71275
1.71275
1.71276
1.61196
1.61196
1.61197
1.61197
1.61197
1.61197
1.61198
1.61198
1.61198
1.61199
1.51474
1.51474
1.51474
1.51475
1.51475
1.51475
1.51475
1.51476
1.51476
1.51476
1.41999
1.41999
1.41999
1.41999
1.41999
1.42
1.42
1.42
1.42
1.42001
1.32722
1.32722
1.32722
1.32723
1.32723
1.32723
1.32723
1.32723
1.32724
1.32724
1.23629
1.23629
1.23629
1.23629
1.23629
1.23629
1.2363
1.2363
1.2363
1.23631
1.1472
1.1472
1.1472
1.1472
1.14721
1.14721
1.14721
1.14721
1.14721
1.14722
1.06008
1.06008
1.06009
1.06009
1.06009
1.06009
1.06009
1.06009
1.0601
1.0601
0.97512
0.97512
0.975122
0.975123
0.975125
0.975127
0.975128
0.97513
0.975132
0.975135
0.892524
0.892524
0.892525
0.892527
0.892528
0.89253
0.892532
0.892533
0.892535
0.892538
0.812529
0.81253
0.812531
0.812532
0.812534
0.812535
0.812536
0.812538
0.812539
0.812542
0.735378
0.735379
0.73538
0.735381
0.735382
0.735383
0.735385
0.735386
0.735387
0.735389
0.661312
0.661312
0.661313
0.661314
0.661315
0.661316
0.661317
0.661318
0.661319
0.661321
0.590566
0.590566
0.590567
0.590567
0.590568
0.590569
0.59057
0.590571
0.590572
0.590573
0.523364
0.523365
0.523365
0.523366
0.523366
0.523367
0.523368
0.523368
0.523369
0.52337
0.459918
0.459918
0.459919
0.459919
0.45992
0.45992
0.459921
0.459921
0.459922
0.459923
0.400419
0.40042
0.40042
0.40042
0.40042
0.400421
0.400421
0.400421
0.400422
0.400422
0.345038
0.345038
0.345038
0.345039
0.345039
0.345039
0.345039
0.345039
0.345039
0.34504
0.293918
0.293918
0.293918
0.293918
0.293918
0.293918
0.293918
0.293919
0.293919
0.293919
0.247175
0.247175
0.247175
0.247175
0.247175
0.247175
0.247175
0.247175
0.247174
0.247174
0.204889
0.204889
0.204889
0.204888
0.204888
0.204888
0.204888
0.204887
0.204887
0.204887
0.167099
0.167099
0.167099
0.167098
0.167098
0.167098
0.167097
0.167097
0.167097
0.167096
0.133802
0.133802
0.133802
0.133801
0.133801
0.1338
0.1338
0.133799
0.133799
0.133798
0.104949
0.104949
0.104949
0.104948
0.104948
0.104947
0.104947
0.104946
0.104945
0.104944
0.0804233
0.080423
0.0804225
0.0804219
0.0804212
0.0804206
0.08042
0.0804193
0.0804187
0.0804174
0.0600135
0.0600132
0.0600127
0.060012
0.0600114
0.0600107
0.0600101
0.0600094
0.0600088
0.0600074
0.0434484
0.0434481
0.0434476
0.043447
0.0434464
0.0434457
0.0434451
0.0434444
0.0434438
0.0434425
0.0304009
0.0304007
0.0304002
0.0303997
0.0303991
0.0303985
0.0303979
0.0303974
0.0303968
0.0303956
0.0204752
0.020475
0.0204746
0.0204742
0.0204737
0.0204732
0.0204727
0.0204723
0.0204718
0.0204708
0.0132143
0.0132141
0.0132138
0.0132135
0.0132132
0.0132128
0.0132124
0.0132121
0.0132117
0.013211
0.00812984
0.00812974
0.00812957
0.00812936
0.00812914
0.00812892
0.0081287
0.00812847
0.00812824
0.00812778
0.00474919
0.00474914
0.00474905
0.00474894
0.00474882
0.0047487
0.00474858
0.00474846
0.00474834
0.00474809
0.00264119
0.00264117
0.00264114
0.0026411
0.00264105
0.00264101
0.00264096
0.00264092
0.00264087
0.00264078
0.00140928
0.00140928
0.00140928
0.00140929
0.00140929
0.0014093
0.0014093
0.00140931
0.00140931
0.00140932
0.000738278
0.000738288
0.000738305
0.000738326
0.000738348
0.00073837
0.000738392
0.000738415
0.000738437
0.000738484
0.000423458
0.000423463
0.000423473
0.000423485
0.000423497
0.00042351
0.000423523
0.000423535
0.000423548
0.000423575
0.000306279
0.000306279
0.00030628
0.00030628
0.000306281
0.000306281
0.000306282
0.000306282
0.000306283
0.000306284
0.000271406
0.000271405
0.000271402
0.000271399
0.000271396
0.000271393
0.00027139
0.000271386
0.000271383
0.000271376
0.00026769
0.000267688
0.000267684
0.00026768
0.000267675
0.000267671
0.000267666
0.000267661
0.000267657
0.000267647
0.000269191
0.000269188
0.000269184
0.000269179
0.000269173
0.000269168
0.000269163
0.000269157
0.000269152
0.00026914
0.000264307
0.000264304
0.0002643
0.000264295
0.000264289
0.000264283
0.000264277
0.000264272
0.000264266
0.000264254
0.000254581
0.000254578
0.000254574
0.000254568
0.000254563
0.000254557
0.000254552
0.000254546
0.00025454
0.000254528
0.000244607
0.000244605
0.000244601
0.000244596
0.000244591
0.000244585
0.00024458
0.000244574
0.000244569
0.000244558
0.00023744
0.000237437
0.000237433
0.000237429
0.000237424
0.000237418
0.000237413
0.000237408
0.000237403
0.000237392
0.000233904
0.000233902
0.000233898
0.000233894
0.000233889
0.000233884
0.000233879
0.000233874
0.000233869
0.000233858
2.25072
2.25072
2.25072
2.25073
2.25072
2.25072
2.25072
2.25072
2.25071
2.25072
2.27198
2.27198
2.27198
2.27198
2.27198
2.27198
2.27199
2.27199
2.27199
2.27199
2.07666
2.07666
2.07666
2.07666
2.07667
2.07667
2.07667
2.07667
2.07668
2.07668
1.93674
1.93674
1.93674
1.93675
1.93675
1.93675
1.93676
1.93676
1.93676
1.93677
1.81934
1.81934
1.81934
1.81934
1.81934
1.81935
1.81935
1.81935
1.81935
1.81936
1.71273
1.71273
1.71273
1.71273
1.71274
1.71274
1.71274
1.71274
1.71275
1.71275
1.61196
1.61196
1.61196
1.61196
1.61197
1.61197
1.61197
1.61197
1.61198
1.61198
1.51473
1.51474
1.51474
1.51474
1.51474
1.51474
1.51475
1.51475
1.51475
1.51476
1.41998
1.41998
1.41998
1.41999
1.41999
1.41999
1.41999
1.41999
1.42
1.42
1.32722
1.32722
1.32722
1.32722
1.32722
1.32722
1.32723
1.32723
1.32723
1.32724
1.23628
1.23628
1.23628
1.23628
1.23629
1.23629
1.23629
1.23629
1.2363
1.2363
1.14719
1.1472
1.1472
1.1472
1.1472
1.1472
1.1472
1.14721
1.14721
1.14721
1.06008
1.06008
1.06008
1.06008
1.06008
1.06009
1.06009
1.06009
1.06009
1.0601
0.975116
0.975116
0.975118
0.975119
0.975121
0.975122
0.975124
0.975126
0.975128
0.975131
0.89252
0.892521
0.892522
0.892523
0.892525
0.892526
0.892528
0.892529
0.892531
0.892534
0.812527
0.812527
0.812528
0.812529
0.812531
0.812532
0.812533
0.812535
0.812536
0.812539
0.735376
0.735376
0.735377
0.735378
0.735379
0.735381
0.735382
0.735383
0.735384
0.735387
0.66131
0.66131
0.661311
0.661312
0.661313
0.661314
0.661315
0.661316
0.661317
0.661319
0.590564
0.590564
0.590565
0.590566
0.590566
0.590567
0.590568
0.590569
0.59057
0.590572
0.523363
0.523363
0.523364
0.523364
0.523365
0.523366
0.523366
0.523367
0.523368
0.523369
0.459918
0.459918
0.459918
0.459919
0.459919
0.459919
0.45992
0.45992
0.459921
0.459922
0.400419
0.400419
0.400419
0.40042
0.40042
0.40042
0.400421
0.400421
0.400421
0.400422
0.345038
0.345038
0.345038
0.345039
0.345039
0.345039
0.345039
0.345039
0.345039
0.34504
0.293919
0.293919
0.293919
0.293919
0.293919
0.293919
0.293919
0.293919
0.293919
0.293919
0.247175
0.247175
0.247175
0.247175
0.247175
0.247175
0.247175
0.247175
0.247174
0.247174
0.204889
0.204889
0.204889
0.204889
0.204888
0.204888
0.204888
0.204888
0.204887
0.204887
0.1671
0.167099
0.167099
0.167099
0.167098
0.167098
0.167098
0.167097
0.167097
0.167096
0.133802
0.133802
0.133801
0.133801
0.1338
0.1338
0.133799
0.133799
0.133798
0.133797
0.104945
0.104945
0.104944
0.104944
0.104943
0.104943
0.104942
0.104941
0.104941
0.10494
0.0804146
0.0804143
0.0804138
0.0804132
0.0804126
0.080412
0.0804113
0.0804107
0.0804101
0.0804088
0.0600078
0.0600075
0.0600069
0.0600063
0.0600057
0.060005
0.0600044
0.0600037
0.0600031
0.0600017
0.0434464
0.0434461
0.0434456
0.043445
0.0434444
0.0434437
0.0434431
0.0434425
0.0434418
0.0434405
0.0304006
0.0304003
0.0303999
0.0303993
0.0303988
0.0303982
0.0303976
0.030397
0.0303964
0.0303952
0.020476
0.0204758
0.0204754
0.020475
0.0204745
0.020474
0.0204736
0.0204731
0.0204726
0.0204716
0.0132163
0.0132162
0.0132159
0.0132156
0.0132152
0.0132149
0.0132145
0.0132141
0.0132138
0.0132131
0.00813271
0.00813262
0.00813244
0.00813223
0.00813201
0.00813179
0.00813157
0.00813134
0.00813111
0.00813065
0.00475161
0.00475156
0.00475146
0.00475135
0.00475124
0.00475112
0.004751
0.00475088
0.00475076
0.00475051
0.00264255
0.00264253
0.0026425
0.00264245
0.00264241
0.00264236
0.00264232
0.00264227
0.00264223
0.00264213
0.00140969
0.00140969
0.00140969
0.0014097
0.0014097
0.00140971
0.00140971
0.00140971
0.00140972
0.00140973
0.000738325
0.000738335
0.000738352
0.000738373
0.000738395
0.000738417
0.000738439
0.000738461
0.000738483
0.000738529
0.000423439
0.000423445
0.000423455
0.000423466
0.000423479
0.000423491
0.000423504
0.000423517
0.000423529
0.000423556
0.000306319
0.00030632
0.00030632
0.000306321
0.000306321
0.000306322
0.000306323
0.000306323
0.000306324
0.000306325
0.000271481
0.000271479
0.000271477
0.000271474
0.00027147
0.000271467
0.000271464
0.000271461
0.000271457
0.000271451
0.000267702
0.0002677
0.000267696
0.000267692
0.000267687
0.000267683
0.000267678
0.000267673
0.000267668
0.000267659
0.000269184
0.000269182
0.000269178
0.000269173
0.000269167
0.000269162
0.000269156
0.000269151
0.000269145
0.000269134
0.000264289
0.000264287
0.000264282
0.000264277
0.000264271
0.000264265
0.00026426
0.000264254
0.000264248
0.000264236
0.000254574
0.000254571
0.000254567
0.000254562
0.000254556
0.000254551
0.000254545
0.000254539
0.000254534
0.000254522
0.000244609
0.000244606
0.000244602
0.000244597
0.000244592
0.000244586
0.000244581
0.000244576
0.00024457
0.000244559
0.000237443
0.000237441
0.000237437
0.000237432
0.000237427
0.000237422
0.000237417
0.000237412
0.000237407
0.000237396
0.000233906
0.000233904
0.0002339
0.000233896
0.000233891
0.000233886
0.000233881
0.000233876
0.000233871
0.00023386
2.25071
2.25071
2.25072
2.25072
2.25072
2.25072
2.25071
2.25071
2.25071
2.25071
2.27197
2.27197
2.27197
2.27197
2.27198
2.27198
2.27198
2.27198
2.27198
2.27199
2.07665
2.07665
2.07665
2.07666
2.07666
2.07666
2.07666
2.07667
2.07667
2.07668
1.93673
1.93673
1.93674
1.93674
1.93674
1.93674
1.93675
1.93675
1.93675
1.93676
1.81933
1.81933
1.81933
1.81933
1.81934
1.81934
1.81934
1.81934
1.81935
1.81935
1.71272
1.71272
1.71272
1.71273
1.71273
1.71273
1.71274
1.71274
1.71274
1.71275
1.61195
1.61195
1.61195
1.61196
1.61196
1.61196
1.61196
1.61197
1.61197
1.61197
1.51473
1.51473
1.51473
1.51473
1.51474
1.51474
1.51474
1.51474
1.51475
1.51475
1.41997
1.41998
1.41998
1.41998
1.41998
1.41998
1.41999
1.41999
1.41999
1.41999
1.32721
1.32721
1.32721
1.32721
1.32722
1.32722
1.32722
1.32722
1.32722
1.32723
1.23628
1.23628
1.23628
1.23628
1.23628
1.23628
1.23629
1.23629
1.23629
1.23629
1.14719
1.14719
1.14719
1.14719
1.1472
1.1472
1.1472
1.1472
1.1472
1.14721
1.06007
1.06008
1.06008
1.06008
1.06008
1.06008
1.06008
1.06009
1.06009
1.06009
0.975112
0.975112
0.975113
0.975115
0.975117
0.975118
0.97512
0.975122
0.975123
0.975126
0.892516
0.892517
0.892518
0.89252
0.892521
0.892523
0.892524
0.892526
0.892527
0.89253
0.812523
0.812524
0.812525
0.812526
0.812527
0.812529
0.81253
0.812531
0.812533
0.812535
0.735373
0.735374
0.735375
0.735376
0.735377
0.735378
0.735379
0.73538
0.735381
0.735384
0.661308
0.661308
0.661309
0.66131
0.661311
0.661312
0.661313
0.661314
0.661315
0.661317
0.590562
0.590563
0.590563
0.590564
0.590565
0.590566
0.590566
0.590567
0.590568
0.59057
0.523362
0.523362
0.523363
0.523363
0.523364
0.523365
0.523365
0.523366
0.523367
0.523368
0.459917
0.459917
0.459917
0.459918
0.459918
0.459919
0.459919
0.45992
0.45992
0.459921
0.400419
0.400419
0.400419
0.400419
0.40042
0.40042
0.400421
0.400421
0.400421
0.400422
0.345038
0.345038
0.345038
0.345038
0.345039
0.345039
0.345039
0.345039
0.345039
0.34504
0.293919
0.293919
0.293919
0.293919
0.293919
0.293919
0.293919
0.293919
0.293919
0.293919
0.247175
0.247175
0.247175
0.247175
0.247175
0.247175
0.247175
0.247175
0.247174
0.247174
0.204889
0.204889
0.204889
0.204888
0.204888
0.204888
0.204888
0.204888
0.204887
0.204887
0.1671
0.1671
0.167099
0.167099
0.167099
0.167098
0.167098
0.167097
0.167097
0.167096
0.133801
0.133801
0.133801
0.1338
0.1338
0.133799
0.133799
0.133798
0.133798
0.133797
0.104941
0.104941
0.104941
0.10494
0.10494
0.104939
0.104938
0.104938
0.104937
0.104936
0.0804066
0.0804063
0.0804058
0.0804052
0.0804046
0.080404
0.0804034
0.0804027
0.0804021
0.0804008
0.0600004
0.0600001
0.0599996
0.059999
0.0599983
0.0599977
0.059997
0.0599964
0.0599957
0.0599944
0.0434434
0.0434432
0.0434427
0.0434421
0.0434414
0.0434408
0.0434402
0.0434395
0.0434389
0.0434376
0.0304007
0.0304005
0.0304
0.0303995
0.0303989
0.0303983
0.0303977
0.0303971
0.0303965
0.0303953
0.0204777
0.0204775
0.0204772
0.0204767
0.0204762
0.0204758
0.0204753
0.0204748
0.0204743
0.0204733
0.0132195
0.0132193
0.013219
0.0132187
0.0132184
0.013218
0.0132177
0.0132173
0.013217
0.0132162
0.0081358
0.0081357
0.00813553
0.00813532
0.0081351
0.00813488
0.00813465
0.00813443
0.0081342
0.00813374
0.004754
0.00475395
0.00475386
0.00475375
0.00475363
0.00475351
0.00475339
0.00475327
0.00475315
0.0047529
0.00264361
0.00264359
0.00264355
0.00264351
0.00264347
0.00264342
0.00264337
0.00264333
0.00264328
0.00264319
0.00140989
0.00140989
0.0014099
0.0014099
0.0014099
0.00140991
0.00140991
0.00140992
0.00140992
0.00140993
0.000738337
0.000738347
0.000738364
0.000738384
0.000738406
0.000738428
0.00073845
0.000738472
0.000738494
0.000738539
0.00042347
0.000423475
0.000423485
0.000423497
0.000423509
0.000423522
0.000423534
0.000423547
0.00042356
0.000423586
0.000306424
0.000306424
0.000306424
0.000306425
0.000306426
0.000306426
0.000306427
0.000306428
0.000306428
0.00030643
0.000271558
0.000271556
0.000271554
0.000271551
0.000271547
0.000271544
0.000271541
0.000271538
0.000271534
0.000271528
0.000267692
0.00026769
0.000267686
0.000267682
0.000267677
0.000267673
0.000267668
0.000267664
0.000267659
0.000267649
0.000269154
0.000269152
0.000269147
0.000269142
0.000269137
0.000269132
0.000269126
0.000269121
0.000269115
0.000269104
0.000264289
0.000264286
0.000264282
0.000264276
0.000264271
0.000264265
0.000264259
0.000264254
0.000264248
0.000264236
0.00025459
0.000254588
0.000254584
0.000254578
0.000254573
0.000254567
0.000254562
0.000254556
0.00025455
0.000254539
0.000244629
0.000244627
0.000244622
0.000244617
0.000244612
0.000244607
0.000244601
0.000244596
0.000244591
0.000244579
0.000237459
0.000237457
0.000237453
0.000237448
0.000237443
0.000237438
0.000237433
0.000237428
0.000237422
0.000237412
0.000233917
0.000233915
0.000233911
0.000233906
0.000233902
0.000233897
0.000233892
0.000233887
0.000233882
0.000233871
2.25071
2.25071
2.25071
2.25071
2.25071
2.25071
2.25071
2.25071
2.2507
2.2507
2.27196
2.27196
2.27196
2.27197
2.27197
2.27197
2.27197
2.27197
2.27198
2.27199
2.07664
2.07664
2.07665
2.07665
2.07665
2.07665
2.07666
2.07666
2.07667
2.07668
1.93673
1.93673
1.93673
1.93673
1.93673
1.93674
1.93674
1.93674
1.93675
1.93676
1.81932
1.81932
1.81932
1.81933
1.81933
1.81933
1.81933
1.81934
1.81934
1.81935
1.71271
1.71272
1.71272
1.71272
1.71272
1.71273
1.71273
1.71273
1.71273
1.71274
1.61194
1.61195
1.61195
1.61195
1.61195
1.61195
1.61196
1.61196
1.61196
1.61197
1.51472
1.51472
1.51472
1.51473
1.51473
1.51473
1.51473
1.51474
1.51474
1.51475
1.41997
1.41997
1.41997
1.41997
1.41997
1.41998
1.41998
1.41998
1.41998
1.41999
1.3272
1.3272
1.32721
1.32721
1.32721
1.32721
1.32721
1.32722
1.32722
1.32722
1.23627
1.23627
1.23627
1.23627
1.23628
1.23628
1.23628
1.23628
1.23628
1.23629
1.14718
1.14719
1.14719
1.14719
1.14719
1.14719
1.14719
1.1472
1.1472
1.1472
1.06007
1.06007
1.06007
1.06007
1.06008
1.06008
1.06008
1.06008
1.06008
1.06009
0.975108
0.975108
0.975109
0.975111
0.975112
0.975114
0.975116
0.975117
0.975119
0.975122
0.892513
0.892514
0.892515
0.892516
0.892517
0.892519
0.89252
0.892522
0.892523
0.892526
0.81252
0.812521
0.812522
0.812523
0.812524
0.812526
0.812527
0.812528
0.812529
0.812532
0.735371
0.735371
0.735372
0.735373
0.735374
0.735375
0.735377
0.735378
0.735379
0.735381
0.661306
0.661306
0.661307
0.661308
0.661309
0.66131
0.661311
0.661312
0.661313
0.661315
0.590561
0.590561
0.590562
0.590562
0.590563
0.590564
0.590565
0.590566
0.590567
0.590568
0.523361
0.523361
0.523362
0.523362
0.523363
0.523364
0.523364
0.523365
0.523366
0.523367
0.459916
0.459917
0.459917
0.459917
0.459918
0.459918
0.459919
0.459919
0.45992
0.459921
0.400419
0.400419
0.400419
0.400419
0.40042
0.40042
0.40042
0.400421
0.400421
0.400422
0.345039
0.345039
0.345039
0.345039
0.345039
0.345039
0.345039
0.34504
0.34504
0.34504
0.293919
0.293919
0.293919
0.293919
0.293919
0.293919
0.293919
0.293919
0.29392
0.29392
0.247176
0.247176
0.247176
0.247176
0.247176
0.247176
0.247176
0.247175
0.247175
0.247175
0.20489
0.20489
0.20489
0.204889
0.204889
0.204889
0.204889
0.204888
0.204888
0.204888
0.167101
0.167101
0.1671
0.1671
0.1671
0.167099
0.167099
0.167099
0.167098
0.167098
0.133802
0.133802
0.133802
0.133801
0.133801
0.1338
0.1338
0.133799
0.133799
0.133798
0.10494
0.10494
0.104939
0.104939
0.104938
0.104938
0.104937
0.104937
0.104936
0.104935
0.0804022
0.0804019
0.0804014
0.0804008
0.0804002
0.0803996
0.080399
0.0803983
0.0803977
0.0803964
0.0599949
0.0599946
0.0599941
0.0599935
0.0599928
0.0599922
0.0599915
0.0599909
0.0599902
0.0599889
0.0434411
0.0434408
0.0434403
0.0434397
0.0434391
0.0434385
0.0434378
0.0434372
0.0434366
0.0434352
0.0304015
0.0304013
0.0304008
0.0304003
0.0303997
0.0303991
0.0303985
0.030398
0.0303974
0.0303962
0.0204808
0.0204806
0.0204802
0.0204798
0.0204793
0.0204789
0.0204784
0.0204779
0.0204774
0.0204764
0.0132241
0.0132239
0.0132236
0.0132233
0.013223
0.0132226
0.0132223
0.0132219
0.0132216
0.0132208
0.00814021
0.00814011
0.00813994
0.00813973
0.00813951
0.00813929
0.00813907
0.00813884
0.00813862
0.00813815
0.00475635
0.0047563
0.0047562
0.00475609
0.00475598
0.00475586
0.00475574
0.00475562
0.00475549
0.00475524
0.00264425
0.00264423
0.0026442
0.00264415
0.00264411
0.00264406
0.00264402
0.00264397
0.00264392
0.00264382
0.00140992
0.00140993
0.00140993
0.00140993
0.00140994
0.00140994
0.00140994
0.00140995
0.00140995
0.00140996
0.000738155
0.000738165
0.000738182
0.000738202
0.000738223
0.000738244
0.000738265
0.000738287
0.000738309
0.000738354
0.000423453
0.000423458
0.000423468
0.00042348
0.000423492
0.000423504
0.000423517
0.000423529
0.000423542
0.000423568
0.000306506
0.000306507
0.000306507
0.000306508
0.000306508
0.000306509
0.000306509
0.00030651
0.000306511
0.000306512
0.00027162
0.000271619
0.000271616
0.000271613
0.00027161
0.000271607
0.000271604
0.0002716
0.000271597
0.00027159
0.000267686
0.000267684
0.000267681
0.000267676
0.000267672
0.000267667
0.000267663
0.000267658
0.000267653
0.000267644
0.000269149
0.000269147
0.000269142
0.000269137
0.000269132
0.000269126
0.000269121
0.000269116
0.00026911
0.000269099
0.000264313
0.00026431
0.000264306
0.000264301
0.000264295
0.000264289
0.000264284
0.000264278
0.000264272
0.00026426
0.000254629
0.000254627
0.000254623
0.000254617
0.000254612
0.000254606
0.000254601
0.000254595
0.000254589
0.000254578
0.00024466
0.000244658
0.000244654
0.000244649
0.000244644
0.000244638
0.000244633
0.000244627
0.000244622
0.000244611
0.000237479
0.000237477
0.000237473
0.000237468
0.000237463
0.000237458
0.000237453
0.000237447
0.000237442
0.000237432
0.00023393
0.000233928
0.000233924
0.000233919
0.000233914
0.000233909
0.000233904
0.000233899
0.000233894
0.000233884
2.2507
2.25071
2.25071
2.25071
2.25071
2.25071
2.2507
2.2507
2.2507
2.2507
2.27195
2.27196
2.27196
2.27196
2.27196
2.27196
2.27197
2.27197
2.27198
2.27199
2.07663
2.07664
2.07664
2.07664
2.07664
2.07665
2.07665
2.07666
2.07666
2.07668
1.93672
1.93672
1.93672
1.93672
1.93673
1.93673
1.93673
1.93674
1.93675
1.93676
1.81931
1.81931
1.81932
1.81932
1.81932
1.81932
1.81933
1.81933
1.81934
1.81935
1.71271
1.71271
1.71271
1.71271
1.71272
1.71272
1.71272
1.71273
1.71273
1.71274
1.61194
1.61194
1.61194
1.61194
1.61195
1.61195
1.61195
1.61196
1.61196
1.61197
1.51472
1.51472
1.51472
1.51472
1.51472
1.51473
1.51473
1.51473
1.51474
1.51474
1.41996
1.41996
1.41996
1.41997
1.41997
1.41997
1.41997
1.41998
1.41998
1.41999
1.3272
1.3272
1.3272
1.3272
1.3272
1.32721
1.32721
1.32721
1.32722
1.32722
1.23626
1.23627
1.23627
1.23627
1.23627
1.23627
1.23627
1.23628
1.23628
1.23629
1.14718
1.14718
1.14718
1.14718
1.14719
1.14719
1.14719
1.14719
1.14719
1.1472
1.06007
1.06007
1.06007
1.06007
1.06007
1.06007
1.06007
1.06008
1.06008
1.06008
0.975104
0.975104
0.975105
0.975107
0.975108
0.97511
0.975112
0.975113
0.975115
0.975119
0.89251
0.89251
0.892511
0.892513
0.892514
0.892515
0.892517
0.892518
0.89252
0.892523
0.812517
0.812518
0.812519
0.81252
0.812521
0.812522
0.812524
0.812525
0.812527
0.81253
0.735368
0.735369
0.73537
0.735371
0.735372
0.735373
0.735374
0.735375
0.735376
0.735379
0.661304
0.661304
0.661305
0.661306
0.661307
0.661308
0.661309
0.66131
0.661311
0.661313
0.590559
0.59056
0.59056
0.590561
0.590562
0.590563
0.590563
0.590564
0.590565
0.590567
0.52336
0.52336
0.523361
0.523361
0.523362
0.523363
0.523363
0.523364
0.523365
0.523366
0.459916
0.459916
0.459916
0.459917
0.459917
0.459918
0.459918
0.459919
0.459919
0.45992
0.400419
0.400419
0.400419
0.400419
0.40042
0.40042
0.40042
0.400421
0.400421
0.400422
0.345039
0.345039
0.345039
0.345039
0.345039
0.345039
0.34504
0.34504
0.34504
0.345041
0.29392
0.29392
0.29392
0.29392
0.29392
0.29392
0.29392
0.29392
0.29392
0.29392
0.247177
0.247177
0.247177
0.247176
0.247176
0.247176
0.247176
0.247176
0.247176
0.247176
0.20489
0.20489
0.20489
0.20489
0.20489
0.204889
0.204889
0.204889
0.204889
0.204888
0.167102
0.167101
0.167101
0.167101
0.1671
0.1671
0.1671
0.167099
0.167099
0.167098
0.133803
0.133803
0.133802
0.133802
0.133801
0.133801
0.1338
0.1338
0.133799
0.133799
0.104939
0.104938
0.104938
0.104937
0.104937
0.104936
0.104936
0.104935
0.104934
0.104933
0.0803972
0.0803969
0.0803964
0.0803958
0.0803952
0.0803945
0.0803939
0.0803933
0.0803927
0.0803914
0.0599888
0.0599885
0.059988
0.0599874
0.0599868
0.0599861
0.0599855
0.0599848
0.0599842
0.0599828
0.043438
0.0434378
0.0434373
0.0434367
0.043436
0.0434354
0.0434348
0.0434341
0.0434335
0.0434322
0.0304025
0.0304022
0.0304018
0.0304013
0.0304007
0.0304001
0.0303995
0.0303989
0.0303984
0.0303972
0.0204848
0.0204846
0.0204842
0.0204838
0.0204833
0.0204829
0.0204824
0.0204819
0.0204814
0.0204804
0.0132292
0.0132291
0.0132288
0.0132285
0.0132281
0.0132278
0.0132274
0.0132271
0.0132267
0.013226
0.00814401
0.00814392
0.00814374
0.00814354
0.00814332
0.0081431
0.00814287
0.00814265
0.00814242
0.00814196
0.00475781
0.00475776
0.00475767
0.00475756
0.00475744
0.00475732
0.0047572
0.00475708
0.00475696
0.00475671
0.00264445
0.00264443
0.00264439
0.00264435
0.0026443
0.00264426
0.00264421
0.00264416
0.00264412
0.00264402
0.00140958
0.00140958
0.00140958
0.00140958
0.00140959
0.00140959
0.00140959
0.0014096
0.0014096
0.00140961
0.000737879
0.000737889
0.000737905
0.000737926
0.000737947
0.000737968
0.00073799
0.000738012
0.000738033
0.000738079
0.000423415
0.00042342
0.00042343
0.000423441
0.000423453
0.000423466
0.000423478
0.000423491
0.000423503
0.000423529
0.000306557
0.000306557
0.000306558
0.000306558
0.000306559
0.000306559
0.00030656
0.00030656
0.000306561
0.000306562
0.000271664
0.000271662
0.00027166
0.000271657
0.000271653
0.00027165
0.000271647
0.000271644
0.00027164
0.000271633
0.000267699
0.000267697
0.000267693
0.000267689
0.000267684
0.00026768
0.000267675
0.000267671
0.000267666
0.000267656
0.000269176
0.000269173
0.000269169
0.000269164
0.000269159
0.000269153
0.000269148
0.000269143
0.000269137
0.000269126
0.000264359
0.000264356
0.000264352
0.000264346
0.000264341
0.000264335
0.000264329
0.000264324
0.000264318
0.000264306
0.000254666
0.000254663
0.000254659
0.000254654
0.000254648
0.000254642
0.000254637
0.000254631
0.000254625
0.000254614
0.000244685
0.000244683
0.000244678
0.000244673
0.000244668
0.000244663
0.000244657
0.000244652
0.000244647
0.000244635
0.000237495
0.000237492
0.000237488
0.000237484
0.000237479
0.000237474
0.000237468
0.000237463
0.000237458
0.000237447
0.00023394
0.000233938
0.000233934
0.00023393
0.000233925
0.00023392
0.000233915
0.00023391
0.000233905
0.000233894
2.2507
2.2507
2.2507
2.25071
2.2507
2.2507
2.2507
2.2507
2.25069
2.2507
2.27195
2.27195
2.27195
2.27195
2.27196
2.27196
2.27196
2.27197
2.27198
2.27199
2.07663
2.07663
2.07663
2.07663
2.07664
2.07664
2.07665
2.07666
2.07666
2.07668
1.93671
1.93671
1.93671
1.93672
1.93672
1.93673
1.93673
1.93674
1.93675
1.93676
1.81931
1.81931
1.81931
1.81931
1.81932
1.81932
1.81933
1.81933
1.81934
1.81935
1.7127
1.7127
1.7127
1.71271
1.71271
1.71271
1.71272
1.71273
1.71273
1.71274
1.61193
1.61193
1.61193
1.61194
1.61194
1.61194
1.61195
1.61195
1.61196
1.61197
1.51471
1.51471
1.51471
1.51471
1.51472
1.51472
1.51473
1.51473
1.51474
1.51474
1.41996
1.41996
1.41996
1.41996
1.41996
1.41997
1.41997
1.41998
1.41998
1.41999
1.32719
1.32719
1.3272
1.3272
1.3272
1.3272
1.32721
1.32721
1.32721
1.32722
1.23626
1.23626
1.23626
1.23626
1.23627
1.23627
1.23627
1.23627
1.23628
1.23629
1.14717
1.14718
1.14718
1.14718
1.14718
1.14718
1.14719
1.14719
1.14719
1.1472
1.06006
1.06006
1.06006
1.06006
1.06007
1.06007
1.06007
1.06007
1.06008
1.06008
0.9751
0.9751
0.975102
0.975103
0.975105
0.975107
0.975109
0.975111
0.975113
0.975118
0.892506
0.892507
0.892508
0.892509
0.892511
0.892512
0.892514
0.892516
0.892518
0.892522
0.812514
0.812515
0.812516
0.812517
0.812518
0.81252
0.812521
0.812523
0.812525
0.812528
0.735366
0.735366
0.735367
0.735368
0.735369
0.73537
0.735372
0.735373
0.735375
0.735378
0.661302
0.661302
0.661303
0.661304
0.661305
0.661306
0.661307
0.661308
0.661309
0.661312
0.590558
0.590558
0.590559
0.59056
0.59056
0.590561
0.590562
0.590563
0.590564
0.590566
0.523359
0.523359
0.52336
0.52336
0.523361
0.523362
0.523362
0.523363
0.523364
0.523365
0.459915
0.459916
0.459916
0.459916
0.459917
0.459917
0.459918
0.459918
0.459919
0.45992
0.400419
0.400419
0.400419
0.40042
0.40042
0.40042
0.400421
0.400421
0.400421
0.400422
0.345039
0.345039
0.345039
0.34504
0.34504
0.34504
0.34504
0.34504
0.345041
0.345041
0.293921
0.293921
0.293921
0.293921
0.293921
0.293921
0.293921
0.293921
0.293921
0.293921
0.247178
0.247178
0.247178
0.247178
0.247177
0.247177
0.247177
0.247177
0.247177
0.247177
0.204892
0.204891
0.204891
0.204891
0.204891
0.20489
0.20489
0.20489
0.20489
0.204889
0.167103
0.167103
0.167103
0.167102
0.167102
0.167101
0.167101
0.167101
0.1671
0.1671
0.133805
0.133805
0.133805
0.133804
0.133804
0.133803
0.133803
0.133802
0.133802
0.133801
0.10494
0.104939
0.104939
0.104938
0.104938
0.104937
0.104937
0.104936
0.104936
0.104935
0.0803949
0.0803946
0.0803941
0.0803935
0.0803929
0.0803923
0.0803917
0.0803911
0.0803904
0.0803892
0.0599847
0.0599844
0.0599839
0.0599833
0.0599826
0.059982
0.0599813
0.0599807
0.0599801
0.0599787
0.0434358
0.0434355
0.043435
0.0434344
0.0434338
0.0434331
0.0434325
0.0434319
0.0434312
0.0434299
0.0304041
0.0304039
0.0304034
0.0304029
0.0304023
0.0304017
0.0304012
0.0304006
0.0304
0.0303988
0.0204897
0.0204895
0.0204891
0.0204887
0.0204882
0.0204878
0.0204873
0.0204868
0.0204863
0.0204853
0.0132351
0.0132349
0.0132346
0.0132343
0.013234
0.0132336
0.0132333
0.0132329
0.0132326
0.0132318
0.00814789
0.0081478
0.00814762
0.00814742
0.0081472
0.00814698
0.00814675
0.00814653
0.0081463
0.00814584
0.00475858
0.00475852
0.00475843
0.00475832
0.0047582
0.00475808
0.00475796
0.00475784
0.00475772
0.00475747
0.00264448
0.00264446
0.00264443
0.00264438
0.00264434
0.00264429
0.00264425
0.0026442
0.00264415
0.00264406
0.00140932
0.00140933
0.00140933
0.00140933
0.00140934
0.00140934
0.00140934
0.00140935
0.00140935
0.00140936
0.000737709
0.000737718
0.000737735
0.000737756
0.000737777
0.000737799
0.000737821
0.000737842
0.000737864
0.00073791
0.000423363
0.000423368
0.000423378
0.000423389
0.000423401
0.000423414
0.000423426
0.000423439
0.000423451
0.000423477
0.000306576
0.000306576
0.000306577
0.000306577
0.000306578
0.000306578
0.000306579
0.000306579
0.00030658
0.000306581
0.000271691
0.000271689
0.000271687
0.000271684
0.00027168
0.000271677
0.000271674
0.00027167
0.000271667
0.00027166
0.000267731
0.000267729
0.000267725
0.000267721
0.000267716
0.000267712
0.000267707
0.000267703
0.000267698
0.000267688
0.000269213
0.000269211
0.000269206
0.000269201
0.000269196
0.000269191
0.000269185
0.00026918
0.000269174
0.000269163
0.000264388
0.000264385
0.000264381
0.000264376
0.00026437
0.000264364
0.000264359
0.000264353
0.000264347
0.000264335
0.00025469
0.000254687
0.000254683
0.000254678
0.000254672
0.000254667
0.000254661
0.000254655
0.00025465
0.000254638
0.000244704
0.000244701
0.000244697
0.000244692
0.000244687
0.000244682
0.000244676
0.000244671
0.000244665
0.000244654
0.000237508
0.000237506
0.000237502
0.000237497
0.000237492
0.000237487
0.000237482
0.000237476
0.000237471
0.000237461
0.00023395
0.000233948
0.000233944
0.000233939
0.000233934
0.000233929
0.000233924
0.000233919
0.000233914
0.000233904
2.2507
2.2507
2.2507
2.2507
2.2507
2.2507
2.25069
2.25069
2.25069
2.25069
2.27194
2.27194
2.27194
2.27195
2.27195
2.27196
2.27196
2.27197
2.27198
2.27199
2.07662
2.07662
2.07662
2.07663
2.07663
2.07664
2.07665
2.07666
2.07667
2.07668
1.9367
1.9367
1.93671
1.93671
1.93672
1.93673
1.93673
1.93674
1.93675
1.93676
1.8193
1.8193
1.8193
1.81931
1.81931
1.81932
1.81933
1.81933
1.81934
1.81935
1.71269
1.71269
1.7127
1.7127
1.71271
1.71271
1.71272
1.71273
1.71273
1.71274
1.61192
1.61193
1.61193
1.61193
1.61194
1.61194
1.61195
1.61195
1.61196
1.61197
1.5147
1.5147
1.51471
1.51471
1.51471
1.51472
1.51472
1.51473
1.51474
1.51474
1.41995
1.41995
1.41995
1.41996
1.41996
1.41997
1.41997
1.41998
1.41998
1.41999
1.32719
1.32719
1.32719
1.32719
1.3272
1.3272
1.32721
1.32721
1.32721
1.32722
1.23625
1.23626
1.23626
1.23626
1.23626
1.23627
1.23627
1.23627
1.23628
1.23629
1.14717
1.14717
1.14717
1.14718
1.14718
1.14718
1.14718
1.14719
1.14719
1.1472
1.06006
1.06006
1.06006
1.06006
1.06006
1.06007
1.06007
1.06007
1.06008
1.06008
0.975096
0.975097
0.975098
0.9751
0.975102
0.975105
0.975107
0.97511
0.975113
0.975118
0.892503
0.892504
0.892505
0.892506
0.892508
0.89251
0.892513
0.892515
0.892517
0.892522
0.812512
0.812512
0.812513
0.812515
0.812516
0.812518
0.81252
0.812522
0.812524
0.812528
0.735364
0.735364
0.735365
0.735366
0.735367
0.735369
0.735371
0.735372
0.735374
0.735377
0.6613
0.661301
0.661301
0.661302
0.661303
0.661304
0.661306
0.661307
0.661309
0.661311
0.590557
0.590557
0.590558
0.590558
0.590559
0.59056
0.590561
0.590562
0.590563
0.590565
0.523358
0.523358
0.523359
0.523359
0.52336
0.523361
0.523362
0.523362
0.523363
0.523365
0.459915
0.459915
0.459915
0.459916
0.459916
0.459917
0.459917
0.459918
0.459919
0.45992
0.400419
0.400419
0.400419
0.400419
0.40042
0.40042
0.40042
0.400421
0.400421
0.400422
0.34504
0.34504
0.34504
0.34504
0.34504
0.34504
0.34504
0.345041
0.345041
0.345041
0.293921
0.293921
0.293921
0.293921
0.293921
0.293921
0.293921
0.293921
0.293922
0.293922
0.247179
0.247179
0.247179
0.247178
0.247178
0.247178
0.247178
0.247178
0.247178
0.247178
0.204892
0.204892
0.204892
0.204892
0.204892
0.204891
0.204891
0.204891
0.204891
0.20489
0.167104
0.167104
0.167104
0.167103
0.167103
0.167102
0.167102
0.167102
0.167101
0.167101
0.133808
0.133807
0.133807
0.133806
0.133806
0.133806
0.133805
0.133805
0.133804
0.133803
0.104942
0.104941
0.104941
0.10494
0.10494
0.104939
0.104939
0.104938
0.104938
0.104936
0.0803935
0.0803933
0.0803928
0.0803922
0.0803915
0.0803909
0.0803903
0.0803897
0.0803891
0.0803878
0.0599797
0.0599794
0.0599789
0.0599783
0.0599776
0.059977
0.0599763
0.0599757
0.0599751
0.0599737
0.0434329
0.0434326
0.0434321
0.0434315
0.0434309
0.0434302
0.0434296
0.043429
0.0434283
0.043427
0.0304054
0.0304051
0.0304047
0.0304041
0.0304036
0.030403
0.0304024
0.0304019
0.0304013
0.0304001
0.0204944
0.0204942
0.0204938
0.0204933
0.0204929
0.0204924
0.0204919
0.0204914
0.020491
0.02049
0.0132399
0.0132397
0.0132394
0.0132391
0.0132388
0.0132384
0.0132381
0.0132377
0.0132374
0.0132366
0.00814972
0.00814962
0.00814945
0.00814924
0.00814903
0.0081488
0.00814858
0.00814836
0.00814813
0.00814767
0.00475855
0.0047585
0.00475841
0.0047583
0.00475818
0.00475806
0.00475794
0.00475782
0.0047577
0.00475745
0.00264415
0.00264413
0.0026441
0.00264405
0.00264401
0.00264396
0.00264392
0.00264387
0.00264383
0.00264373
0.00140916
0.00140916
0.00140916
0.00140917
0.00140917
0.00140918
0.00140918
0.00140919
0.00140919
0.0014092
0.000737612
0.000737622
0.000737639
0.000737659
0.000737681
0.000737702
0.000737724
0.000737746
0.000737769
0.000737814
0.00042333
0.000423335
0.000423345
0.000423356
0.000423369
0.000423381
0.000423393
0.000423406
0.000423419
0.000423445
0.000306584
0.000306584
0.000306585
0.000306585
0.000306586
0.000306586
0.000306586
0.000306587
0.000306587
0.000306589
0.000271706
0.000271705
0.000271702
0.000271699
0.000271696
0.000271693
0.000271689
0.000271686
0.000271683
0.000271676
0.000267751
0.000267749
0.000267746
0.000267741
0.000267737
0.000267732
0.000267728
0.000267723
0.000267718
0.000267709
0.000269234
0.000269232
0.000269228
0.000269223
0.000269218
0.000269212
0.000269207
0.000269201
0.000269196
0.000269185
0.000264408
0.000264406
0.000264401
0.000264396
0.00026439
0.000264385
0.000264379
0.000264373
0.000264367
0.000264356
0.000254709
0.000254706
0.000254702
0.000254697
0.000254691
0.000254686
0.00025468
0.000254674
0.000254669
0.000254657
0.00024472
0.000244718
0.000244713
0.000244708
0.000244703
0.000244698
0.000244692
0.000244687
0.000244682
0.00024467
0.00023752
0.000237518
0.000237514
0.000237509
0.000237504
0.000237499
0.000237494
0.000237489
0.000237483
0.000237473
0.000233959
0.000233957
0.000233953
0.000233948
0.000233943
0.000233938
0.000233933
0.000233928
0.000233923
0.000233913
2.25069
2.2507
2.2507
2.2507
2.2507
2.2507
2.25069
2.25069
2.25069
2.25069
2.27193
2.27193
2.27194
2.27194
2.27195
2.27196
2.27196
2.27197
2.27198
2.27199
2.07661
2.07661
2.07662
2.07663
2.07663
2.07664
2.07665
2.07666
2.07667
2.07668
1.93669
1.9367
1.9367
1.93671
1.93672
1.93673
1.93673
1.93674
1.93675
1.93677
1.81929
1.81929
1.8193
1.8193
1.81931
1.81932
1.81933
1.81934
1.81934
1.81936
1.71269
1.71269
1.71269
1.7127
1.71271
1.71271
1.71272
1.71273
1.71273
1.71275
1.61192
1.61192
1.61193
1.61193
1.61194
1.61194
1.61195
1.61195
1.61196
1.61197
1.5147
1.5147
1.5147
1.51471
1.51471
1.51472
1.51472
1.51473
1.51474
1.51475
1.41995
1.41995
1.41995
1.41996
1.41996
1.41996
1.41997
1.41998
1.41998
1.41999
1.32718
1.32718
1.32719
1.32719
1.3272
1.3272
1.3272
1.32721
1.32721
1.32722
1.23625
1.23625
1.23625
1.23626
1.23626
1.23627
1.23627
1.23627
1.23628
1.23629
1.14717
1.14717
1.14717
1.14717
1.14718
1.14718
1.14718
1.14719
1.14719
1.1472
1.06005
1.06005
1.06006
1.06006
1.06006
1.06007
1.06007
1.06007
1.06008
1.06008
0.975093
0.975094
0.975096
0.975099
0.975101
0.975104
0.975107
0.97511
0.975113
0.975118
0.8925
0.892501
0.892503
0.892505
0.892508
0.89251
0.892512
0.892515
0.892517
0.892522
0.812509
0.81251
0.812512
0.812513
0.812516
0.812518
0.81252
0.812522
0.812524
0.812528
0.735362
0.735362
0.735364
0.735365
0.735367
0.735368
0.73537
0.735372
0.735374
0.735377
0.661299
0.661299
0.6613
0.661301
0.661303
0.661304
0.661306
0.661307
0.661308
0.661311
0.590555
0.590556
0.590557
0.590558
0.590559
0.59056
0.590561
0.590562
0.590563
0.590565
0.523357
0.523358
0.523358
0.523359
0.52336
0.523361
0.523361
0.523362
0.523363
0.523365
0.459914
0.459915
0.459915
0.459915
0.459916
0.459917
0.459917
0.459918
0.459919
0.45992
0.400419
0.400419
0.400419
0.400419
0.40042
0.40042
0.40042
0.400421
0.400421
0.400422
0.34504
0.34504
0.34504
0.34504
0.34504
0.34504
0.345041
0.345041
0.345041
0.345042
0.293922
0.293922
0.293922
0.293922
0.293922
0.293922
0.293922
0.293922
0.293922
0.293922
0.247179
0.247179
0.247179
0.247179
0.247179
0.247179
0.247179
0.247179
0.247179
0.247178
0.204893
0.204893
0.204893
0.204893
0.204892
0.204892
0.204892
0.204892
0.204892
0.204891
0.167105
0.167105
0.167104
0.167104
0.167104
0.167103
0.167103
0.167103
0.167102
0.167102
0.13381
0.133809
0.133809
0.133808
0.133808
0.133807
0.133807
0.133807
0.133806
0.133805
0.104946
0.104946
0.104945
0.104945
0.104944
0.104944
0.104943
0.104943
0.104942
0.104941
0.0803956
0.0803953
0.0803948
0.0803942
0.0803936
0.080393
0.0803923
0.0803917
0.0803911
0.0803899
0.0599793
0.059979
0.0599785
0.0599778
0.0599772
0.0599765
0.0599759
0.0599752
0.0599746
0.0599733
0.0434305
0.0434302
0.0434297
0.0434291
0.0434285
0.0434279
0.0434273
0.0434266
0.043426
0.0434247
0.0304067
0.0304064
0.030406
0.0304054
0.0304049
0.0304043
0.0304037
0.0304032
0.0304026
0.0304014
0.0204992
0.020499
0.0204986
0.0204981
0.0204977
0.0204972
0.0204967
0.0204962
0.0204958
0.0204948
0.0132446
0.0132444
0.0132442
0.0132438
0.0132435
0.0132431
0.0132428
0.0132424
0.0132421
0.0132414
0.00815089
0.00815079
0.00815062
0.00815041
0.00815019
0.00814997
0.00814975
0.00814953
0.0081493
0.00814884
0.0047583
0.00475825
0.00475816
0.00475805
0.00475793
0.00475782
0.0047577
0.00475758
0.00475746
0.00475721
0.00264404
0.00264403
0.00264399
0.00264395
0.0026439
0.00264386
0.00264381
0.00264377
0.00264372
0.00264363
0.0014091
0.0014091
0.0014091
0.00140911
0.00140911
0.00140911
0.00140912
0.00140912
0.00140913
0.00140914
0.000737569
0.000737578
0.000737596
0.000737616
0.000737637
0.000737659
0.000737681
0.000737703
0.000737726
0.000737771
0.000423312
0.000423318
0.000423327
0.000423339
0.000423351
0.000423364
0.000423376
0.000423388
0.000423401
0.000423427
0.000306588
0.000306588
0.000306588
0.000306588
0.000306589
0.000306589
0.00030659
0.00030659
0.000306591
0.000306592
0.000271714
0.000271713
0.00027171
0.000271707
0.000271704
0.0002717
0.000271697
0.000271694
0.000271691
0.000271684
0.000267761
0.000267759
0.000267755
0.000267751
0.000267746
0.000267742
0.000267737
0.000267732
0.000267728
0.000267718
0.000269247
0.000269244
0.00026924
0.000269235
0.00026923
0.000269224
0.000269219
0.000269214
0.000269208
0.000269197
0.000264423
0.00026442
0.000264416
0.00026441
0.000264405
0.000264399
0.000264394
0.000264388
0.000264382
0.00026437
0.000254723
0.00025472
0.000254716
0.000254711
0.000254705
0.000254699
0.000254694
0.000254688
0.000254682
0.000254671
0.000244732
0.000244729
0.000244725
0.00024472
0.000244715
0.000244709
0.000244704
0.000244699
0.000244693
0.000244682
0.000237529
0.000237527
0.000237523
0.000237518
0.000237513
0.000237508
0.000237503
0.000237498
0.000237492
0.000237482
0.000233966
0.000233964
0.00023396
0.000233956
0.000233951
0.000233946
0.000233941
0.000233936
0.000233931
0.00023392
2.25069
2.25069
2.2507
2.2507
2.2507
2.25069
2.25069
2.25069
2.25069
2.25069
2.27192
2.27193
2.27194
2.27194
2.27195
2.27196
2.27197
2.27198
2.27198
2.27199
2.07661
2.07661
2.07662
2.07663
2.07664
2.07665
2.07666
2.07667
2.07667
2.07669
1.93669
1.9367
1.9367
1.93671
1.93672
1.93673
1.93674
1.93675
1.93676
1.93677
1.81929
1.81929
1.8193
1.81931
1.81932
1.81932
1.81933
1.81934
1.81935
1.81936
1.71268
1.71269
1.71269
1.7127
1.71271
1.71272
1.71272
1.71273
1.71274
1.71275
1.61192
1.61192
1.61193
1.61193
1.61194
1.61195
1.61195
1.61196
1.61197
1.61197
1.5147
1.5147
1.5147
1.51471
1.51472
1.51472
1.51473
1.51473
1.51474
1.51475
1.41994
1.41995
1.41995
1.41996
1.41996
1.41997
1.41997
1.41998
1.41998
1.41999
1.32718
1.32718
1.32719
1.32719
1.3272
1.3272
1.32721
1.32721
1.32722
1.32722
1.23625
1.23625
1.23625
1.23626
1.23626
1.23627
1.23627
1.23628
1.23628
1.23629
1.14716
1.14717
1.14717
1.14717
1.14718
1.14718
1.14719
1.14719
1.1472
1.1472
1.06005
1.06005
1.06006
1.06006
1.06006
1.06007
1.06007
1.06008
1.06008
1.06008
0.975091
0.975093
0.975096
0.975099
0.975102
0.975105
0.975109
0.975112
0.975115
0.97512
0.892499
0.8925
0.892503
0.892505
0.892508
0.892511
0.892514
0.892516
0.892519
0.892523
0.812508
0.812509
0.812511
0.812514
0.812516
0.812518
0.812521
0.812523
0.812525
0.812529
0.735361
0.735362
0.735363
0.735365
0.735367
0.735369
0.735371
0.735373
0.735375
0.735378
0.661298
0.661298
0.6613
0.661301
0.661303
0.661304
0.661306
0.661308
0.661309
0.661312
0.590555
0.590555
0.590556
0.590558
0.590559
0.59056
0.590561
0.590562
0.590564
0.590566
0.523357
0.523357
0.523358
0.523359
0.52336
0.523361
0.523362
0.523363
0.523364
0.523365
0.459914
0.459914
0.459915
0.459915
0.459916
0.459917
0.459917
0.459918
0.459919
0.45992
0.400418
0.400419
0.400419
0.400419
0.40042
0.40042
0.40042
0.400421
0.400421
0.400422
0.34504
0.34504
0.34504
0.34504
0.34504
0.34504
0.345041
0.345041
0.345041
0.345042
0.293922
0.293922
0.293922
0.293922
0.293922
0.293922
0.293922
0.293922
0.293922
0.293922
0.24718
0.24718
0.247179
0.247179
0.247179
0.247179
0.247179
0.247179
0.247179
0.247179
0.204894
0.204894
0.204893
0.204893
0.204893
0.204892
0.204892
0.204892
0.204892
0.204891
0.167105
0.167105
0.167105
0.167104
0.167104
0.167104
0.167103
0.167103
0.167103
0.167102
0.13381
0.13381
0.13381
0.133809
0.133809
0.133808
0.133808
0.133807
0.133807
0.133806
0.10495
0.104949
0.104949
0.104948
0.104948
0.104947
0.104947
0.104946
0.104946
0.104944
0.0804019
0.0804016
0.0804011
0.0804005
0.0803999
0.0803992
0.0803986
0.080398
0.0803974
0.0803961
0.0599814
0.0599811
0.0599806
0.05998
0.0599793
0.0599787
0.059978
0.0599774
0.0599767
0.0599754
0.0434303
0.04343
0.0434295
0.0434289
0.0434283
0.0434276
0.043427
0.0434264
0.0434257
0.0434244
0.0304078
0.0304075
0.030407
0.0304065
0.0304059
0.0304054
0.0304048
0.0304042
0.0304036
0.0304024
0.0205016
0.0205014
0.020501
0.0205006
0.0205001
0.0204997
0.0204992
0.0204987
0.0204982
0.0204972
0.0132445
0.0132444
0.0132441
0.0132438
0.0132434
0.0132431
0.0132427
0.0132424
0.013242
0.0132413
0.00814899
0.0081489
0.00814873
0.00814852
0.0081483
0.00814808
0.00814786
0.00814764
0.00814742
0.00814696
0.00475778
0.00475773
0.00475763
0.00475752
0.00475741
0.00475729
0.00475717
0.00475705
0.00475693
0.00475668
0.00264395
0.00264393
0.00264389
0.00264385
0.00264381
0.00264376
0.00264371
0.00264367
0.00264362
0.00264353
0.00140905
0.00140906
0.00140906
0.00140906
0.00140907
0.00140907
0.00140908
0.00140908
0.00140909
0.0014091
0.000737539
0.000737549
0.000737566
0.000737587
0.000737609
0.000737631
0.000737653
0.000737675
0.000737698
0.000737744
0.000423299
0.000423305
0.000423315
0.000423326
0.000423338
0.000423351
0.000423364
0.000423376
0.000423389
0.000423415
0.000306587
0.000306588
0.000306588
0.000306588
0.000306589
0.000306589
0.00030659
0.00030659
0.000306591
0.000306592
0.000271716
0.000271714
0.000271712
0.000271708
0.000271705
0.000271702
0.000271699
0.000271695
0.000271692
0.000271685
0.000267763
0.000267761
0.000267758
0.000267753
0.000267749
0.000267744
0.00026774
0.000267735
0.00026773
0.000267721
0.000269251
0.000269249
0.000269245
0.000269239
0.000269234
0.000269229
0.000269223
0.000269218
0.000269212
0.000269201
0.000264429
0.000264426
0.000264422
0.000264416
0.000264411
0.000264405
0.000264399
0.000264394
0.000264388
0.000264376
0.00025473
0.000254727
0.000254723
0.000254718
0.000254712
0.000254707
0.000254701
0.000254695
0.00025469
0.000254678
0.000244739
0.000244737
0.000244733
0.000244728
0.000244722
0.000244717
0.000244712
0.000244706
0.000244701
0.000244689
0.000237535
0.000237533
0.000237529
0.000237524
0.000237519
0.000237514
0.000237509
0.000237504
0.000237498
0.000237488
0.00023397
0.000233968
0.000233964
0.00023396
0.000233955
0.00023395
0.000233945
0.00023394
0.000233935
0.000233924
)
;

boundaryField
{
    inlet
    {
        type            zeroGradient;
    }
    outlet
    {
        type            zeroGradient;
    }
    sideLeft
    {
        type            zeroGradient;
    }
    sideRight
    {
        type            zeroGradient;
    }
    top
    {
        type            symmetryPlane;
        value           nonuniform List<scalar> 
100
(
0.000233906
0.000233904
0.000233906
0.000233917
0.00023393
0.00023394
0.00023395
0.000233959
0.000233966
0.00023397
0.000233904
0.000233902
0.000233904
0.000233915
0.000233928
0.000233938
0.000233948
0.000233957
0.000233964
0.000233968
0.0002339
0.000233898
0.0002339
0.000233911
0.000233924
0.000233934
0.000233944
0.000233953
0.00023396
0.000233964
0.000233896
0.000233894
0.000233896
0.000233906
0.000233919
0.00023393
0.000233939
0.000233948
0.000233956
0.00023396
0.000233891
0.000233889
0.000233891
0.000233902
0.000233914
0.000233925
0.000233934
0.000233943
0.000233951
0.000233955
0.000233886
0.000233884
0.000233886
0.000233897
0.000233909
0.00023392
0.000233929
0.000233938
0.000233946
0.00023395
0.000233881
0.000233879
0.000233881
0.000233892
0.000233904
0.000233915
0.000233924
0.000233933
0.000233941
0.000233945
0.000233876
0.000233874
0.000233876
0.000233887
0.000233899
0.00023391
0.000233919
0.000233928
0.000233936
0.00023394
0.000233871
0.000233869
0.000233871
0.000233882
0.000233894
0.000233905
0.000233914
0.000233923
0.000233931
0.000233935
0.00023386
0.000233858
0.00023386
0.000233871
0.000233884
0.000233894
0.000233904
0.000233913
0.00023392
0.000233924
)
;
    }
    bottomRoughWall
    {
        type            kqRWallFunction;
        value           nonuniform List<scalar> 
100
(
2.25074
2.25073
2.25072
2.25071
2.25071
2.2507
2.2507
2.2507
2.25069
2.25069
2.25074
2.25073
2.25072
2.25071
2.25071
2.25071
2.2507
2.2507
2.2507
2.25069
2.25074
2.25073
2.25072
2.25072
2.25071
2.25071
2.2507
2.2507
2.2507
2.2507
2.25074
2.25073
2.25073
2.25072
2.25071
2.25071
2.25071
2.2507
2.2507
2.2507
2.25074
2.25073
2.25072
2.25072
2.25071
2.25071
2.2507
2.2507
2.2507
2.2507
2.25074
2.25073
2.25072
2.25072
2.25071
2.25071
2.2507
2.2507
2.2507
2.25069
2.25074
2.25072
2.25072
2.25071
2.25071
2.2507
2.2507
2.25069
2.25069
2.25069
2.25074
2.25072
2.25072
2.25071
2.25071
2.2507
2.2507
2.25069
2.25069
2.25069
2.25073
2.25072
2.25071
2.25071
2.2507
2.2507
2.25069
2.25069
2.25069
2.25069
2.25073
2.25072
2.25072
2.25071
2.2507
2.2507
2.2507
2.25069
2.25069
2.25069
)
;
    }
}


// ************************************************************************* //
