/*--------------------------------*- C++ -*----------------------------------*\
| =========                 |                                                 |
| \\      /  F ield         | foam-extend: Open Source CFD                    |
|  \\    /   O peration     | Version:     3.2                                |
|   \\  /    A nd           | Web:         http://www.foam-extend.org         |
|    \\/     M anipulation  | For copyright notice see file Copyright         |
\*---------------------------------------------------------------------------*/
FoamFile
{
    version     2.0;
    format      ascii;
    class       volScalarField;
    location    "1.2e+06";
    object      Ux;
}
// * * * * * * * * * * * * * * * * * * * * * * * * * * * * * * * * * * * * * //

dimensions      [0 1 -1 0 0 0 0];

internalField   nonuniform List<scalar> 
5000
(
5.17666
5.17667
5.17666
5.17666
5.17665
5.17664
5.17663
5.17663
5.17662
5.17662
6.87219
6.87219
6.87218
6.87218
6.87217
6.87217
6.87216
6.87216
6.87215
6.87215
7.89996
7.89997
7.89996
7.89996
7.89996
7.89995
7.89995
7.89994
7.89994
7.89994
8.69175
8.69176
8.69176
8.69176
8.69175
8.69175
8.69174
8.69174
8.69174
8.69174
9.36343
9.36344
9.36344
9.36344
9.36344
9.36343
9.36343
9.36343
9.36342
9.36343
9.96522
9.96523
9.96523
9.96523
9.96523
9.96523
9.96522
9.96522
9.96522
9.96522
10.5224
10.5224
10.5224
10.5225
10.5224
10.5225
10.5224
10.5224
10.5224
10.5224
11.0491
11.0491
11.0491
11.0491
11.0491
11.0491
11.0491
11.0491
11.0491
11.0491
11.5533
11.5533
11.5533
11.5533
11.5533
11.5533
11.5533
11.5533
11.5533
11.5533
12.0396
12.0396
12.0396
12.0396
12.0396
12.0396
12.0396
12.0396
12.0396
12.0396
12.5104
12.5104
12.5104
12.5104
12.5104
12.5104
12.5104
12.5104
12.5104
12.5104
12.9666
12.9666
12.9666
12.9666
12.9666
12.9666
12.9666
12.9666
12.9666
12.9666
13.4078
13.4078
13.4078
13.4078
13.4078
13.4078
13.4078
13.4078
13.4078
13.4078
13.8328
13.8328
13.8328
13.8328
13.8328
13.8328
13.8328
13.8328
13.8328
13.8328
14.2394
14.2394
14.2394
14.2394
14.2394
14.2395
14.2395
14.2395
14.2395
14.2395
14.6251
14.6251
14.6251
14.6252
14.6252
14.6252
14.6252
14.6252
14.6252
14.6252
14.9866
14.9866
14.9866
14.9866
14.9867
14.9867
14.9867
14.9867
14.9867
14.9867
15.3203
15.3203
15.3203
15.3203
15.3203
15.3203
15.3203
15.3203
15.3203
15.3203
15.6221
15.6221
15.6221
15.6221
15.6221
15.6221
15.6221
15.6221
15.6221
15.6221
15.888
15.888
15.888
15.888
15.888
15.888
15.888
15.888
15.888
15.888
16.1139
16.1139
16.1139
16.1139
16.1139
16.1139
16.1139
16.114
16.114
16.114
16.296
16.296
16.296
16.2961
16.2961
16.2961
16.2961
16.2961
16.2961
16.2961
16.4311
16.4312
16.4312
16.4312
16.4312
16.4312
16.4312
16.4312
16.4312
16.4312
16.5169
16.5169
16.5169
16.5169
16.5169
16.5169
16.5169
16.5169
16.5169
16.5169
16.5521
16.5521
16.5521
16.5521
16.5521
16.5521
16.5521
16.5522
16.5522
16.5522
16.5374
16.5374
16.5374
16.5375
16.5375
16.5375
16.5375
16.5375
16.5375
16.5375
16.4756
16.4756
16.4756
16.4756
16.4756
16.4757
16.4757
16.4757
16.4757
16.4757
16.3719
16.3719
16.3719
16.3719
16.372
16.372
16.372
16.372
16.372
16.372
16.2344
16.2344
16.2344
16.2345
16.2345
16.2345
16.2345
16.2345
16.2345
16.2345
16.0742
16.0742
16.0742
16.0742
16.0742
16.0742
16.0742
16.0743
16.0743
16.0743
15.905
15.905
15.905
15.905
15.905
15.905
15.905
15.9051
15.9051
15.9051
15.7426
15.7426
15.7426
15.7426
15.7426
15.7426
15.7426
15.7426
15.7426
15.7427
15.6028
15.6028
15.6028
15.6029
15.6029
15.6029
15.6029
15.6029
15.6029
15.6029
15.4993
15.4993
15.4993
15.4994
15.4994
15.4994
15.4994
15.4994
15.4994
15.4994
15.44
15.44
15.44
15.4401
15.4401
15.4401
15.4401
15.4401
15.4401
15.4402
15.4242
15.4242
15.4242
15.4242
15.4243
15.4243
15.4243
15.4243
15.4243
15.4243
15.441
15.441
15.4411
15.4411
15.4411
15.4411
15.4411
15.4411
15.4411
15.4412
15.4722
15.4722
15.4723
15.4723
15.4723
15.4723
15.4723
15.4723
15.4723
15.4724
15.4992
15.4992
15.4992
15.4992
15.4992
15.4992
15.4993
15.4993
15.4993
15.4993
15.5129
15.5129
15.5129
15.5129
15.5129
15.513
15.513
15.513
15.513
15.513
15.5181
15.5181
15.5181
15.5181
15.5182
15.5182
15.5182
15.5182
15.5182
15.5182
15.5229
15.5229
15.5229
15.5229
15.5229
15.5229
15.5229
15.5229
15.5229
15.5229
15.5309
15.5309
15.5309
15.5309
15.5309
15.5309
15.5309
15.5309
15.5309
15.5309
15.5423
15.5423
15.5423
15.5423
15.5423
15.5423
15.5423
15.5423
15.5423
15.5423
15.5547
15.5547
15.5547
15.5547
15.5547
15.5547
15.5547
15.5547
15.5547
15.5547
15.5655
15.5655
15.5655
15.5655
15.5655
15.5655
15.5655
15.5655
15.5655
15.5655
15.5733
15.5733
15.5733
15.5733
15.5733
15.5733
15.5733
15.5733
15.5733
15.5733
15.5778
15.5778
15.5778
15.5778
15.5778
15.5778
15.5778
15.5778
15.5778
15.5778
15.58
15.58
15.58
15.58
15.58
15.58
15.58
15.5799
15.5799
15.5799
15.5808
15.5808
15.5808
15.5808
15.5808
15.5808
15.5808
15.5808
15.5808
15.5808
5.17664
5.17665
5.17664
5.17663
5.17662
5.17662
5.17661
5.17661
5.1766
5.17659
6.87216
6.87217
6.87216
6.87216
6.87215
6.87215
6.87214
6.87213
6.87212
6.87212
7.89994
7.89994
7.89994
7.89994
7.89993
7.89993
7.89992
7.89992
7.89991
7.89991
8.69173
8.69173
8.69173
8.69173
8.69173
8.69172
8.69172
8.69172
8.69171
8.69171
9.36341
9.36341
9.36341
9.36341
9.36341
9.36341
9.3634
9.3634
9.36339
9.36339
9.9652
9.9652
9.9652
9.9652
9.9652
9.9652
9.96519
9.96519
9.96519
9.96519
10.5224
10.5224
10.5224
10.5224
10.5224
10.5224
10.5224
10.5224
10.5224
10.5224
11.0491
11.0491
11.0491
11.0491
11.0491
11.0491
11.0491
11.0491
11.0491
11.0491
11.5532
11.5532
11.5532
11.5532
11.5532
11.5532
11.5532
11.5532
11.5532
11.5532
12.0395
12.0395
12.0395
12.0395
12.0395
12.0395
12.0395
12.0395
12.0395
12.0395
12.5104
12.5104
12.5104
12.5104
12.5104
12.5104
12.5104
12.5104
12.5104
12.5104
12.9665
12.9665
12.9665
12.9666
12.9665
12.9666
12.9666
12.9666
12.9666
12.9666
13.4078
13.4078
13.4078
13.4078
13.4078
13.4078
13.4078
13.4078
13.4078
13.4078
13.8327
13.8327
13.8327
13.8327
13.8327
13.8327
13.8327
13.8327
13.8327
13.8327
14.2394
14.2394
14.2394
14.2394
14.2394
14.2394
14.2394
14.2394
14.2394
14.2394
14.6251
14.6251
14.6251
14.6251
14.6251
14.6251
14.6251
14.6251
14.6251
14.6251
14.9866
14.9866
14.9866
14.9866
14.9866
14.9866
14.9866
14.9866
14.9866
14.9866
15.3202
15.3202
15.3202
15.3202
15.3202
15.3202
15.3202
15.3203
15.3203
15.3203
15.622
15.622
15.622
15.6221
15.6221
15.6221
15.6221
15.6221
15.6221
15.6221
15.8879
15.8879
15.8879
15.8879
15.888
15.888
15.888
15.888
15.888
15.888
16.1138
16.1138
16.1139
16.1139
16.1139
16.1139
16.1139
16.1139
16.1139
16.1139
16.296
16.296
16.296
16.296
16.296
16.296
16.296
16.296
16.296
16.296
16.4311
16.4311
16.4311
16.4311
16.4311
16.4311
16.4311
16.4311
16.4311
16.4311
16.5168
16.5168
16.5168
16.5168
16.5168
16.5168
16.5168
16.5168
16.5168
16.5169
16.552
16.552
16.552
16.552
16.552
16.552
16.552
16.5521
16.5521
16.5521
16.5373
16.5373
16.5373
16.5374
16.5374
16.5374
16.5374
16.5374
16.5374
16.5374
16.4755
16.4755
16.4755
16.4755
16.4755
16.4755
16.4755
16.4756
16.4756
16.4756
16.3718
16.3718
16.3718
16.3718
16.3718
16.3718
16.3718
16.3719
16.3719
16.3719
16.2343
16.2343
16.2343
16.2343
16.2344
16.2344
16.2344
16.2344
16.2344
16.2344
16.0741
16.0741
16.0741
16.0742
16.0742
16.0742
16.0742
16.0742
16.0742
16.0742
15.905
15.905
15.905
15.905
15.905
15.905
15.905
15.905
15.9051
15.9051
15.7426
15.7426
15.7426
15.7426
15.7426
15.7426
15.7426
15.7426
15.7426
15.7427
15.6028
15.6028
15.6028
15.6029
15.6029
15.6029
15.6029
15.6029
15.6029
15.6029
15.4993
15.4993
15.4993
15.4994
15.4994
15.4994
15.4994
15.4994
15.4994
15.4994
15.44
15.44
15.44
15.44
15.44
15.4401
15.4401
15.4401
15.4401
15.4401
15.4241
15.4241
15.4241
15.4241
15.4241
15.4242
15.4242
15.4242
15.4242
15.4242
15.4408
15.4409
15.4409
15.4409
15.4409
15.4409
15.4409
15.4409
15.4409
15.441
15.472
15.472
15.472
15.4721
15.4721
15.4721
15.4721
15.4721
15.4721
15.4721
15.499
15.499
15.499
15.499
15.499
15.499
15.4991
15.4991
15.4991
15.4991
15.5127
15.5127
15.5127
15.5128
15.5128
15.5128
15.5128
15.5128
15.5128
15.5128
15.518
15.518
15.518
15.518
15.518
15.518
15.518
15.518
15.518
15.5181
15.5227
15.5227
15.5227
15.5228
15.5228
15.5228
15.5228
15.5228
15.5228
15.5228
15.5308
15.5308
15.5308
15.5308
15.5308
15.5308
15.5308
15.5308
15.5308
15.5308
15.5422
15.5422
15.5422
15.5422
15.5422
15.5422
15.5422
15.5422
15.5422
15.5422
15.5546
15.5546
15.5546
15.5546
15.5546
15.5546
15.5546
15.5546
15.5546
15.5546
15.5654
15.5654
15.5654
15.5655
15.5655
15.5655
15.5655
15.5655
15.5655
15.5655
15.5732
15.5732
15.5732
15.5732
15.5732
15.5732
15.5732
15.5732
15.5732
15.5732
15.5777
15.5777
15.5777
15.5777
15.5777
15.5777
15.5777
15.5777
15.5777
15.5777
15.5799
15.5799
15.5799
15.5799
15.5799
15.5799
15.5799
15.5799
15.5799
15.5799
15.5807
15.5807
15.5807
15.5807
15.5807
15.5807
15.5807
15.5807
15.5807
15.5807
5.17663
5.17663
5.17663
5.17662
5.17661
5.17661
5.1766
5.17659
5.17658
5.17658
6.87215
6.87215
6.87215
6.87215
6.87214
6.87213
6.87212
6.87212
6.87211
6.87211
7.89993
7.89993
7.89993
7.89992
7.89992
7.89991
7.89991
7.8999
7.8999
7.89989
8.69172
8.69172
8.69172
8.69172
8.69171
8.69171
8.6917
8.6917
8.69169
8.69169
9.3634
9.3634
9.3634
9.3634
9.36339
9.36339
9.36339
9.36339
9.36338
9.36338
9.96518
9.96518
9.96518
9.96519
9.96518
9.96518
9.96518
9.96518
9.96517
9.96517
10.5224
10.5224
10.5224
10.5224
10.5224
10.5224
10.5224
10.5224
10.5224
10.5224
11.0491
11.0491
11.0491
11.0491
11.0491
11.0491
11.0491
11.0491
11.049
11.0491
11.5532
11.5532
11.5532
11.5532
11.5532
11.5532
11.5532
11.5532
11.5532
11.5532
12.0395
12.0395
12.0395
12.0395
12.0395
12.0395
12.0395
12.0395
12.0395
12.0395
12.5103
12.5103
12.5103
12.5103
12.5103
12.5103
12.5103
12.5103
12.5103
12.5103
12.9665
12.9665
12.9665
12.9665
12.9665
12.9665
12.9665
12.9665
12.9665
12.9665
13.4077
13.4077
13.4077
13.4077
13.4077
13.4077
13.4077
13.4077
13.4077
13.4077
13.8327
13.8327
13.8327
13.8327
13.8327
13.8327
13.8327
13.8327
13.8327
13.8327
14.2394
14.2394
14.2394
14.2394
14.2394
14.2394
14.2394
14.2394
14.2394
14.2394
14.6251
14.6251
14.6251
14.6251
14.6251
14.6251
14.6251
14.6251
14.6251
14.6251
14.9866
14.9866
14.9866
14.9866
14.9866
14.9866
14.9866
14.9866
14.9866
14.9866
15.3202
15.3202
15.3202
15.3202
15.3202
15.3202
15.3202
15.3202
15.3202
15.3202
15.622
15.622
15.622
15.622
15.622
15.622
15.622
15.622
15.622
15.622
15.8879
15.8879
15.8879
15.8879
15.8879
15.8879
15.8879
15.8879
15.8879
15.8879
16.1138
16.1138
16.1138
16.1138
16.1138
16.1138
16.1138
16.1138
16.1138
16.1139
16.2959
16.2959
16.2959
16.2959
16.2959
16.296
16.296
16.296
16.296
16.296
16.431
16.431
16.431
16.431
16.4311
16.4311
16.4311
16.4311
16.4311
16.4311
16.5167
16.5167
16.5167
16.5168
16.5168
16.5168
16.5168
16.5168
16.5168
16.5168
16.5519
16.552
16.552
16.552
16.552
16.552
16.552
16.552
16.552
16.552
16.5373
16.5373
16.5373
16.5373
16.5373
16.5373
16.5373
16.5373
16.5373
16.5373
16.4754
16.4754
16.4754
16.4754
16.4754
16.4755
16.4755
16.4755
16.4755
16.4755
16.3717
16.3717
16.3717
16.3717
16.3717
16.3717
16.3718
16.3718
16.3718
16.3718
16.2342
16.2342
16.2343
16.2343
16.2343
16.2343
16.2343
16.2343
16.2343
16.2343
16.0741
16.0741
16.0741
16.0741
16.0741
16.0741
16.0741
16.0741
16.0742
16.0742
15.905
15.905
15.905
15.905
15.905
15.905
15.905
15.905
15.905
15.9051
15.7426
15.7426
15.7426
15.7426
15.7426
15.7426
15.7426
15.7426
15.7427
15.7427
15.6028
15.6028
15.6029
15.6029
15.6029
15.6029
15.6029
15.6029
15.6029
15.603
15.4993
15.4993
15.4993
15.4993
15.4994
15.4994
15.4994
15.4994
15.4994
15.4994
15.44
15.44
15.44
15.44
15.44
15.44
15.44
15.44
15.4401
15.4401
15.424
15.424
15.424
15.424
15.424
15.424
15.4241
15.4241
15.4241
15.4241
15.4407
15.4407
15.4407
15.4407
15.4407
15.4408
15.4408
15.4408
15.4408
15.4408
15.4719
15.4719
15.4719
15.4719
15.4719
15.4719
15.472
15.472
15.472
15.472
15.4989
15.4989
15.4989
15.4989
15.4989
15.4989
15.4989
15.499
15.499
15.499
15.5126
15.5126
15.5126
15.5126
15.5127
15.5127
15.5127
15.5127
15.5127
15.5127
15.5179
15.5179
15.5179
15.5179
15.5179
15.5179
15.5179
15.5179
15.5179
15.518
15.5227
15.5227
15.5227
15.5227
15.5227
15.5227
15.5227
15.5227
15.5227
15.5227
15.5307
15.5307
15.5307
15.5307
15.5307
15.5308
15.5308
15.5308
15.5308
15.5308
15.5421
15.5421
15.5421
15.5422
15.5422
15.5422
15.5422
15.5422
15.5422
15.5422
15.5545
15.5546
15.5546
15.5546
15.5546
15.5546
15.5546
15.5546
15.5546
15.5546
15.5654
15.5654
15.5654
15.5654
15.5654
15.5654
15.5654
15.5654
15.5654
15.5654
15.5732
15.5732
15.5732
15.5732
15.5732
15.5732
15.5732
15.5732
15.5732
15.5732
15.5777
15.5777
15.5777
15.5777
15.5777
15.5777
15.5777
15.5777
15.5777
15.5777
15.5799
15.5799
15.5799
15.5799
15.5799
15.5799
15.5799
15.5799
15.5799
15.5798
15.5807
15.5807
15.5807
15.5807
15.5807
15.5807
15.5807
15.5807
15.5807
15.5807
5.17662
5.17662
5.17662
5.17661
5.1766
5.1766
5.17659
5.17658
5.17657
5.17657
6.87214
6.87214
6.87214
6.87213
6.87213
6.87212
6.87211
6.87211
6.8721
6.87209
7.89991
7.89992
7.89991
7.89991
7.8999
7.8999
7.89989
7.89989
7.89988
7.89988
8.6917
8.69171
8.6917
8.6917
8.6917
8.6917
8.69169
8.69169
8.69168
8.69168
9.36338
9.36338
9.36338
9.36338
9.36338
9.36338
9.36337
9.36337
9.36336
9.36336
9.96517
9.96517
9.96517
9.96517
9.96517
9.96517
9.96516
9.96516
9.96515
9.96515
10.5224
10.5224
10.5224
10.5224
10.5224
10.5224
10.5224
10.5224
10.5224
10.5224
11.049
11.049
11.049
11.049
11.049
11.049
11.049
11.049
11.049
11.049
11.5532
11.5532
11.5532
11.5532
11.5532
11.5532
11.5532
11.5532
11.5532
11.5532
12.0395
12.0395
12.0395
12.0395
12.0395
12.0395
12.0395
12.0395
12.0395
12.0395
12.5103
12.5103
12.5103
12.5103
12.5103
12.5103
12.5103
12.5103
12.5103
12.5103
12.9665
12.9665
12.9665
12.9665
12.9665
12.9665
12.9665
12.9665
12.9665
12.9665
13.4077
13.4077
13.4077
13.4077
13.4077
13.4077
13.4077
13.4077
13.4077
13.4077
13.8327
13.8327
13.8327
13.8327
13.8327
13.8327
13.8327
13.8327
13.8327
13.8327
14.2393
14.2393
14.2393
14.2394
14.2394
14.2394
14.2394
14.2394
14.2394
14.2394
14.625
14.625
14.625
14.625
14.625
14.6251
14.6251
14.6251
14.6251
14.6251
14.9865
14.9865
14.9865
14.9865
14.9865
14.9865
14.9865
14.9866
14.9866
14.9866
15.3202
15.3202
15.3202
15.3202
15.3202
15.3202
15.3202
15.3202
15.3202
15.3202
15.622
15.622
15.622
15.622
15.622
15.622
15.622
15.622
15.622
15.622
15.8879
15.8879
15.8879
15.8879
15.8879
15.8879
15.8879
15.8879
15.8879
15.8879
16.1138
16.1138
16.1138
16.1138
16.1138
16.1138
16.1138
16.1138
16.1138
16.1138
16.2959
16.2959
16.2959
16.2959
16.2959
16.2959
16.2959
16.2959
16.2959
16.2959
16.431
16.431
16.431
16.431
16.431
16.431
16.431
16.431
16.431
16.4311
16.5167
16.5167
16.5167
16.5167
16.5167
16.5167
16.5167
16.5167
16.5167
16.5168
16.5519
16.5519
16.5519
16.5519
16.5519
16.5519
16.5519
16.552
16.552
16.552
16.5372
16.5372
16.5372
16.5372
16.5372
16.5372
16.5372
16.5373
16.5373
16.5373
16.4753
16.4753
16.4754
16.4754
16.4754
16.4754
16.4754
16.4754
16.4754
16.4754
16.3716
16.3716
16.3716
16.3716
16.3716
16.3717
16.3717
16.3717
16.3717
16.3717
16.2341
16.2342
16.2342
16.2342
16.2342
16.2342
16.2342
16.2342
16.2342
16.2342
16.074
16.074
16.074
16.074
16.074
16.0741
16.0741
16.0741
16.0741
16.0741
15.9049
15.9049
15.9049
15.905
15.905
15.905
15.905
15.905
15.905
15.905
15.7426
15.7426
15.7426
15.7426
15.7426
15.7426
15.7426
15.7426
15.7426
15.7427
15.6028
15.6028
15.6028
15.6029
15.6029
15.6029
15.6029
15.6029
15.6029
15.6029
15.4993
15.4993
15.4993
15.4993
15.4993
15.4994
15.4994
15.4994
15.4994
15.4994
15.4399
15.4399
15.4399
15.4399
15.4399
15.44
15.44
15.44
15.44
15.44
15.4239
15.4239
15.4239
15.4239
15.4239
15.4239
15.4239
15.424
15.424
15.424
15.4405
15.4406
15.4406
15.4406
15.4406
15.4406
15.4406
15.4406
15.4406
15.4407
15.4717
15.4718
15.4718
15.4718
15.4718
15.4718
15.4718
15.4718
15.4718
15.4719
15.4988
15.4988
15.4988
15.4988
15.4988
15.4988
15.4988
15.4988
15.4989
15.4989
15.5125
15.5125
15.5125
15.5125
15.5126
15.5126
15.5126
15.5126
15.5126
15.5126
15.5178
15.5178
15.5178
15.5178
15.5178
15.5178
15.5178
15.5178
15.5179
15.5179
15.5226
15.5226
15.5226
15.5226
15.5226
15.5226
15.5226
15.5226
15.5226
15.5227
15.5306
15.5307
15.5307
15.5307
15.5307
15.5307
15.5307
15.5307
15.5307
15.5307
15.5421
15.5421
15.5421
15.5421
15.5421
15.5421
15.5421
15.5421
15.5421
15.5421
15.5545
15.5545
15.5545
15.5545
15.5545
15.5545
15.5545
15.5545
15.5545
15.5545
15.5653
15.5653
15.5653
15.5653
15.5653
15.5653
15.5653
15.5653
15.5653
15.5654
15.5731
15.5731
15.5731
15.5731
15.5731
15.5731
15.5731
15.5731
15.5731
15.5731
15.5776
15.5776
15.5776
15.5776
15.5776
15.5776
15.5776
15.5776
15.5776
15.5776
15.5798
15.5798
15.5798
15.5798
15.5798
15.5798
15.5798
15.5798
15.5798
15.5798
15.5807
15.5807
15.5806
15.5806
15.5806
15.5806
15.5806
15.5806
15.5806
15.5806
5.17661
5.17661
5.17661
5.1766
5.17659
5.17659
5.17658
5.17657
5.17656
5.17656
6.87213
6.87213
6.87213
6.87212
6.87212
6.87211
6.8721
6.8721
6.87208
6.87208
7.8999
7.89991
7.8999
7.8999
7.89989
7.89989
7.89988
7.89988
7.89987
7.89987
8.69169
8.69169
8.69169
8.69169
8.69168
8.69168
8.69167
8.69167
8.69166
8.69167
9.36337
9.36337
9.36337
9.36337
9.36336
9.36336
9.36335
9.36335
9.36335
9.36335
9.96515
9.96516
9.96516
9.96516
9.96515
9.96515
9.96514
9.96514
9.96514
9.96514
10.5224
10.5224
10.5224
10.5224
10.5224
10.5224
10.5224
10.5224
10.5224
10.5224
11.049
11.049
11.049
11.049
11.049
11.049
11.049
11.049
11.049
11.049
11.5532
11.5532
11.5532
11.5532
11.5532
11.5532
11.5532
11.5532
11.5532
11.5532
12.0395
12.0395
12.0395
12.0395
12.0395
12.0395
12.0395
12.0395
12.0395
12.0395
12.5103
12.5103
12.5103
12.5103
12.5103
12.5103
12.5103
12.5103
12.5103
12.5103
12.9665
12.9665
12.9665
12.9665
12.9665
12.9665
12.9665
12.9665
12.9665
12.9665
13.4077
13.4077
13.4077
13.4077
13.4077
13.4077
13.4077
13.4077
13.4077
13.4077
13.8326
13.8326
13.8326
13.8327
13.8327
13.8327
13.8327
13.8327
13.8327
13.8327
14.2393
14.2393
14.2393
14.2393
14.2393
14.2393
14.2393
14.2393
14.2393
14.2393
14.625
14.625
14.625
14.625
14.625
14.625
14.625
14.625
14.625
14.625
14.9865
14.9865
14.9865
14.9865
14.9865
14.9865
14.9865
14.9865
14.9865
14.9865
15.3201
15.3201
15.3201
15.3201
15.3201
15.3201
15.3201
15.3202
15.3202
15.3202
15.6219
15.6219
15.6219
15.6219
15.6219
15.622
15.622
15.622
15.622
15.622
15.8878
15.8878
15.8878
15.8878
15.8878
15.8878
15.8878
15.8879
15.8879
15.8879
16.1137
16.1137
16.1137
16.1137
16.1137
16.1138
16.1138
16.1138
16.1138
16.1138
16.2958
16.2958
16.2959
16.2959
16.2959
16.2959
16.2959
16.2959
16.2959
16.2959
16.4309
16.4309
16.4309
16.431
16.431
16.431
16.431
16.431
16.431
16.431
16.5166
16.5166
16.5166
16.5167
16.5167
16.5167
16.5167
16.5167
16.5167
16.5167
16.5518
16.5519
16.5519
16.5519
16.5519
16.5519
16.5519
16.5519
16.5519
16.5519
16.5371
16.5372
16.5372
16.5372
16.5372
16.5372
16.5372
16.5372
16.5372
16.5372
16.4753
16.4753
16.4753
16.4753
16.4753
16.4753
16.4753
16.4753
16.4754
16.4754
16.3715
16.3715
16.3715
16.3716
16.3716
16.3716
16.3716
16.3716
16.3716
16.3716
16.2341
16.2341
16.2341
16.2341
16.2341
16.2341
16.2341
16.2341
16.2341
16.2342
16.0739
16.0739
16.074
16.074
16.074
16.074
16.074
16.074
16.074
16.074
15.9049
15.9049
15.9049
15.9049
15.9049
15.9049
15.9049
15.905
15.905
15.905
15.7425
15.7426
15.7426
15.7426
15.7426
15.7426
15.7426
15.7426
15.7426
15.7427
15.6028
15.6028
15.6028
15.6029
15.6029
15.6029
15.6029
15.6029
15.6029
15.6029
15.4993
15.4993
15.4993
15.4993
15.4993
15.4993
15.4993
15.4994
15.4994
15.4994
15.4398
15.4398
15.4399
15.4399
15.4399
15.4399
15.4399
15.4399
15.4399
15.44
15.4238
15.4238
15.4238
15.4238
15.4238
15.4238
15.4238
15.4238
15.4239
15.4239
15.4404
15.4404
15.4404
15.4404
15.4405
15.4405
15.4405
15.4405
15.4405
15.4405
15.4716
15.4716
15.4717
15.4717
15.4717
15.4717
15.4717
15.4717
15.4717
15.4718
15.4987
15.4987
15.4987
15.4987
15.4987
15.4987
15.4987
15.4987
15.4988
15.4988
15.5124
15.5124
15.5124
15.5125
15.5125
15.5125
15.5125
15.5125
15.5125
15.5125
15.5177
15.5177
15.5177
15.5177
15.5177
15.5177
15.5178
15.5178
15.5178
15.5178
15.5225
15.5225
15.5225
15.5225
15.5225
15.5226
15.5226
15.5226
15.5226
15.5226
15.5306
15.5306
15.5306
15.5306
15.5306
15.5306
15.5306
15.5306
15.5306
15.5307
15.542
15.542
15.542
15.542
15.542
15.542
15.542
15.5421
15.5421
15.5421
15.5544
15.5544
15.5544
15.5544
15.5544
15.5544
15.5544
15.5545
15.5545
15.5545
15.5653
15.5653
15.5653
15.5653
15.5653
15.5653
15.5653
15.5653
15.5653
15.5653
15.5731
15.5731
15.5731
15.5731
15.5731
15.5731
15.5731
15.5731
15.5731
15.5731
15.5776
15.5776
15.5776
15.5776
15.5776
15.5776
15.5776
15.5776
15.5776
15.5776
15.5798
15.5798
15.5798
15.5798
15.5798
15.5798
15.5798
15.5798
15.5798
15.5798
15.5806
15.5806
15.5806
15.5806
15.5806
15.5806
15.5806
15.5806
15.5806
15.5806
5.17661
5.17661
5.1766
5.1766
5.17659
5.17658
5.17657
5.17656
5.17655
5.17655
6.87212
6.87212
6.87212
6.87211
6.8721
6.8721
6.87209
6.87209
6.87207
6.87207
7.89989
7.8999
7.89989
7.89989
7.89988
7.89988
7.89987
7.89987
7.89986
7.89986
8.69168
8.69168
8.69168
8.69168
8.69167
8.69167
8.69166
8.69166
8.69165
8.69166
9.36336
9.36336
9.36336
9.36336
9.36335
9.36335
9.36334
9.36334
9.36334
9.36334
9.96514
9.96515
9.96514
9.96514
9.96514
9.96514
9.96513
9.96513
9.96513
9.96514
10.5224
10.5224
10.5224
10.5224
10.5224
10.5224
10.5224
10.5224
10.5224
10.5224
11.049
11.049
11.049
11.049
11.049
11.049
11.049
11.049
11.049
11.049
11.5532
11.5532
11.5532
11.5532
11.5532
11.5532
11.5532
11.5532
11.5532
11.5532
12.0395
12.0395
12.0395
12.0395
12.0395
12.0395
12.0395
12.0395
12.0395
12.0395
12.5103
12.5103
12.5103
12.5103
12.5103
12.5103
12.5103
12.5103
12.5103
12.5103
12.9665
12.9665
12.9665
12.9665
12.9665
12.9665
12.9665
12.9665
12.9665
12.9665
13.4077
13.4077
13.4077
13.4077
13.4077
13.4077
13.4077
13.4077
13.4077
13.4077
13.8326
13.8326
13.8326
13.8326
13.8326
13.8326
13.8326
13.8326
13.8326
13.8326
14.2393
14.2393
14.2393
14.2393
14.2393
14.2393
14.2393
14.2393
14.2393
14.2393
14.625
14.625
14.625
14.625
14.625
14.625
14.625
14.625
14.625
14.625
14.9865
14.9865
14.9865
14.9865
14.9865
14.9865
14.9865
14.9865
14.9865
14.9865
15.3201
15.3201
15.3201
15.3201
15.3201
15.3201
15.3201
15.3201
15.3201
15.3201
15.6219
15.6219
15.6219
15.6219
15.6219
15.6219
15.6219
15.6219
15.6219
15.6219
15.8878
15.8878
15.8878
15.8878
15.8878
15.8878
15.8878
15.8878
15.8878
15.8878
16.1137
16.1137
16.1137
16.1137
16.1137
16.1137
16.1137
16.1137
16.1137
16.1137
16.2958
16.2958
16.2958
16.2958
16.2958
16.2958
16.2958
16.2959
16.2959
16.2959
16.4309
16.4309
16.4309
16.4309
16.4309
16.4309
16.4309
16.4309
16.431
16.431
16.5166
16.5166
16.5166
16.5166
16.5166
16.5166
16.5166
16.5167
16.5167
16.5167
16.5518
16.5518
16.5518
16.5518
16.5518
16.5518
16.5518
16.5519
16.5519
16.5519
16.5371
16.5371
16.5371
16.5371
16.5371
16.5371
16.5372
16.5372
16.5372
16.5372
16.4752
16.4752
16.4752
16.4753
16.4753
16.4753
16.4753
16.4753
16.4753
16.4753
16.3715
16.3715
16.3715
16.3715
16.3715
16.3715
16.3715
16.3715
16.3715
16.3716
16.234
16.234
16.234
16.234
16.234
16.234
16.234
16.2341
16.2341
16.2341
16.0738
16.0739
16.0739
16.0739
16.0739
16.0739
16.0739
16.0739
16.0739
16.074
15.9048
15.9048
15.9049
15.9049
15.9049
15.9049
15.9049
15.9049
15.9049
15.9049
15.7425
15.7425
15.7425
15.7426
15.7426
15.7426
15.7426
15.7426
15.7426
15.7426
15.6028
15.6028
15.6028
15.6028
15.6029
15.6029
15.6029
15.6029
15.6029
15.6029
15.4992
15.4993
15.4993
15.4993
15.4993
15.4993
15.4993
15.4993
15.4993
15.4994
15.4398
15.4398
15.4398
15.4398
15.4398
15.4398
15.4398
15.4399
15.4399
15.4399
15.4236
15.4237
15.4237
15.4237
15.4237
15.4237
15.4237
15.4237
15.4237
15.4238
15.4403
15.4403
15.4403
15.4403
15.4403
15.4404
15.4404
15.4404
15.4404
15.4404
15.4715
15.4716
15.4716
15.4716
15.4716
15.4716
15.4716
15.4716
15.4716
15.4717
15.4986
15.4986
15.4986
15.4986
15.4986
15.4986
15.4987
15.4987
15.4987
15.4987
15.5124
15.5124
15.5124
15.5124
15.5124
15.5124
15.5124
15.5124
15.5124
15.5125
15.5176
15.5176
15.5176
15.5177
15.5177
15.5177
15.5177
15.5177
15.5177
15.5177
15.5224
15.5225
15.5225
15.5225
15.5225
15.5225
15.5225
15.5225
15.5225
15.5225
15.5305
15.5305
15.5305
15.5306
15.5306
15.5306
15.5306
15.5306
15.5306
15.5306
15.542
15.542
15.542
15.542
15.542
15.542
15.542
15.542
15.542
15.542
15.5544
15.5544
15.5544
15.5544
15.5544
15.5544
15.5544
15.5544
15.5544
15.5544
15.5652
15.5653
15.5653
15.5653
15.5653
15.5653
15.5653
15.5653
15.5653
15.5653
15.573
15.573
15.573
15.573
15.573
15.573
15.573
15.573
15.573
15.573
15.5776
15.5776
15.5776
15.5776
15.5776
15.5776
15.5776
15.5776
15.5776
15.5776
15.5798
15.5798
15.5798
15.5798
15.5798
15.5798
15.5798
15.5798
15.5797
15.5797
15.5806
15.5806
15.5806
15.5806
15.5806
15.5806
15.5806
15.5806
15.5806
15.5806
5.1766
5.1766
5.1766
5.17659
5.17658
5.17657
5.17656
5.17656
5.17654
5.17655
6.87212
6.87212
6.87211
6.87211
6.8721
6.87209
6.87208
6.87208
6.87207
6.87207
7.89989
7.89989
7.89988
7.89988
7.89987
7.89987
7.89986
7.89986
7.89985
7.89985
8.69167
8.69167
8.69167
8.69167
8.69166
8.69166
8.69165
8.69166
8.69165
8.69165
9.36335
9.36335
9.36334
9.36334
9.36334
9.36334
9.36334
9.36334
9.36333
9.36334
9.96513
9.96513
9.96513
9.96513
9.96513
9.96513
9.96512
9.96513
9.96513
9.96513
10.5223
10.5223
10.5223
10.5223
10.5223
10.5223
10.5223
10.5223
10.5223
10.5224
11.049
11.049
11.049
11.049
11.049
11.049
11.049
11.049
11.049
11.049
11.5532
11.5532
11.5532
11.5532
11.5532
11.5532
11.5532
11.5532
11.5532
11.5532
12.0394
12.0394
12.0394
12.0394
12.0394
12.0394
12.0394
12.0395
12.0395
12.0395
12.5103
12.5103
12.5103
12.5103
12.5103
12.5103
12.5103
12.5103
12.5103
12.5103
12.9664
12.9664
12.9664
12.9664
12.9664
12.9665
12.9665
12.9665
12.9665
12.9665
13.4076
13.4076
13.4076
13.4077
13.4077
13.4077
13.4077
13.4077
13.4077
13.4077
13.8326
13.8326
13.8326
13.8326
13.8326
13.8326
13.8326
13.8326
13.8326
13.8326
14.2393
14.2393
14.2393
14.2393
14.2393
14.2393
14.2393
14.2393
14.2393
14.2393
14.625
14.625
14.625
14.625
14.625
14.625
14.625
14.625
14.625
14.625
14.9864
14.9864
14.9864
14.9865
14.9865
14.9865
14.9865
14.9865
14.9865
14.9865
15.3201
15.3201
15.3201
15.3201
15.3201
15.3201
15.3201
15.3201
15.3201
15.3201
15.6219
15.6219
15.6219
15.6219
15.6219
15.6219
15.6219
15.6219
15.6219
15.6219
15.8878
15.8878
15.8878
15.8878
15.8878
15.8878
15.8878
15.8878
15.8878
15.8878
16.1136
16.1137
16.1137
16.1137
16.1137
16.1137
16.1137
16.1137
16.1137
16.1137
16.2958
16.2958
16.2958
16.2958
16.2958
16.2958
16.2958
16.2958
16.2958
16.2958
16.4309
16.4309
16.4309
16.4309
16.4309
16.4309
16.4309
16.4309
16.4309
16.4309
16.5166
16.5166
16.5166
16.5166
16.5166
16.5166
16.5166
16.5166
16.5166
16.5166
16.5518
16.5518
16.5518
16.5518
16.5518
16.5518
16.5518
16.5518
16.5518
16.5518
16.5371
16.5371
16.5371
16.5371
16.5371
16.5371
16.5371
16.5371
16.5371
16.5372
16.4752
16.4752
16.4752
16.4752
16.4752
16.4752
16.4752
16.4753
16.4753
16.4753
16.3714
16.3714
16.3714
16.3714
16.3714
16.3715
16.3715
16.3715
16.3715
16.3715
16.2339
16.2339
16.2339
16.2339
16.2339
16.234
16.234
16.234
16.234
16.234
16.0738
16.0738
16.0738
16.0738
16.0738
16.0738
16.0738
16.0739
16.0739
16.0739
15.9048
15.9048
15.9048
15.9048
15.9048
15.9048
15.9048
15.9049
15.9049
15.9049
15.7425
15.7425
15.7425
15.7425
15.7425
15.7426
15.7426
15.7426
15.7426
15.7426
15.6028
15.6028
15.6028
15.6028
15.6028
15.6029
15.6029
15.6029
15.6029
15.6029
15.4992
15.4992
15.4992
15.4993
15.4993
15.4993
15.4993
15.4993
15.4993
15.4993
15.4397
15.4397
15.4397
15.4397
15.4397
15.4398
15.4398
15.4398
15.4398
15.4398
15.4235
15.4236
15.4236
15.4236
15.4236
15.4236
15.4236
15.4236
15.4236
15.4237
15.4402
15.4402
15.4402
15.4402
15.4402
15.4403
15.4403
15.4403
15.4403
15.4403
15.4715
15.4715
15.4715
15.4715
15.4715
15.4715
15.4715
15.4716
15.4716
15.4716
15.4985
15.4985
15.4985
15.4986
15.4986
15.4986
15.4986
15.4986
15.4986
15.4986
15.5123
15.5123
15.5123
15.5123
15.5123
15.5123
15.5124
15.5124
15.5124
15.5124
15.5176
15.5176
15.5176
15.5176
15.5176
15.5176
15.5176
15.5176
15.5176
15.5177
15.5224
15.5224
15.5224
15.5224
15.5224
15.5224
15.5224
15.5225
15.5225
15.5225
15.5305
15.5305
15.5305
15.5305
15.5305
15.5305
15.5305
15.5305
15.5305
15.5306
15.5419
15.5419
15.5419
15.5419
15.5419
15.542
15.542
15.542
15.542
15.542
15.5543
15.5544
15.5544
15.5544
15.5544
15.5544
15.5544
15.5544
15.5544
15.5544
15.5652
15.5652
15.5652
15.5652
15.5652
15.5652
15.5652
15.5652
15.5652
15.5653
15.573
15.573
15.573
15.573
15.573
15.573
15.573
15.573
15.573
15.573
15.5776
15.5776
15.5776
15.5776
15.5776
15.5776
15.5776
15.5776
15.5776
15.5776
15.5798
15.5798
15.5798
15.5798
15.5798
15.5798
15.5797
15.5797
15.5797
15.5797
15.5806
15.5806
15.5806
15.5806
15.5806
15.5806
15.5806
15.5806
15.5806
15.5806
5.1766
5.1766
5.17659
5.17658
5.17657
5.17657
5.17655
5.17655
5.17654
5.17654
6.87211
6.87211
6.8721
6.8721
6.87209
6.87209
6.87207
6.87207
6.87206
6.87207
7.89988
7.89988
7.89987
7.89987
7.89986
7.89986
7.89986
7.89986
7.89985
7.89985
8.69166
8.69166
8.69166
8.69166
8.69165
8.69166
8.69165
8.69165
8.69165
8.69165
9.36334
9.36334
9.36333
9.36334
9.36333
9.36334
9.36333
9.36334
9.36333
9.36334
9.96512
9.96512
9.96512
9.96512
9.96512
9.96512
9.96512
9.96513
9.96513
9.96513
10.5223
10.5223
10.5223
10.5223
10.5223
10.5223
10.5223
10.5223
10.5223
10.5224
11.049
11.049
11.049
11.049
11.049
11.049
11.049
11.049
11.049
11.049
11.5531
11.5531
11.5531
11.5531
11.5531
11.5532
11.5532
11.5532
11.5532
11.5532
12.0394
12.0394
12.0394
12.0394
12.0394
12.0394
12.0394
12.0395
12.0395
12.0395
12.5102
12.5103
12.5102
12.5103
12.5103
12.5103
12.5103
12.5103
12.5103
12.5103
12.9664
12.9664
12.9664
12.9664
12.9664
12.9664
12.9664
12.9665
12.9665
12.9665
13.4076
13.4076
13.4076
13.4076
13.4076
13.4076
13.4076
13.4077
13.4077
13.4077
13.8326
13.8326
13.8326
13.8326
13.8326
13.8326
13.8326
13.8326
13.8326
13.8326
14.2392
14.2393
14.2393
14.2393
14.2393
14.2393
14.2393
14.2393
14.2393
14.2393
14.6249
14.6249
14.6249
14.6249
14.625
14.625
14.625
14.625
14.625
14.625
14.9864
14.9864
14.9864
14.9864
14.9864
14.9864
14.9864
14.9865
14.9865
14.9865
15.32
15.32
15.32
15.3201
15.3201
15.3201
15.3201
15.3201
15.3201
15.3201
15.6218
15.6219
15.6219
15.6219
15.6219
15.6219
15.6219
15.6219
15.6219
15.6219
15.8877
15.8877
15.8877
15.8877
15.8877
15.8878
15.8878
15.8878
15.8878
15.8878
16.1136
16.1136
16.1136
16.1136
16.1136
16.1137
16.1137
16.1137
16.1137
16.1137
16.2957
16.2957
16.2958
16.2958
16.2958
16.2958
16.2958
16.2958
16.2958
16.2958
16.4308
16.4308
16.4308
16.4308
16.4309
16.4309
16.4309
16.4309
16.4309
16.4309
16.5165
16.5165
16.5165
16.5165
16.5166
16.5166
16.5166
16.5166
16.5166
16.5166
16.5517
16.5517
16.5517
16.5518
16.5518
16.5518
16.5518
16.5518
16.5518
16.5518
16.537
16.537
16.537
16.5371
16.5371
16.5371
16.5371
16.5371
16.5371
16.5371
16.4751
16.4752
16.4752
16.4752
16.4752
16.4752
16.4752
16.4752
16.4752
16.4752
16.3714
16.3714
16.3714
16.3714
16.3714
16.3714
16.3714
16.3714
16.3714
16.3715
16.2338
16.2339
16.2339
16.2339
16.2339
16.2339
16.2339
16.2339
16.2339
16.2339
16.0737
16.0737
16.0737
16.0737
16.0737
16.0738
16.0738
16.0738
16.0738
16.0738
15.9047
15.9047
15.9047
15.9047
15.9048
15.9048
15.9048
15.9048
15.9048
15.9048
15.7425
15.7425
15.7425
15.7425
15.7425
15.7425
15.7425
15.7425
15.7425
15.7426
15.6028
15.6028
15.6028
15.6028
15.6028
15.6028
15.6028
15.6028
15.6029
15.6029
15.4992
15.4992
15.4992
15.4992
15.4992
15.4992
15.4992
15.4993
15.4993
15.4993
15.4396
15.4396
15.4396
15.4397
15.4397
15.4397
15.4397
15.4397
15.4397
15.4397
15.4234
15.4235
15.4235
15.4235
15.4235
15.4235
15.4235
15.4235
15.4235
15.4236
15.4401
15.4401
15.4401
15.4402
15.4402
15.4402
15.4402
15.4402
15.4402
15.4402
15.4714
15.4714
15.4714
15.4714
15.4714
15.4715
15.4715
15.4715
15.4715
15.4715
15.4985
15.4985
15.4985
15.4985
15.4985
15.4985
15.4985
15.4985
15.4986
15.4986
15.5122
15.5123
15.5123
15.5123
15.5123
15.5123
15.5123
15.5123
15.5123
15.5123
15.5175
15.5175
15.5175
15.5175
15.5176
15.5176
15.5176
15.5176
15.5176
15.5176
15.5224
15.5224
15.5224
15.5224
15.5224
15.5224
15.5224
15.5224
15.5224
15.5224
15.5304
15.5305
15.5305
15.5305
15.5305
15.5305
15.5305
15.5305
15.5305
15.5305
15.5419
15.5419
15.5419
15.5419
15.5419
15.5419
15.5419
15.5419
15.5419
15.5419
15.5543
15.5543
15.5543
15.5543
15.5543
15.5543
15.5543
15.5544
15.5543
15.5544
15.5652
15.5652
15.5652
15.5652
15.5652
15.5652
15.5652
15.5652
15.5652
15.5652
15.573
15.573
15.573
15.573
15.573
15.573
15.573
15.573
15.573
15.573
15.5775
15.5775
15.5775
15.5775
15.5775
15.5775
15.5775
15.5775
15.5775
15.5775
15.5797
15.5797
15.5797
15.5797
15.5797
15.5797
15.5797
15.5797
15.5797
15.5797
15.5806
15.5806
15.5806
15.5806
15.5806
15.5806
15.5806
15.5806
15.5805
15.5805
5.1766
5.1766
5.17659
5.17658
5.17657
5.17656
5.17655
5.17655
5.17654
5.17654
6.8721
6.8721
6.8721
6.87209
6.87209
6.87208
6.87207
6.87207
6.87206
6.87206
7.89987
7.89987
7.89987
7.89987
7.89986
7.89986
7.89985
7.89985
7.89985
7.89985
8.69165
8.69166
8.69165
8.69166
8.69165
8.69166
8.69165
8.69165
8.69165
8.69165
9.36333
9.36333
9.36333
9.36333
9.36333
9.36334
9.36333
9.36334
9.36333
9.36334
9.96511
9.96511
9.96511
9.96512
9.96512
9.96512
9.96512
9.96513
9.96513
9.96514
10.5223
10.5223
10.5223
10.5223
10.5223
10.5223
10.5223
10.5223
10.5223
10.5224
11.049
11.049
11.049
11.049
11.049
11.049
11.049
11.049
11.049
11.049
11.5531
11.5531
11.5531
11.5531
11.5531
11.5532
11.5532
11.5532
11.5532
11.5532
12.0394
12.0394
12.0394
12.0394
12.0394
12.0394
12.0394
12.0395
12.0395
12.0395
12.5102
12.5102
12.5102
12.5102
12.5103
12.5103
12.5103
12.5103
12.5103
12.5103
12.9664
12.9664
12.9664
12.9664
12.9664
12.9664
12.9664
12.9665
12.9665
12.9665
13.4076
13.4076
13.4076
13.4076
13.4076
13.4076
13.4076
13.4077
13.4077
13.4077
13.8326
13.8326
13.8326
13.8326
13.8326
13.8326
13.8326
13.8326
13.8326
13.8326
14.2392
14.2392
14.2392
14.2393
14.2393
14.2393
14.2393
14.2393
14.2393
14.2393
14.6249
14.6249
14.6249
14.6249
14.6249
14.625
14.625
14.625
14.625
14.625
14.9864
14.9864
14.9864
14.9864
14.9864
14.9864
14.9864
14.9865
14.9865
14.9865
15.32
15.32
15.32
15.32
15.32
15.3201
15.3201
15.3201
15.3201
15.3201
15.6218
15.6218
15.6218
15.6218
15.6219
15.6219
15.6219
15.6219
15.6219
15.6219
15.8877
15.8877
15.8877
15.8877
15.8877
15.8877
15.8878
15.8878
15.8878
15.8878
16.1136
16.1136
16.1136
16.1136
16.1136
16.1136
16.1137
16.1137
16.1137
16.1137
16.2957
16.2957
16.2957
16.2957
16.2957
16.2958
16.2958
16.2958
16.2958
16.2958
16.4308
16.4308
16.4308
16.4308
16.4308
16.4308
16.4309
16.4309
16.4309
16.4309
16.5165
16.5165
16.5165
16.5165
16.5165
16.5165
16.5166
16.5166
16.5166
16.5166
16.5517
16.5517
16.5517
16.5517
16.5517
16.5518
16.5518
16.5518
16.5518
16.5518
16.537
16.537
16.537
16.537
16.537
16.5371
16.5371
16.5371
16.5371
16.5371
16.4751
16.4751
16.4751
16.4752
16.4752
16.4752
16.4752
16.4752
16.4752
16.4752
16.3713
16.3714
16.3714
16.3714
16.3714
16.3714
16.3714
16.3714
16.3714
16.3714
16.2338
16.2338
16.2338
16.2338
16.2338
16.2339
16.2339
16.2339
16.2339
16.2339
16.0736
16.0737
16.0737
16.0737
16.0737
16.0737
16.0737
16.0737
16.0737
16.0737
15.9046
15.9047
15.9047
15.9047
15.9047
15.9047
15.9047
15.9047
15.9047
15.9048
15.7424
15.7424
15.7424
15.7424
15.7424
15.7425
15.7425
15.7425
15.7425
15.7425
15.6027
15.6027
15.6027
15.6028
15.6028
15.6028
15.6028
15.6028
15.6028
15.6028
15.4991
15.4991
15.4991
15.4992
15.4992
15.4992
15.4992
15.4992
15.4992
15.4992
15.4395
15.4396
15.4396
15.4396
15.4396
15.4396
15.4396
15.4396
15.4396
15.4397
15.4234
15.4234
15.4234
15.4234
15.4234
15.4234
15.4234
15.4235
15.4235
15.4235
15.4401
15.4401
15.4401
15.4401
15.4401
15.4401
15.4401
15.4402
15.4402
15.4402
15.4714
15.4714
15.4714
15.4714
15.4714
15.4714
15.4714
15.4714
15.4715
15.4715
15.4984
15.4984
15.4984
15.4985
15.4985
15.4985
15.4985
15.4985
15.4985
15.4985
15.5122
15.5122
15.5122
15.5122
15.5122
15.5123
15.5123
15.5123
15.5123
15.5123
15.5175
15.5175
15.5175
15.5175
15.5175
15.5175
15.5175
15.5176
15.5176
15.5176
15.5223
15.5223
15.5223
15.5223
15.5224
15.5224
15.5224
15.5224
15.5224
15.5224
15.5304
15.5304
15.5304
15.5304
15.5305
15.5305
15.5305
15.5305
15.5305
15.5305
15.5419
15.5419
15.5419
15.5419
15.5419
15.5419
15.5419
15.5419
15.5419
15.5419
15.5543
15.5543
15.5543
15.5543
15.5543
15.5543
15.5543
15.5543
15.5543
15.5543
15.5652
15.5652
15.5652
15.5652
15.5652
15.5652
15.5652
15.5652
15.5652
15.5652
15.573
15.573
15.573
15.573
15.573
15.573
15.573
15.573
15.573
15.573
15.5775
15.5775
15.5775
15.5775
15.5775
15.5775
15.5775
15.5775
15.5775
15.5775
15.5797
15.5797
15.5797
15.5797
15.5797
15.5797
15.5797
15.5797
15.5797
15.5797
15.5806
15.5806
15.5806
15.5806
15.5806
15.5806
15.5806
15.5806
15.5805
15.5805
5.1766
5.1766
5.17659
5.17658
5.17657
5.17656
5.17655
5.17655
5.17653
5.17654
6.8721
6.8721
6.8721
6.87209
6.87209
6.87208
6.87207
6.87207
6.87206
6.87206
7.89987
7.89987
7.89986
7.89986
7.89986
7.89986
7.89985
7.89985
7.89985
7.89985
8.69165
8.69165
8.69165
8.69166
8.69165
8.69166
8.69165
8.69165
8.69165
8.69165
9.36332
9.36333
9.36333
9.36334
9.36334
9.36334
9.36334
9.36334
9.36334
9.36334
9.9651
9.96511
9.96511
9.96512
9.96512
9.96513
9.96513
9.96513
9.96513
9.96514
10.5223
10.5223
10.5223
10.5223
10.5223
10.5223
10.5223
10.5224
10.5224
10.5224
11.049
11.049
11.049
11.049
11.049
11.049
11.049
11.049
11.049
11.049
11.5531
11.5531
11.5531
11.5531
11.5531
11.5532
11.5532
11.5532
11.5532
11.5532
12.0394
12.0394
12.0394
12.0394
12.0394
12.0395
12.0395
12.0395
12.0395
12.0395
12.5102
12.5102
12.5102
12.5103
12.5103
12.5103
12.5103
12.5103
12.5103
12.5103
12.9664
12.9664
12.9664
12.9664
12.9664
12.9665
12.9665
12.9665
12.9665
12.9665
13.4076
13.4076
13.4076
13.4076
13.4076
13.4077
13.4077
13.4077
13.4077
13.4077
13.8326
13.8326
13.8326
13.8326
13.8326
13.8326
13.8326
13.8326
13.8326
13.8326
14.2392
14.2392
14.2392
14.2393
14.2393
14.2393
14.2393
14.2393
14.2393
14.2393
14.6249
14.6249
14.6249
14.6249
14.625
14.625
14.625
14.625
14.625
14.625
14.9864
14.9864
14.9864
14.9864
14.9864
14.9864
14.9865
14.9865
14.9865
14.9865
15.32
15.32
15.32
15.32
15.3201
15.3201
15.3201
15.3201
15.3201
15.3201
15.6218
15.6218
15.6218
15.6218
15.6219
15.6219
15.6219
15.6219
15.6219
15.6219
15.8877
15.8877
15.8877
15.8877
15.8877
15.8878
15.8878
15.8878
15.8878
15.8878
16.1136
16.1136
16.1136
16.1136
16.1136
16.1136
16.1137
16.1137
16.1137
16.1137
16.2957
16.2957
16.2957
16.2957
16.2957
16.2958
16.2958
16.2958
16.2958
16.2958
16.4308
16.4308
16.4308
16.4308
16.4308
16.4309
16.4309
16.4309
16.4309
16.4309
16.5165
16.5165
16.5165
16.5165
16.5165
16.5165
16.5166
16.5166
16.5166
16.5166
16.5517
16.5517
16.5517
16.5517
16.5517
16.5517
16.5518
16.5518
16.5518
16.5518
16.537
16.537
16.537
16.537
16.537
16.537
16.5371
16.5371
16.5371
16.5371
16.4751
16.4751
16.4751
16.4751
16.4752
16.4752
16.4752
16.4752
16.4752
16.4752
16.3713
16.3713
16.3714
16.3714
16.3714
16.3714
16.3714
16.3714
16.3714
16.3714
16.2338
16.2338
16.2338
16.2338
16.2338
16.2338
16.2339
16.2339
16.2339
16.2339
16.0736
16.0736
16.0736
16.0736
16.0736
16.0736
16.0737
16.0737
16.0737
16.0737
15.9046
15.9046
15.9046
15.9046
15.9046
15.9046
15.9046
15.9046
15.9046
15.9047
15.7423
15.7423
15.7423
15.7423
15.7423
15.7424
15.7424
15.7424
15.7424
15.7424
15.6026
15.6026
15.6026
15.6027
15.6027
15.6027
15.6027
15.6027
15.6027
15.6027
15.499
15.499
15.499
15.4991
15.4991
15.4991
15.4991
15.4991
15.4991
15.4991
15.4394
15.4395
15.4395
15.4395
15.4395
15.4395
15.4395
15.4395
15.4395
15.4396
15.4233
15.4233
15.4233
15.4234
15.4234
15.4234
15.4234
15.4234
15.4234
15.4234
15.44
15.44
15.4401
15.4401
15.4401
15.4401
15.4401
15.4401
15.4401
15.4402
15.4713
15.4713
15.4714
15.4714
15.4714
15.4714
15.4714
15.4714
15.4714
15.4715
15.4984
15.4984
15.4984
15.4984
15.4984
15.4985
15.4985
15.4985
15.4985
15.4985
15.5122
15.5122
15.5122
15.5122
15.5122
15.5122
15.5122
15.5123
15.5123
15.5123
15.5175
15.5175
15.5175
15.5175
15.5175
15.5175
15.5175
15.5175
15.5175
15.5176
15.5223
15.5223
15.5223
15.5223
15.5223
15.5223
15.5224
15.5224
15.5224
15.5224
15.5304
15.5304
15.5304
15.5304
15.5304
15.5304
15.5304
15.5305
15.5305
15.5305
15.5418
15.5419
15.5419
15.5419
15.5419
15.5419
15.5419
15.5419
15.5419
15.5419
15.5543
15.5543
15.5543
15.5543
15.5543
15.5543
15.5543
15.5543
15.5543
15.5543
15.5652
15.5652
15.5652
15.5652
15.5652
15.5652
15.5652
15.5652
15.5652
15.5652
15.573
15.573
15.573
15.573
15.573
15.573
15.573
15.573
15.573
15.573
15.5775
15.5775
15.5775
15.5775
15.5775
15.5775
15.5775
15.5775
15.5775
15.5775
15.5797
15.5797
15.5797
15.5797
15.5797
15.5797
15.5797
15.5797
15.5797
15.5797
15.5805
15.5805
15.5805
15.5805
15.5805
15.5805
15.5805
15.5805
15.5805
15.5805
)
;

boundaryField
{
    inlet
    {
        type            calculated;
        value           nonuniform List<scalar> 
500
(
5.17666
6.87219
7.89996
8.69175
9.36343
9.96522
10.5224
11.0491
11.5533
12.0396
12.5104
12.9666
13.4078
13.8328
14.2394
14.6251
14.9866
15.3203
15.6221
15.888
16.1139
16.296
16.4311
16.5169
16.5521
16.5374
16.4756
16.3719
16.2344
16.0742
15.905
15.7426
15.6028
15.4993
15.44
15.4242
15.441
15.4722
15.4992
15.5129
15.5181
15.5229
15.5309
15.5423
15.5547
15.5655
15.5733
15.5778
15.58
15.5808
5.17664
6.87216
7.89994
8.69173
9.36341
9.9652
10.5224
11.0491
11.5532
12.0395
12.5104
12.9665
13.4078
13.8327
14.2394
14.6251
14.9866
15.3202
15.622
15.8879
16.1138
16.296
16.4311
16.5168
16.552
16.5373
16.4755
16.3718
16.2343
16.0741
15.905
15.7426
15.6028
15.4993
15.44
15.4241
15.4408
15.472
15.499
15.5127
15.518
15.5227
15.5308
15.5422
15.5546
15.5654
15.5732
15.5777
15.5799
15.5807
5.17663
6.87215
7.89993
8.69172
9.3634
9.96518
10.5224
11.0491
11.5532
12.0395
12.5103
12.9665
13.4077
13.8327
14.2394
14.6251
14.9866
15.3202
15.622
15.8879
16.1138
16.2959
16.431
16.5167
16.5519
16.5373
16.4754
16.3717
16.2342
16.0741
15.905
15.7426
15.6028
15.4993
15.44
15.424
15.4407
15.4719
15.4989
15.5126
15.5179
15.5227
15.5307
15.5421
15.5545
15.5654
15.5732
15.5777
15.5799
15.5807
5.17662
6.87214
7.89991
8.6917
9.36338
9.96517
10.5224
11.049
11.5532
12.0395
12.5103
12.9665
13.4077
13.8327
14.2393
14.625
14.9865
15.3202
15.622
15.8879
16.1138
16.2959
16.431
16.5167
16.5519
16.5372
16.4753
16.3716
16.2341
16.074
15.9049
15.7426
15.6028
15.4993
15.4399
15.4239
15.4405
15.4717
15.4988
15.5125
15.5178
15.5226
15.5306
15.5421
15.5545
15.5653
15.5731
15.5776
15.5798
15.5807
5.17661
6.87213
7.8999
8.69169
9.36337
9.96515
10.5224
11.049
11.5532
12.0395
12.5103
12.9665
13.4077
13.8326
14.2393
14.625
14.9865
15.3201
15.6219
15.8878
16.1137
16.2958
16.4309
16.5166
16.5518
16.5371
16.4753
16.3715
16.2341
16.0739
15.9049
15.7425
15.6028
15.4993
15.4398
15.4238
15.4404
15.4716
15.4987
15.5124
15.5177
15.5225
15.5306
15.542
15.5544
15.5653
15.5731
15.5776
15.5798
15.5806
5.17661
6.87212
7.89989
8.69168
9.36336
9.96514
10.5224
11.049
11.5532
12.0395
12.5103
12.9665
13.4077
13.8326
14.2393
14.625
14.9865
15.3201
15.6219
15.8878
16.1137
16.2958
16.4309
16.5166
16.5518
16.5371
16.4752
16.3715
16.234
16.0738
15.9048
15.7425
15.6028
15.4992
15.4398
15.4236
15.4403
15.4715
15.4986
15.5124
15.5176
15.5224
15.5305
15.542
15.5544
15.5652
15.573
15.5776
15.5798
15.5806
5.1766
6.87212
7.89989
8.69167
9.36335
9.96513
10.5223
11.049
11.5532
12.0394
12.5103
12.9664
13.4076
13.8326
14.2393
14.625
14.9864
15.3201
15.6219
15.8878
16.1136
16.2958
16.4309
16.5166
16.5518
16.5371
16.4752
16.3714
16.2339
16.0738
15.9048
15.7425
15.6028
15.4992
15.4397
15.4235
15.4402
15.4715
15.4985
15.5123
15.5176
15.5224
15.5305
15.5419
15.5543
15.5652
15.573
15.5776
15.5798
15.5806
5.1766
6.87211
7.89988
8.69166
9.36334
9.96512
10.5223
11.049
11.5531
12.0394
12.5102
12.9664
13.4076
13.8326
14.2392
14.6249
14.9864
15.32
15.6218
15.8877
16.1136
16.2957
16.4308
16.5165
16.5517
16.537
16.4751
16.3714
16.2338
16.0737
15.9047
15.7425
15.6028
15.4992
15.4396
15.4234
15.4401
15.4714
15.4985
15.5122
15.5175
15.5224
15.5304
15.5419
15.5543
15.5652
15.573
15.5775
15.5797
15.5806
5.1766
6.8721
7.89987
8.69165
9.36333
9.96511
10.5223
11.049
11.5531
12.0394
12.5102
12.9664
13.4076
13.8326
14.2392
14.6249
14.9864
15.32
15.6218
15.8877
16.1136
16.2957
16.4308
16.5165
16.5517
16.537
16.4751
16.3713
16.2338
16.0736
15.9046
15.7424
15.6027
15.4991
15.4395
15.4234
15.4401
15.4714
15.4984
15.5122
15.5175
15.5223
15.5304
15.5419
15.5543
15.5652
15.573
15.5775
15.5797
15.5806
5.1766
6.8721
7.89987
8.69165
9.36332
9.9651
10.5223
11.049
11.5531
12.0394
12.5102
12.9664
13.4076
13.8326
14.2392
14.6249
14.9864
15.32
15.6218
15.8877
16.1136
16.2957
16.4308
16.5165
16.5517
16.537
16.4751
16.3713
16.2338
16.0736
15.9046
15.7423
15.6026
15.499
15.4394
15.4233
15.44
15.4713
15.4984
15.5122
15.5175
15.5223
15.5304
15.5418
15.5543
15.5652
15.573
15.5775
15.5797
15.5805
)
;
    }
    outlet
    {
        type            calculated;
        value           nonuniform List<scalar> 
500
(
5.17662
6.87215
7.89994
8.69174
9.36343
9.96522
10.5224
11.0491
11.5533
12.0396
12.5104
12.9666
13.4078
13.8328
14.2395
14.6252
14.9867
15.3203
15.6221
15.888
16.114
16.2961
16.4312
16.5169
16.5522
16.5375
16.4757
16.372
16.2345
16.0743
15.9051
15.7427
15.6029
15.4994
15.4402
15.4243
15.4412
15.4724
15.4993
15.513
15.5182
15.5229
15.5309
15.5423
15.5547
15.5655
15.5733
15.5778
15.5799
15.5808
5.17659
6.87212
7.89991
8.69171
9.36339
9.96519
10.5224
11.0491
11.5532
12.0395
12.5104
12.9666
13.4078
13.8327
14.2394
14.6251
14.9866
15.3203
15.6221
15.888
16.1139
16.296
16.4311
16.5169
16.5521
16.5374
16.4756
16.3719
16.2344
16.0742
15.9051
15.7427
15.6029
15.4994
15.4401
15.4242
15.441
15.4721
15.4991
15.5128
15.5181
15.5228
15.5308
15.5422
15.5546
15.5655
15.5732
15.5777
15.5799
15.5807
5.17658
6.87211
7.89989
8.69169
9.36338
9.96517
10.5224
11.0491
11.5532
12.0395
12.5103
12.9665
13.4077
13.8327
14.2394
14.6251
14.9866
15.3202
15.622
15.8879
16.1139
16.296
16.4311
16.5168
16.552
16.5373
16.4755
16.3718
16.2343
16.0742
15.9051
15.7427
15.603
15.4994
15.4401
15.4241
15.4408
15.472
15.499
15.5127
15.518
15.5227
15.5308
15.5422
15.5546
15.5654
15.5732
15.5777
15.5798
15.5807
5.17657
6.87209
7.89988
8.69168
9.36336
9.96515
10.5224
11.049
11.5532
12.0395
12.5103
12.9665
13.4077
13.8327
14.2394
14.6251
14.9866
15.3202
15.622
15.8879
16.1138
16.2959
16.4311
16.5168
16.552
16.5373
16.4754
16.3717
16.2342
16.0741
15.905
15.7427
15.6029
15.4994
15.44
15.424
15.4407
15.4719
15.4989
15.5126
15.5179
15.5227
15.5307
15.5421
15.5545
15.5654
15.5731
15.5776
15.5798
15.5806
5.17656
6.87208
7.89987
8.69167
9.36335
9.96514
10.5224
11.049
11.5532
12.0395
12.5103
12.9665
13.4077
13.8327
14.2393
14.625
14.9865
15.3202
15.622
15.8879
16.1138
16.2959
16.431
16.5167
16.5519
16.5372
16.4754
16.3716
16.2342
16.074
15.905
15.7427
15.6029
15.4994
15.44
15.4239
15.4405
15.4718
15.4988
15.5125
15.5178
15.5226
15.5307
15.5421
15.5545
15.5653
15.5731
15.5776
15.5798
15.5806
5.17655
6.87207
7.89986
8.69166
9.36334
9.96514
10.5224
11.049
11.5532
12.0395
12.5103
12.9665
13.4077
13.8326
14.2393
14.625
14.9865
15.3201
15.6219
15.8878
16.1137
16.2959
16.431
16.5167
16.5519
16.5372
16.4753
16.3716
16.2341
16.074
15.9049
15.7426
15.6029
15.4994
15.4399
15.4238
15.4404
15.4717
15.4987
15.5125
15.5177
15.5225
15.5306
15.542
15.5544
15.5653
15.573
15.5776
15.5797
15.5806
5.17655
6.87207
7.89985
8.69165
9.36334
9.96513
10.5224
11.049
11.5532
12.0395
12.5103
12.9665
13.4077
13.8326
14.2393
14.625
14.9865
15.3201
15.6219
15.8878
16.1137
16.2958
16.4309
16.5166
16.5518
16.5372
16.4753
16.3715
16.234
16.0739
15.9049
15.7426
15.6029
15.4993
15.4398
15.4237
15.4403
15.4716
15.4986
15.5124
15.5177
15.5225
15.5306
15.542
15.5544
15.5653
15.573
15.5776
15.5797
15.5806
5.17654
6.87207
7.89985
8.69165
9.36334
9.96513
10.5224
11.049
11.5532
12.0395
12.5103
12.9665
13.4077
13.8326
14.2393
14.625
14.9865
15.3201
15.6219
15.8878
16.1137
16.2958
16.4309
16.5166
16.5518
16.5371
16.4752
16.3715
16.2339
16.0738
15.9048
15.7426
15.6029
15.4993
15.4397
15.4236
15.4402
15.4715
15.4986
15.5123
15.5176
15.5224
15.5305
15.5419
15.5544
15.5652
15.573
15.5775
15.5797
15.5805
5.17654
6.87206
7.89985
8.69165
9.36334
9.96514
10.5224
11.049
11.5532
12.0395
12.5103
12.9665
13.4077
13.8326
14.2393
14.625
14.9865
15.3201
15.6219
15.8878
16.1137
16.2958
16.4309
16.5166
16.5518
16.5371
16.4752
16.3714
16.2339
16.0737
15.9048
15.7425
15.6028
15.4992
15.4397
15.4235
15.4402
15.4715
15.4985
15.5123
15.5176
15.5224
15.5305
15.5419
15.5543
15.5652
15.573
15.5775
15.5797
15.5805
5.17654
6.87206
7.89985
8.69165
9.36334
9.96514
10.5224
11.049
11.5532
12.0395
12.5103
12.9665
13.4077
13.8326
14.2393
14.625
14.9865
15.3201
15.6219
15.8878
16.1137
16.2958
16.4309
16.5166
16.5518
16.5371
16.4752
16.3714
16.2339
16.0737
15.9047
15.7424
15.6027
15.4991
15.4396
15.4234
15.4402
15.4715
15.4985
15.5123
15.5176
15.5224
15.5305
15.5419
15.5543
15.5652
15.573
15.5775
15.5797
15.5805
)
;
    }
    sideLeft
    {
        type            calculated;
        value           nonuniform List<scalar> 
500
(
5.17666
6.87219
7.89996
8.69175
9.36343
9.96522
10.5224
11.0491
11.5533
12.0396
12.5104
12.9666
13.4078
13.8328
14.2394
14.6251
14.9866
15.3203
15.6221
15.888
16.1139
16.296
16.4311
16.5169
16.5521
16.5374
16.4756
16.3719
16.2344
16.0742
15.905
15.7426
15.6028
15.4993
15.44
15.4242
15.441
15.4722
15.4992
15.5129
15.5181
15.5229
15.5309
15.5423
15.5547
15.5655
15.5733
15.5778
15.58
15.5808
5.17667
6.87219
7.89997
8.69176
9.36344
9.96523
10.5224
11.0491
11.5533
12.0396
12.5104
12.9666
13.4078
13.8328
14.2394
14.6251
14.9866
15.3203
15.6221
15.888
16.1139
16.296
16.4312
16.5169
16.5521
16.5374
16.4756
16.3719
16.2344
16.0742
15.905
15.7426
15.6028
15.4993
15.44
15.4242
15.441
15.4722
15.4992
15.5129
15.5181
15.5229
15.5309
15.5423
15.5547
15.5655
15.5733
15.5778
15.58
15.5808
5.17666
6.87218
7.89996
8.69176
9.36344
9.96523
10.5224
11.0491
11.5533
12.0396
12.5104
12.9666
13.4078
13.8328
14.2394
14.6251
14.9866
15.3203
15.6221
15.888
16.1139
16.296
16.4312
16.5169
16.5521
16.5374
16.4756
16.3719
16.2344
16.0742
15.905
15.7426
15.6028
15.4993
15.44
15.4242
15.4411
15.4723
15.4992
15.5129
15.5181
15.5229
15.5309
15.5423
15.5547
15.5655
15.5733
15.5778
15.58
15.5808
5.17666
6.87218
7.89996
8.69176
9.36344
9.96523
10.5225
11.0491
11.5533
12.0396
12.5104
12.9666
13.4078
13.8328
14.2394
14.6252
14.9866
15.3203
15.6221
15.888
16.1139
16.2961
16.4312
16.5169
16.5521
16.5375
16.4756
16.3719
16.2345
16.0742
15.905
15.7426
15.6029
15.4994
15.4401
15.4242
15.4411
15.4723
15.4992
15.5129
15.5181
15.5229
15.5309
15.5423
15.5547
15.5655
15.5733
15.5778
15.58
15.5808
5.17665
6.87217
7.89996
8.69175
9.36344
9.96523
10.5224
11.0491
11.5533
12.0396
12.5104
12.9666
13.4078
13.8328
14.2394
14.6252
14.9867
15.3203
15.6221
15.888
16.1139
16.2961
16.4312
16.5169
16.5521
16.5375
16.4756
16.372
16.2345
16.0742
15.905
15.7426
15.6029
15.4994
15.4401
15.4243
15.4411
15.4723
15.4992
15.5129
15.5182
15.5229
15.5309
15.5423
15.5547
15.5655
15.5733
15.5778
15.58
15.5808
5.17664
6.87217
7.89995
8.69175
9.36343
9.96523
10.5225
11.0491
11.5533
12.0396
12.5104
12.9666
13.4078
13.8328
14.2395
14.6252
14.9867
15.3203
15.6221
15.888
16.1139
16.2961
16.4312
16.5169
16.5521
16.5375
16.4757
16.372
16.2345
16.0742
15.905
15.7426
15.6029
15.4994
15.4401
15.4243
15.4411
15.4723
15.4992
15.513
15.5182
15.5229
15.5309
15.5423
15.5547
15.5655
15.5733
15.5778
15.58
15.5808
5.17663
6.87216
7.89995
8.69174
9.36343
9.96522
10.5224
11.0491
11.5533
12.0396
12.5104
12.9666
13.4078
13.8328
14.2395
14.6252
14.9867
15.3203
15.6221
15.888
16.1139
16.2961
16.4312
16.5169
16.5521
16.5375
16.4757
16.372
16.2345
16.0742
15.905
15.7426
15.6029
15.4994
15.4401
15.4243
15.4411
15.4723
15.4993
15.513
15.5182
15.5229
15.5309
15.5423
15.5547
15.5655
15.5733
15.5778
15.58
15.5808
5.17663
6.87216
7.89994
8.69174
9.36343
9.96522
10.5224
11.0491
11.5533
12.0396
12.5104
12.9666
13.4078
13.8328
14.2395
14.6252
14.9867
15.3203
15.6221
15.888
16.114
16.2961
16.4312
16.5169
16.5522
16.5375
16.4757
16.372
16.2345
16.0743
15.9051
15.7426
15.6029
15.4994
15.4401
15.4243
15.4411
15.4723
15.4993
15.513
15.5182
15.5229
15.5309
15.5423
15.5547
15.5655
15.5733
15.5778
15.5799
15.5808
5.17662
6.87215
7.89994
8.69174
9.36342
9.96522
10.5224
11.0491
11.5533
12.0396
12.5104
12.9666
13.4078
13.8328
14.2395
14.6252
14.9867
15.3203
15.6221
15.888
16.114
16.2961
16.4312
16.5169
16.5522
16.5375
16.4757
16.372
16.2345
16.0743
15.9051
15.7426
15.6029
15.4994
15.4401
15.4243
15.4411
15.4723
15.4993
15.513
15.5182
15.5229
15.5309
15.5423
15.5547
15.5655
15.5733
15.5778
15.5799
15.5808
5.17662
6.87215
7.89994
8.69174
9.36343
9.96522
10.5224
11.0491
11.5533
12.0396
12.5104
12.9666
13.4078
13.8328
14.2395
14.6252
14.9867
15.3203
15.6221
15.888
16.114
16.2961
16.4312
16.5169
16.5522
16.5375
16.4757
16.372
16.2345
16.0743
15.9051
15.7427
15.6029
15.4994
15.4402
15.4243
15.4412
15.4724
15.4993
15.513
15.5182
15.5229
15.5309
15.5423
15.5547
15.5655
15.5733
15.5778
15.5799
15.5808
)
;
    }
    sideRight
    {
        type            calculated;
        value           nonuniform List<scalar> 
500
(
5.1766
6.8721
7.89987
8.69165
9.36332
9.9651
10.5223
11.049
11.5531
12.0394
12.5102
12.9664
13.4076
13.8326
14.2392
14.6249
14.9864
15.32
15.6218
15.8877
16.1136
16.2957
16.4308
16.5165
16.5517
16.537
16.4751
16.3713
16.2338
16.0736
15.9046
15.7423
15.6026
15.499
15.4394
15.4233
15.44
15.4713
15.4984
15.5122
15.5175
15.5223
15.5304
15.5418
15.5543
15.5652
15.573
15.5775
15.5797
15.5805
5.1766
6.8721
7.89987
8.69165
9.36333
9.96511
10.5223
11.049
11.5531
12.0394
12.5102
12.9664
13.4076
13.8326
14.2392
14.6249
14.9864
15.32
15.6218
15.8877
16.1136
16.2957
16.4308
16.5165
16.5517
16.537
16.4751
16.3713
16.2338
16.0736
15.9046
15.7423
15.6026
15.499
15.4395
15.4233
15.44
15.4713
15.4984
15.5122
15.5175
15.5223
15.5304
15.5419
15.5543
15.5652
15.573
15.5775
15.5797
15.5805
5.17659
6.8721
7.89986
8.69165
9.36333
9.96511
10.5223
11.049
11.5531
12.0394
12.5102
12.9664
13.4076
13.8326
14.2392
14.6249
14.9864
15.32
15.6218
15.8877
16.1136
16.2957
16.4308
16.5165
16.5517
16.537
16.4751
16.3714
16.2338
16.0736
15.9046
15.7423
15.6026
15.499
15.4395
15.4233
15.4401
15.4714
15.4984
15.5122
15.5175
15.5223
15.5304
15.5419
15.5543
15.5652
15.573
15.5775
15.5797
15.5805
5.17658
6.87209
7.89986
8.69166
9.36334
9.96512
10.5223
11.049
11.5531
12.0394
12.5103
12.9664
13.4076
13.8326
14.2393
14.6249
14.9864
15.32
15.6218
15.8877
16.1136
16.2957
16.4308
16.5165
16.5517
16.537
16.4751
16.3714
16.2338
16.0736
15.9046
15.7423
15.6027
15.4991
15.4395
15.4234
15.4401
15.4714
15.4984
15.5122
15.5175
15.5223
15.5304
15.5419
15.5543
15.5652
15.573
15.5775
15.5797
15.5805
5.17657
6.87209
7.89986
8.69165
9.36334
9.96512
10.5223
11.049
11.5531
12.0394
12.5103
12.9664
13.4076
13.8326
14.2393
14.625
14.9864
15.3201
15.6219
15.8877
16.1136
16.2957
16.4308
16.5165
16.5517
16.537
16.4752
16.3714
16.2338
16.0736
15.9046
15.7423
15.6027
15.4991
15.4395
15.4234
15.4401
15.4714
15.4984
15.5122
15.5175
15.5223
15.5304
15.5419
15.5543
15.5652
15.573
15.5775
15.5797
15.5805
5.17656
6.87208
7.89986
8.69166
9.36334
9.96513
10.5223
11.049
11.5532
12.0395
12.5103
12.9665
13.4077
13.8326
14.2393
14.625
14.9864
15.3201
15.6219
15.8878
16.1136
16.2958
16.4309
16.5165
16.5517
16.537
16.4752
16.3714
16.2338
16.0736
15.9046
15.7424
15.6027
15.4991
15.4395
15.4234
15.4401
15.4714
15.4985
15.5122
15.5175
15.5223
15.5304
15.5419
15.5543
15.5652
15.573
15.5775
15.5797
15.5805
5.17655
6.87207
7.89985
8.69165
9.36334
9.96513
10.5223
11.049
11.5532
12.0395
12.5103
12.9665
13.4077
13.8326
14.2393
14.625
14.9865
15.3201
15.6219
15.8878
16.1137
16.2958
16.4309
16.5166
16.5518
16.5371
16.4752
16.3714
16.2339
16.0737
15.9046
15.7424
15.6027
15.4991
15.4395
15.4234
15.4401
15.4714
15.4985
15.5122
15.5175
15.5224
15.5304
15.5419
15.5543
15.5652
15.573
15.5775
15.5797
15.5805
5.17655
6.87207
7.89985
8.69165
9.36334
9.96513
10.5224
11.049
11.5532
12.0395
12.5103
12.9665
13.4077
13.8326
14.2393
14.625
14.9865
15.3201
15.6219
15.8878
16.1137
16.2958
16.4309
16.5166
16.5518
16.5371
16.4752
16.3714
16.2339
16.0737
15.9046
15.7424
15.6027
15.4991
15.4395
15.4234
15.4401
15.4714
15.4985
15.5123
15.5175
15.5224
15.5305
15.5419
15.5543
15.5652
15.573
15.5775
15.5797
15.5805
5.17653
6.87206
7.89985
8.69165
9.36334
9.96513
10.5224
11.049
11.5532
12.0395
12.5103
12.9665
13.4077
13.8326
14.2393
14.625
14.9865
15.3201
15.6219
15.8878
16.1137
16.2958
16.4309
16.5166
16.5518
16.5371
16.4752
16.3714
16.2339
16.0737
15.9046
15.7424
15.6027
15.4991
15.4395
15.4234
15.4401
15.4714
15.4985
15.5123
15.5175
15.5224
15.5305
15.5419
15.5543
15.5652
15.573
15.5775
15.5797
15.5805
5.17654
6.87206
7.89985
8.69165
9.36334
9.96514
10.5224
11.049
11.5532
12.0395
12.5103
12.9665
13.4077
13.8326
14.2393
14.625
14.9865
15.3201
15.6219
15.8878
16.1137
16.2958
16.4309
16.5166
16.5518
16.5371
16.4752
16.3714
16.2339
16.0737
15.9047
15.7424
15.6027
15.4991
15.4396
15.4234
15.4402
15.4715
15.4985
15.5123
15.5176
15.5224
15.5305
15.5419
15.5543
15.5652
15.573
15.5775
15.5797
15.5805
)
;
    }
    top
    {
        type            symmetryPlane;
        value           nonuniform List<scalar> 
100
(
15.5808
15.5807
15.5807
15.5807
15.5806
15.5806
15.5806
15.5806
15.5806
15.5805
15.5808
15.5807
15.5807
15.5807
15.5806
15.5806
15.5806
15.5806
15.5806
15.5805
15.5808
15.5807
15.5807
15.5806
15.5806
15.5806
15.5806
15.5806
15.5806
15.5805
15.5808
15.5807
15.5807
15.5806
15.5806
15.5806
15.5806
15.5806
15.5806
15.5805
15.5808
15.5807
15.5807
15.5806
15.5806
15.5806
15.5806
15.5806
15.5806
15.5805
15.5808
15.5807
15.5807
15.5806
15.5806
15.5806
15.5806
15.5806
15.5806
15.5805
15.5808
15.5807
15.5807
15.5806
15.5806
15.5806
15.5806
15.5806
15.5806
15.5805
15.5808
15.5807
15.5807
15.5806
15.5806
15.5806
15.5806
15.5806
15.5806
15.5805
15.5808
15.5807
15.5807
15.5806
15.5806
15.5806
15.5806
15.5805
15.5805
15.5805
15.5808
15.5807
15.5807
15.5806
15.5806
15.5806
15.5806
15.5805
15.5805
15.5805
)
;
    }
    bottomRoughWall
    {
        type            calculated;
        value           uniform 0;
    }
}


// ************************************************************************* //
