/*--------------------------------*- C++ -*----------------------------------*\
| =========                 |                                                 |
| \\      /  F ield         | foam-extend: Open Source CFD                    |
|  \\    /   O peration     | Version:     3.2                                |
|   \\  /    A nd           | Web:         http://www.foam-extend.org         |
|    \\/     M anipulation  | For copyright notice see file Copyright         |
\*---------------------------------------------------------------------------*/
FoamFile
{
    version     2.0;
    format      ascii;
    class       volScalarField;
    location    "1.2e+06";
    object      Uz;
}
// * * * * * * * * * * * * * * * * * * * * * * * * * * * * * * * * * * * * * //

dimensions      [0 1 -1 0 0 0 0];

internalField   nonuniform List<scalar> 
5000
(
-8.96941e-08
3.64014e-07
7.80056e-07
9.73294e-07
1.08995e-06
1.00437e-06
1.12524e-06
8.84061e-07
1.15981e-06
5.75806e-07
-5.85955e-07
5.55007e-07
1.70802e-06
2.22648e-06
2.57906e-06
2.57896e-06
2.90554e-06
2.54274e-06
3.12175e-06
1.6635e-06
-9.84317e-07
5.75881e-07
2.48018e-06
3.32082e-06
3.96153e-06
4.05327e-06
4.58993e-06
4.12687e-06
4.96033e-06
2.78402e-06
-1.78184e-06
3.66044e-07
2.90907e-06
3.8859e-06
4.77024e-06
5.02309e-06
5.81084e-06
5.32558e-06
6.35055e-06
3.64845e-06
-2.39835e-06
-2.57124e-07
2.96895e-06
4.25808e-06
5.50727e-06
5.86094e-06
6.80508e-06
6.26419e-06
7.43912e-06
4.33461e-06
-2.95066e-06
-6.64735e-07
2.34605e-06
3.86184e-06
5.95161e-06
6.37444e-06
7.42141e-06
6.84753e-06
8.14453e-06
4.7579e-06
-3.78719e-06
-1.48426e-06
1.9377e-06
3.73231e-06
5.81564e-06
6.42398e-06
7.73194e-06
7.13773e-06
8.53452e-06
4.94814e-06
-4.75873e-06
-2.35956e-06
1.147e-06
3.01546e-06
5.50492e-06
6.23177e-06
7.70165e-06
7.0851e-06
8.56318e-06
4.85189e-06
-5.97822e-06
-3.55704e-06
1.17043e-07
2.20068e-06
4.88149e-06
5.68095e-06
7.35647e-06
6.72413e-06
8.26835e-06
4.48229e-06
-7.41332e-06
-4.95146e-06
-1.18031e-06
9.82323e-07
3.90077e-06
4.79897e-06
6.67107e-06
6.01779e-06
7.62961e-06
3.80666e-06
-9.1348e-06
-6.65745e-06
-2.79229e-06
-5.03123e-07
2.59201e-06
3.55316e-06
5.6137e-06
4.95121e-06
6.6449e-06
2.81208e-06
-1.11439e-05
-8.64915e-06
-4.71109e-06
-2.36377e-06
8.86391e-07
1.91503e-06
4.15104e-06
3.48599e-06
5.27793e-06
1.45953e-06
-1.34914e-05
-1.09897e-05
-7.00081e-06
-4.58905e-06
-1.20964e-06
-1.34318e-07
2.25641e-06
1.59564e-06
3.50163e-06
-2.80752e-07
-1.61971e-05
-1.36942e-05
-9.67317e-06
-7.22947e-06
-3.755e-06
-2.63997e-06
-1.10322e-07
-7.62253e-07
1.26698e-06
-2.45841e-06
-1.9303e-05
-1.68071e-05
-1.27798e-05
-1.03125e-05
-6.76733e-06
-5.62545e-06
-2.97742e-06
-3.61862e-06
-1.46313e-06
-5.11064e-06
-2.28408e-05
-2.03607e-05
-1.63495e-05
-1.38777e-05
-1.02965e-05
-9.13792e-06
-6.39009e-06
-7.01931e-06
-4.74056e-06
-8.28854e-06
-2.68438e-05
-2.43889e-05
-2.042e-05
-1.79566e-05
-1.43695e-05
-1.32019e-05
-1.03774e-05
-1.09941e-05
-8.59954e-06
-1.20271e-05
-3.13511e-05
-2.8932e-05
-2.50288e-05
-2.25893e-05
-1.9029e-05
-1.78619e-05
-1.49853e-05
-1.55891e-05
-1.30932e-05
-1.63761e-05
-3.63825e-05
-3.4011e-05
-3.01977e-05
-2.77955e-05
-2.42932e-05
-2.31323e-05
-2.0233e-05
-2.0819e-05
-1.82407e-05
-2.13559e-05
-4.19788e-05
-3.96669e-05
-3.59648e-05
-3.36128e-05
-3.01988e-05
-2.90509e-05
-2.61593e-05
-2.67225e-05
-2.40835e-05
-2.7007e-05
-4.8136e-05
-4.58953e-05
-4.23227e-05
-4.00325e-05
-3.67336e-05
-3.56029e-05
-3.27471e-05
-3.32803e-05
-3.06128e-05
-3.33186e-05
-5.48856e-05
-5.27284e-05
-4.93e-05
-4.7081e-05
-4.39216e-05
-4.28117e-05
-4.00201e-05
-4.05149e-05
-3.7854e-05
-4.03118e-05
-6.21901e-05
-6.01285e-05
-5.68539e-05
-5.47119e-05
-5.17115e-05
-5.06229e-05
-4.79198e-05
-4.83643e-05
-4.57473e-05
-4.79271e-05
-7.00009e-05
-6.8044e-05
-6.49264e-05
-6.28653e-05
-6.0039e-05
-5.89738e-05
-5.638e-05
-5.67642e-05
-5.42244e-05
-5.60983e-05
-7.81608e-05
-7.63136e-05
-7.33453e-05
-7.13604e-05
-6.8714e-05
-6.76682e-05
-6.51947e-05
-6.55084e-05
-6.30706e-05
-6.46211e-05
-8.63768e-05
-8.46395e-05
-8.18111e-05
-7.99003e-05
-7.74395e-05
-7.64152e-05
-7.40685e-05
-7.43078e-05
-7.19854e-05
-7.32064e-05
-9.40306e-05
-9.2389e-05
-8.96726e-05
-8.78203e-05
-8.55408e-05
-8.45335e-05
-8.23107e-05
-8.24779e-05
-8.02666e-05
-8.1188e-05
-0.000100619
-9.90552e-05
-9.64325e-05
-9.46368e-05
-9.25454e-05
-9.15603e-05
-8.94585e-05
-8.95648e-05
-8.74407e-05
-8.81134e-05
-0.00010677
-0.000105221
-0.000102624
-0.000100866
-9.89566e-05
-9.79914e-05
-9.60072e-05
-9.60663e-05
-9.39866e-05
-9.45231e-05
-0.000112335
-0.000110776
-0.0001082
-0.000106497
-0.000104807
-0.000103875
-0.000102026
-0.000102063
-9.99854e-05
-0.000100499
-0.000116477
-0.000114962
-0.000112519
-0.000110939
-0.000109595
-0.00010874
-0.00010711
-0.000107177
-0.000105105
-0.000105666
-0.000120859
-0.000119415
-0.000117173
-0.000115774
-0.000114857
-0.000114091
-0.000112727
-0.000112821
-0.000110755
-0.000111413
-0.000125476
-0.00012412
-0.000122136
-0.000120976
-0.000120561
-0.000119899
-0.000118867
-0.000118969
-0.000116951
-0.000117728
-0.000130561
-0.000129345
-0.00012779
-0.000126942
-0.000127077
-0.00012651
-0.000125812
-0.000125912
-0.000124176
-0.000125029
-0.000137512
-0.000136576
-0.000135632
-0.000135156
-0.000135817
-0.00013537
-0.000134985
-0.000135056
-0.000133988
-0.000134709
-0.000140443
-0.000140016
-0.000140248
-0.000140159
-0.000141262
-0.000140963
-0.000141117
-0.000141053
-0.000140922
-0.000141305
-0.000135785
-0.000136082
-0.000137779
-0.000138143
-0.000139628
-0.000139556
-0.000140557
-0.000140253
-0.000141153
-0.000140914
-0.000118028
-0.000119106
-0.000121995
-0.000122875
-0.000124797
-0.000125025
-0.000127028
-0.000126401
-0.000128336
-0.000127339
-9.5357e-05
-9.71655e-05
-0.000101294
-0.000102715
-0.000105037
-0.000105552
-0.000108359
-0.000107573
-0.000110426
-0.000108643
-7.54236e-05
-7.78555e-05
-8.30206e-05
-8.49541e-05
-8.76442e-05
-8.83889e-05
-9.15098e-05
-9.06517e-05
-9.45255e-05
-9.20749e-05
-5.99808e-05
-6.28073e-05
-6.83278e-05
-7.07473e-05
-7.38371e-05
-7.47622e-05
-7.80436e-05
-7.72645e-05
-8.14266e-05
-7.85729e-05
-5.01181e-05
-5.31413e-05
-5.8537e-05
-6.12441e-05
-6.48216e-05
-6.58e-05
-6.9486e-05
-6.85699e-05
-7.24622e-05
-6.94949e-05
-4.35882e-05
-4.6674e-05
-5.16428e-05
-5.43887e-05
-5.83827e-05
-5.93374e-05
-6.32909e-05
-6.22114e-05
-6.59389e-05
-6.32322e-05
-4.29023e-05
-4.58378e-05
-5.0363e-05
-5.28482e-05
-5.71646e-05
-5.79147e-05
-6.20556e-05
-6.09949e-05
-6.46545e-05
-6.2409e-05
-4.29401e-05
-4.55736e-05
-4.97819e-05
-5.18793e-05
-5.62584e-05
-5.68264e-05
-6.08868e-05
-6.007e-05
-6.36725e-05
-6.19135e-05
-4.65208e-05
-4.87325e-05
-5.26093e-05
-5.42589e-05
-5.83896e-05
-5.88371e-05
-6.25593e-05
-6.20467e-05
-6.54016e-05
-6.40549e-05
-4.43493e-05
-4.60529e-05
-4.93693e-05
-5.05918e-05
-5.41432e-05
-5.45222e-05
-5.76585e-05
-5.74049e-05
-6.02518e-05
-5.93498e-05
-3.72059e-05
-3.83629e-05
-4.08641e-05
-4.16795e-05
-4.43816e-05
-4.46795e-05
-4.70334e-05
-4.69506e-05
-4.90538e-05
-4.85649e-05
-2.13687e-05
-2.20193e-05
-2.3554e-05
-2.40137e-05
-2.56945e-05
-2.58894e-05
-2.73426e-05
-2.73418e-05
-2.86075e-05
-2.84197e-05
-8.42804e-06
-8.63499e-06
-9.15073e-06
-9.2969e-06
-9.86725e-06
-9.93452e-06
-1.04256e-05
-1.04341e-05
-1.0854e-05
-1.08119e-05
1.51114e-07
5.37919e-07
9.43712e-07
1.17874e-06
1.37905e-06
1.27701e-06
1.41827e-06
1.15887e-06
1.4268e-06
8.89165e-07
1.02746e-07
1.07525e-06
2.11019e-06
2.76231e-06
3.28855e-06
3.24074e-06
3.61186e-06
3.22797e-06
3.81104e-06
2.44174e-06
9.71621e-08
1.46389e-06
3.14751e-06
4.12619e-06
5.00386e-06
5.05003e-06
5.66657e-06
5.1878e-06
6.04996e-06
4.00429e-06
-3.80853e-07
1.48726e-06
3.69577e-06
4.93535e-06
6.06066e-06
6.24067e-06
7.10298e-06
6.61253e-06
7.68216e-06
5.11447e-06
-8.33936e-07
1.11747e-06
3.9159e-06
5.3136e-06
6.833e-06
7.20824e-06
8.25568e-06
7.69981e-06
8.91659e-06
5.93199e-06
-1.38996e-06
6.94545e-07
3.43008e-06
5.08957e-06
7.07985e-06
7.70106e-06
8.90965e-06
8.31271e-06
9.64921e-06
6.34144e-06
-2.3122e-06
-1.67246e-07
2.90658e-06
4.76206e-06
6.86795e-06
7.69537e-06
9.12909e-06
8.53555e-06
9.9795e-06
6.41413e-06
-3.51513e-06
-1.26629e-06
1.96684e-06
3.91358e-06
6.23858e-06
7.23664e-06
8.85713e-06
8.30228e-06
9.85078e-06
6.09555e-06
-5.07013e-06
-2.75643e-06
6.54935e-07
2.75561e-06
5.2681e-06
6.33538e-06
8.12845e-06
7.61841e-06
9.27107e-06
5.39651e-06
-6.96617e-06
-4.58436e-06
-1.06629e-06
1.14294e-06
3.84473e-06
4.9676e-06
6.92664e-06
6.44232e-06
8.20161e-06
4.27753e-06
-9.25584e-06
-6.82896e-06
-3.21528e-06
-8.89512e-07
1.98978e-06
3.14403e-06
5.2573e-06
4.77834e-06
6.64298e-06
2.72335e-06
-1.19592e-05
-9.48843e-06
-5.80289e-06
-3.40311e-06
-3.73667e-07
8.11218e-07
3.0747e-06
2.59048e-06
4.56026e-06
6.93174e-07
-1.51171e-05
-1.2612e-05
-8.86912e-06
-6.41161e-06
-3.25133e-06
-2.0437e-06
3.55253e-07
-1.3636e-07
1.93539e-06
-1.84239e-06
-1.87611e-05
-1.62261e-05
-1.24431e-05
-9.95397e-06
-6.69359e-06
-5.47088e-06
-2.95244e-06
-3.44423e-06
-1.27152e-06
-4.93302e-06
-2.29241e-05
-2.03672e-05
-1.65623e-05
-1.40579e-05
-1.07204e-05
-9.49163e-06
-6.87533e-06
-7.36025e-06
-5.08744e-06
-8.61241e-06
-2.7642e-05
-2.50702e-05
-2.12622e-05
-1.87591e-05
-1.53743e-05
-1.41494e-05
-1.14555e-05
-1.19295e-05
-9.55926e-06
-1.29279e-05
-3.29367e-05
-3.03593e-05
-2.65689e-05
-2.40795e-05
-2.06783e-05
-1.94603e-05
-1.67103e-05
-1.71736e-05
-1.47138e-05
-1.79093e-05
-3.88395e-05
-3.62661e-05
-3.25134e-05
-3.00487e-05
-2.6662e-05
-2.54564e-05
-2.26676e-05
-2.31247e-05
-2.05901e-05
-2.35971e-05
-4.53545e-05
-4.27974e-05
-3.91028e-05
-3.66716e-05
-3.33281e-05
-3.2139e-05
-2.93323e-05
-2.97815e-05
-2.71942e-05
-2.99988e-05
-5.2495e-05
-4.99668e-05
-4.63485e-05
-4.39587e-05
-4.06873e-05
-3.95157e-05
-3.67169e-05
-3.71521e-05
-3.45231e-05
-3.71162e-05
-6.02338e-05
-5.77459e-05
-5.42166e-05
-5.1878e-05
-4.87037e-05
-4.75517e-05
-4.47831e-05
-4.51976e-05
-4.25397e-05
-4.49122e-05
-6.85344e-05
-6.61021e-05
-6.26764e-05
-6.0396e-05
-5.73405e-05
-5.62074e-05
-5.34906e-05
-5.38759e-05
-5.12077e-05
-5.33464e-05
-7.7344e-05
-7.49867e-05
-7.16786e-05
-6.94605e-05
-6.65398e-05
-6.54218e-05
-6.27736e-05
-6.31179e-05
-6.04602e-05
-6.2346e-05
-8.64827e-05
-8.42205e-05
-8.10408e-05
-7.88894e-05
-7.61181e-05
-7.50135e-05
-7.24503e-05
-7.27429e-05
-7.01198e-05
-7.17324e-05
-9.57164e-05
-9.35686e-05
-9.05208e-05
-8.84349e-05
-8.58179e-05
-8.47207e-05
-8.22477e-05
-8.24759e-05
-7.99056e-05
-8.12215e-05
-0.000104427
-0.000102411
-9.94988e-05
-9.74799e-05
-9.50249e-05
-9.39353e-05
-9.15579e-05
-9.1715e-05
-8.92138e-05
-9.0217e-05
-0.000111618
-0.000109742
-0.000106954
-0.000104996
-0.000102699
-0.000101613
-9.93249e-05
-9.94075e-05
-9.69783e-05
-9.76713e-05
-0.000115897
-0.000114161
-0.000111494
-0.000109599
-0.000107474
-0.000106401
-0.000104206
-0.000104226
-0.000101864
-0.000102283
-0.00011862
-0.000117017
-0.000114437
-0.000112591
-0.000110626
-0.000109562
-0.000107443
-0.000107411
-0.000105093
-0.000105287
-0.000120289
-0.000118786
-0.00011629
-0.000114511
-0.000112756
-0.000111716
-0.000109711
-0.000109648
-0.000107351
-0.000107445
-0.000120797
-0.000119338
-0.00011696
-0.000115298
-0.000113891
-0.000112923
-0.00011116
-0.000111108
-0.000108854
-0.00010905
-0.000122439
-0.000120989
-0.000118766
-0.000117276
-0.00011631
-0.000115425
-0.000113976
-0.000113934
-0.000111727
-0.000112132
-0.000126119
-0.000124665
-0.000122622
-0.000121364
-0.000120915
-0.000120152
-0.000119088
-0.000119062
-0.000116975
-0.000117652
-0.000131818
-0.00013045
-0.000128784
-0.000127833
-0.000127941
-0.000127277
-0.000126597
-0.000126574
-0.000124802
-0.00012565
-0.000141914
-0.000140829
-0.000139788
-0.000139212
-0.00013985
-0.000139313
-0.000138934
-0.000138913
-0.00013786
-0.000138626
-0.000150652
-0.000150132
-0.000150279
-0.000150103
-0.000151183
-0.000150804
-0.000150938
-0.000150805
-0.000150693
-0.000151086
-0.00014556
-0.000145821
-0.000147468
-0.000147762
-0.000149226
-0.000149081
-0.000150063
-0.000149697
-0.000150567
-0.000150289
-0.000118505
-0.00011956
-0.000122419
-0.000123242
-0.000125131
-0.000125304
-0.000127272
-0.000126594
-0.000128498
-0.000127467
-8.8874e-05
-9.06715e-05
-9.479e-05
-9.61695e-05
-9.84623e-05
-9.89387e-05
-0.000101708
-0.000100888
-0.000103709
-0.000101884
-6.6036e-05
-6.84642e-05
-7.36205e-05
-7.55289e-05
-7.81907e-05
-7.89098e-05
-8.19937e-05
-8.11094e-05
-8.49564e-05
-8.24709e-05
-5.02121e-05
-5.30354e-05
-5.85383e-05
-6.09406e-05
-6.40064e-05
-6.49133e-05
-6.8161e-05
-6.73605e-05
-7.1494e-05
-6.86013e-05
-4.15266e-05
-4.45498e-05
-4.99285e-05
-5.26258e-05
-5.61834e-05
-5.7148e-05
-6.08052e-05
-5.98703e-05
-6.37363e-05
-6.07295e-05
-4.04547e-05
-4.35431e-05
-4.84963e-05
-5.12372e-05
-5.52157e-05
-5.61606e-05
-6.00925e-05
-5.89969e-05
-6.27033e-05
-5.99578e-05
-4.84204e-05
-5.13596e-05
-5.58723e-05
-5.83567e-05
-6.266e-05
-6.34032e-05
-6.7527e-05
-6.64524e-05
-7.00955e-05
-6.78158e-05
-5.51965e-05
-5.78308e-05
-6.20253e-05
-6.41198e-05
-6.84834e-05
-6.90423e-05
-7.30849e-05
-7.22529e-05
-7.58372e-05
-7.40452e-05
-5.92867e-05
-6.14959e-05
-6.5357e-05
-6.70005e-05
-7.1113e-05
-7.1549e-05
-7.52512e-05
-7.47221e-05
-7.80557e-05
-7.6676e-05
-5.47823e-05
-5.64811e-05
-5.97811e-05
-6.09949e-05
-6.45263e-05
-6.48923e-05
-6.80073e-05
-6.77369e-05
-7.05606e-05
-6.96265e-05
-4.29559e-05
-4.4109e-05
-4.65981e-05
-4.74072e-05
-5.00944e-05
-5.03832e-05
-5.27213e-05
-5.26269e-05
-5.47126e-05
-5.42013e-05
-2.38608e-05
-2.45095e-05
-2.60378e-05
-2.64946e-05
-2.81675e-05
-2.83581e-05
-2.98028e-05
-2.97963e-05
-3.10524e-05
-3.0853e-05
-9.17626e-06
-9.38251e-06
-9.89598e-06
-1.00411e-05
-1.06086e-05
-1.06744e-05
-1.11625e-05
-1.1169e-05
-1.15855e-05
-1.15394e-05
1.48708e-07
4.74432e-07
8.40737e-07
9.17016e-07
1.16227e-06
1.01074e-06
1.12641e-06
9.17028e-07
1.10381e-06
5.90124e-07
1.06301e-07
9.89485e-07
1.90459e-06
2.18442e-06
2.8186e-06
2.68689e-06
3.01439e-06
2.71006e-06
3.10545e-06
1.7243e-06
2.05284e-08
1.29906e-06
2.77888e-06
3.28151e-06
4.27837e-06
4.18185e-06
4.73945e-06
4.36351e-06
4.96164e-06
2.86089e-06
-5.36705e-07
1.26507e-06
3.22405e-06
3.85981e-06
5.14627e-06
5.16386e-06
5.95541e-06
5.5514e-06
6.32295e-06
3.64892e-06
-1.09824e-06
7.99333e-07
3.2956e-06
4.24336e-06
5.75504e-06
5.84388e-06
6.84599e-06
6.36598e-06
7.27838e-06
4.1701e-06
-1.71081e-06
2.92878e-07
2.6021e-06
4.0877e-06
5.90539e-06
6.1039e-06
7.31984e-06
6.75288e-06
7.78593e-06
4.35176e-06
-2.68003e-06
-6.71357e-07
1.88725e-06
3.68629e-06
5.59829e-06
6.0273e-06
7.42503e-06
6.76009e-06
7.92108e-06
4.24291e-06
-3.94043e-06
-1.84362e-06
8.27767e-07
2.77854e-06
4.85635e-06
5.5785e-06
7.07112e-06
6.34297e-06
7.67561e-06
3.81916e-06
-5.59599e-06
-3.42698e-06
-5.41948e-07
1.52807e-06
3.7445e-06
4.67253e-06
6.28604e-06
5.53478e-06
7.05466e-06
3.07863e-06
-7.60674e-06
-5.33992e-06
-2.30572e-06
-1.57495e-07
2.21954e-06
3.28457e-06
5.02945e-06
4.29003e-06
5.99716e-06
1.96268e-06
-1.00153e-05
-7.67356e-06
-4.4983e-06
-2.24433e-06
2.96169e-07
1.43864e-06
3.33063e-06
2.616e-06
4.48498e-06
4.44696e-07
-1.28423e-05
-1.04276e-05
-7.13034e-06
-4.79395e-06
-2.09674e-06
-8.97872e-07
1.15661e-06
4.78649e-07
2.47144e-06
-1.53336e-06
-1.61222e-05
-1.36465e-05
-1.02397e-05
-7.82113e-06
-4.97454e-06
-3.73614e-06
-1.51541e-06
-2.16571e-06
-6.20137e-08
-3.97421e-06
-1.98919e-05
-1.73604e-05
-1.38531e-05
-1.13699e-05
-8.38862e-06
-7.11756e-06
-4.73966e-06
-5.37061e-06
-3.14926e-06
-6.9091e-06
-2.41754e-05
-2.15969e-05
-1.80014e-05
-1.54665e-05
-1.23606e-05
-1.10604e-05
-8.5433e-06
-9.13521e-06
-6.80509e-06
-1.04001e-05
-2.90102e-05
-2.6393e-05
-2.27215e-05
-2.01494e-05
-1.69349e-05
-1.56121e-05
-1.29714e-05
-1.35049e-05
-1.10686e-05
-1.44802e-05
-3.44091e-05
-3.17629e-05
-2.80326e-05
-2.54376e-05
-2.21341e-05
-2.07932e-05
-1.80451e-05
-1.85138e-05
-1.5972e-05
-1.91664e-05
-4.03988e-05
-3.77353e-05
-3.39651e-05
-3.13591e-05
-2.79923e-05
-2.66338e-05
-2.37993e-05
-2.41921e-05
-2.15455e-05
-2.45035e-05
-4.69734e-05
-4.43044e-05
-4.0516e-05
-3.79156e-05
-3.45121e-05
-3.31413e-05
-3.02317e-05
-3.05534e-05
-2.78063e-05
-3.04925e-05
-5.41325e-05
-5.14742e-05
-4.76921e-05
-4.51086e-05
-4.16991e-05
-4.03166e-05
-3.73492e-05
-3.76037e-05
-3.47801e-05
-3.71618e-05
-6.18319e-05
-5.92054e-05
-5.54589e-05
-5.29039e-05
-4.95212e-05
-4.8131e-05
-4.51326e-05
-4.53184e-05
-4.2429e-05
-4.44946e-05
-7.00091e-05
-6.74347e-05
-6.37489e-05
-6.12342e-05
-5.79107e-05
-5.65169e-05
-5.35124e-05
-5.36293e-05
-5.06902e-05
-5.24284e-05
-7.8586e-05
-7.60852e-05
-7.24847e-05
-7.00238e-05
-6.6792e-05
-6.54015e-05
-6.24201e-05
-6.24698e-05
-5.95045e-05
-6.09136e-05
-8.73916e-05
-8.49868e-05
-8.14961e-05
-7.91026e-05
-7.59944e-05
-7.46159e-05
-7.16877e-05
-7.16734e-05
-6.8713e-05
-6.97952e-05
-9.61102e-05
-9.38256e-05
-9.04667e-05
-8.81529e-05
-8.51966e-05
-8.38388e-05
-8.09914e-05
-8.09177e-05
-7.79968e-05
-7.87614e-05
-0.00010421
-0.000102068
-9.88604e-05
-9.66344e-05
-9.38554e-05
-9.25267e-05
-8.97845e-05
-8.96578e-05
-8.68094e-05
-8.72695e-05
-0.000110697
-0.000108712
-0.000105666
-0.000103533
-0.00010095
-9.96587e-05
-9.70381e-05
-9.68691e-05
-9.41172e-05
-9.43048e-05
-0.000113927
-0.000112105
-0.000109228
-0.000107192
-0.000104832
-0.000103589
-0.000101113
-0.00010092
-9.82786e-05
-9.82537e-05
-0.000114281
-0.000112624
-0.000109921
-0.000107986
-0.000105868
-0.000104684
-0.000102363
-0.00010217
-9.96424e-05
-9.94865e-05
-0.000113494
-0.000111963
-0.000109423
-0.000107594
-0.000105766
-0.000104648
-0.000102519
-0.000102345
-9.99143e-05
-9.97452e-05
-0.000112584
-0.000111104
-0.000108685
-0.000106983
-0.000105504
-0.000104468
-0.000102588
-0.000102442
-0.000100063
-0.00010003
-0.000114244
-0.000112774
-0.000110505
-0.000108978
-0.000107952
-0.000107013
-0.000105475
-0.000105357
-0.00010305
-0.000103276
-0.000119308
-0.00011786
-0.000115748
-0.000114432
-0.000113878
-0.000113036
-0.000111854
-0.000111732
-0.000109531
-0.000110039
-0.000127344
-0.000125988
-0.000124239
-0.000123225
-0.000123211
-0.000122463
-0.00012166
-0.000121532
-0.00011962
-0.000120308
-0.000136335
-0.000135245
-0.000134136
-0.000133512
-0.000134064
-0.000133457
-0.000132996
-0.000132883
-0.000131722
-0.000132377
-0.000143304
-0.000142781
-0.00014288
-0.000142669
-0.000143687
-0.00014325
-0.000143312
-0.000143103
-0.000142913
-0.000143224
-0.000133321
-0.00013358
-0.0001352
-0.000135476
-0.000136906
-0.000136725
-0.000137661
-0.000137252
-0.000138067
-0.000137737
-0.000109373
-0.000110427
-0.00011327
-0.000114078
-0.000115942
-0.000116084
-0.000118016
-0.000117299
-0.000119163
-0.000118089
-8.92255e-05
-9.10228e-05
-9.51291e-05
-9.64996e-05
-9.87748e-05
-9.92319e-05
-0.000101975
-0.000101131
-0.000103923
-0.00010206
-7.58564e-05
-7.82831e-05
-8.34322e-05
-8.53339e-05
-8.798e-05
-8.86841e-05
-9.17472e-05
-9.08421e-05
-9.46683e-05
-9.21451e-05
-6.44587e-05
-6.72802e-05
-7.27832e-05
-7.51843e-05
-7.82388e-05
-7.91362e-05
-8.23697e-05
-8.15536e-05
-8.56756e-05
-8.2752e-05
-5.88158e-05
-6.18371e-05
-6.72178e-05
-6.99173e-05
-7.34667e-05
-7.44241e-05
-7.80718e-05
-7.71235e-05
-8.09804e-05
-7.79459e-05
-6.05941e-05
-6.36801e-05
-6.86326e-05
-7.13758e-05
-7.5346e-05
-7.6285e-05
-8.02078e-05
-7.90987e-05
-8.27953e-05
-8.00231e-05
-7.08093e-05
-7.37438e-05
-7.82505e-05
-8.07314e-05
-8.50235e-05
-8.57579e-05
-8.98692e-05
-8.87801e-05
-9.24092e-05
-9.01e-05
-7.31182e-05
-7.57463e-05
-7.99333e-05
-8.20209e-05
-8.6374e-05
-8.69231e-05
-9.09539e-05
-9.01086e-05
-9.36784e-05
-9.18592e-05
-6.61141e-05
-6.83191e-05
-7.21772e-05
-7.38176e-05
-7.79269e-05
-7.83594e-05
-8.20574e-05
-8.15235e-05
-8.48491e-05
-8.34567e-05
-5.06404e-05
-5.23372e-05
-5.56372e-05
-5.68514e-05
-6.0384e-05
-6.07514e-05
-6.38668e-05
-6.35974e-05
-6.64184e-05
-6.54826e-05
-3.52635e-05
-3.64161e-05
-3.89057e-05
-3.97159e-05
-4.24042e-05
-4.26947e-05
-4.50336e-05
-4.49407e-05
-4.70257e-05
-4.65152e-05
-1.85273e-05
-1.91762e-05
-2.0705e-05
-2.11633e-05
-2.28371e-05
-2.30295e-05
-2.44751e-05
-2.44701e-05
-2.57269e-05
-2.55291e-05
-7.36065e-06
-7.56702e-06
-8.08062e-06
-8.22618e-06
-8.79383e-06
-8.86007e-06
-9.34824e-06
-9.3551e-06
-9.77166e-06
-9.72588e-06
1.68111e-07
4.47487e-07
9.10745e-07
9.02609e-07
1.11285e-06
1.07481e-06
1.09348e-06
9.8226e-07
1.15756e-06
5.83748e-07
2.01936e-07
9.41346e-07
2.01633e-06
2.14291e-06
2.76185e-06
2.85149e-06
2.93931e-06
2.8347e-06
3.19744e-06
1.63182e-06
9.54926e-08
1.25197e-06
2.95974e-06
3.17787e-06
4.17455e-06
4.40186e-06
4.61467e-06
4.52797e-06
5.06144e-06
2.64831e-06
-4.22216e-07
1.14095e-06
3.36144e-06
3.7479e-06
5.05142e-06
5.40251e-06
5.78143e-06
5.70294e-06
6.38317e-06
3.31494e-06
-1.11492e-06
7.29644e-07
3.49647e-06
3.9925e-06
5.59745e-06
6.019e-06
6.58244e-06
6.44229e-06
7.22938e-06
3.71799e-06
-1.87611e-06
2.06417e-07
2.7819e-06
3.71856e-06
5.76613e-06
6.17028e-06
6.93401e-06
6.68503e-06
7.53984e-06
3.79465e-06
-2.89396e-06
-8.52719e-07
1.82692e-06
3.44531e-06
5.48362e-06
5.89195e-06
6.91671e-06
6.49327e-06
7.3876e-06
3.56951e-06
-4.2643e-06
-2.15393e-06
5.55716e-07
2.60382e-06
4.63858e-06
5.19854e-06
6.52316e-06
5.90076e-06
6.83226e-06
3.03082e-06
-6.0118e-06
-3.86567e-06
-1.03617e-06
1.21903e-06
3.38561e-06
4.11615e-06
5.70338e-06
4.93921e-06
5.93667e-06
2.17877e-06
-8.18079e-06
-5.95259e-06
-2.99229e-06
-6.45101e-07
1.67025e-06
2.55843e-06
4.36784e-06
3.55155e-06
4.67426e-06
9.73634e-07
-1.07669e-05
-8.46428e-06
-5.38435e-06
-2.9513e-06
-4.72525e-07
5.31652e-07
2.51648e-06
1.72281e-06
3.03557e-06
-6.11485e-07
-1.38183e-05
-1.14401e-05
-8.23991e-06
-5.73668e-06
-3.10436e-06
-2.01177e-06
1.07244e-07
-6.00042e-07
9.662e-07
-2.64729e-06
-1.7339e-05
-1.48915e-05
-1.15896e-05
-9.02184e-06
-6.24008e-06
-5.07896e-06
-2.8249e-06
-3.44454e-06
-1.62007e-06
-5.16536e-06
-2.13867e-05
-1.88757e-05
-1.54754e-05
-1.28478e-05
-9.92608e-06
-8.71262e-06
-6.27674e-06
-6.85365e-06
-4.82319e-06
-8.21686e-06
-2.59625e-05
-2.33957e-05
-1.99078e-05
-1.7235e-05
-1.41907e-05
-1.29163e-05
-1.03295e-05
-1.08594e-05
-8.62111e-06
-1.1853e-05
-3.11171e-05
-2.85035e-05
-2.49322e-05
-2.22234e-05
-1.90764e-05
-1.77406e-05
-1.50367e-05
-1.55058e-05
-1.3042e-05
-1.61099e-05
-3.68427e-05
-3.41916e-05
-3.05513e-05
-2.78208e-05
-2.45827e-05
-2.3201e-05
-2.03747e-05
-2.07773e-05
-1.81235e-05
-2.09899e-05
-4.31724e-05
-4.04962e-05
-3.67998e-05
-3.40566e-05
-3.0746e-05
-2.93213e-05
-2.6406e-05
-2.67326e-05
-2.39131e-05
-2.6563e-05
-5.00755e-05
-4.73884e-05
-4.36529e-05
-4.09125e-05
-3.7548e-05
-3.60922e-05
-3.31065e-05
-3.33421e-05
-3.03943e-05
-3.28122e-05
-5.75578e-05
-5.48756e-05
-5.11199e-05
-4.83937e-05
-4.49948e-05
-4.35156e-05
-4.0469e-05
-4.06156e-05
-3.75824e-05
-3.9727e-05
-6.55455e-05
-6.28862e-05
-5.91358e-05
-5.64366e-05
-5.30362e-05
-5.15395e-05
-4.84534e-05
-4.8514e-05
-4.54201e-05
-4.72455e-05
-7.399e-05
-7.13742e-05
-6.76553e-05
-6.49954e-05
-6.16239e-05
-6.01139e-05
-5.7011e-05
-5.69844e-05
-5.38498e-05
-5.53284e-05
-8.27605e-05
-8.02114e-05
-7.65528e-05
-7.3944e-05
-7.06351e-05
-6.91183e-05
-6.6022e-05
-6.59124e-05
-6.27553e-05
-6.38728e-05
-9.16977e-05
-8.92401e-05
-8.56711e-05
-8.31273e-05
-7.99155e-05
-7.83999e-05
-7.53374e-05
-7.51496e-05
-7.19909e-05
-7.27483e-05
-0.00010046
-9.81204e-05
-9.467e-05
-9.22064e-05
-8.91259e-05
-8.76227e-05
-8.46214e-05
-8.43644e-05
-8.12323e-05
-8.16454e-05
-0.000108556
-0.000106361
-0.000103058
-0.000100687
-9.77707e-05
-9.62925e-05
-9.33807e-05
-9.30665e-05
-8.99935e-05
-9.00849e-05
-0.000114916
-0.000112886
-0.000109748
-0.000107482
-0.000104757
-0.000103318
-0.000100519
-0.000100163
-9.71799e-05
-9.69885e-05
-0.000117805
-0.00011595
-0.000112996
-0.000110842
-0.000108345
-0.00010696
-0.000104302
-0.000103929
-0.000101059
-0.000100654
-0.000116621
-0.000114945
-0.000112187
-0.000110154
-0.000107917
-0.000106601
-0.000104113
-0.00010375
-0.00010101
-0.000100491
-0.000113898
-0.000112369
-0.000109798
-0.000107888
-0.000105954
-0.000104716
-0.00010243
-0.000102101
-9.94777e-05
-9.89613e-05
-0.000111275
-0.000109806
-0.000107368
-0.000105596
-0.000104021
-0.000102878
-0.000100856
-0.000100571
-9.80316e-05
-9.76939e-05
-0.000111595
-0.000110106
-0.000107786
-0.000106185
-0.000105061
-0.00010402
-0.000102351
-0.000102111
-9.96352e-05
-9.96094e-05
-0.000116311
-0.000114833
-0.000112664
-0.000111282
-0.00011064
-0.000109713
-0.000108415
-0.000108187
-0.000105841
-0.000106123
-0.000125613
-0.00012422
-0.000122417
-0.000121338
-0.000121255
-0.000120431
-0.000119544
-0.000119328
-0.000117304
-0.000117816
-0.000135799
-0.00013466
-0.000133484
-0.000132795
-0.000133276
-0.000132598
-0.000132058
-0.000131872
-0.000130597
-0.000131132
-0.000141433
-0.000140871
-0.000140904
-0.000140633
-0.000141596
-0.000141089
-0.000141082
-0.000140805
-0.000140528
-0.000140738
-0.000128355
-0.000128589
-0.000130154
-0.000130378
-0.000131762
-0.000131522
-0.000132395
-0.000131933
-0.000132667
-0.000132248
-0.00010543
-0.00010647
-0.000109288
-0.000110052
-0.00011188
-0.000111971
-0.000113853
-0.000113086
-0.00011489
-0.000113744
-8.93625e-05
-9.1158e-05
-9.52524e-05
-9.659e-05
-9.88327e-05
-9.92529e-05
-0.000101952
-0.00010107
-0.000103807
-0.000101875
-7.88875e-05
-8.1319e-05
-8.64605e-05
-8.83393e-05
-9.09602e-05
-9.16368e-05
-9.46646e-05
-9.37247e-05
-9.75103e-05
-9.49269e-05
-6.85355e-05
-7.13633e-05
-7.68555e-05
-7.92422e-05
-8.22747e-05
-8.31551e-05
-8.63542e-05
-8.55124e-05
-8.9607e-05
-8.66277e-05
-6.31442e-05
-6.61728e-05
-7.1544e-05
-7.42361e-05
-7.77667e-05
-7.87118e-05
-8.23312e-05
-8.13623e-05
-8.51947e-05
-8.21077e-05
-6.45657e-05
-6.76563e-05
-7.25947e-05
-7.53321e-05
-7.92821e-05
-8.021e-05
-8.41062e-05
-8.29771e-05
-8.66478e-05
-8.38244e-05
-7.18072e-05
-7.4742e-05
-7.92329e-05
-8.17063e-05
-8.5978e-05
-8.66986e-05
-9.07848e-05
-8.96743e-05
-9.32754e-05
-9.09161e-05
-6.92344e-05
-7.18611e-05
-7.60345e-05
-7.81141e-05
-8.24496e-05
-8.29838e-05
-8.69937e-05
-8.61269e-05
-8.96719e-05
-8.78092e-05
-5.85884e-05
-6.0793e-05
-6.46432e-05
-6.62773e-05
-7.03749e-05
-7.07942e-05
-7.44779e-05
-7.39254e-05
-7.72337e-05
-7.58082e-05
-4.25623e-05
-4.42597e-05
-4.75558e-05
-4.87657e-05
-5.22909e-05
-5.26481e-05
-5.57541e-05
-5.54704e-05
-5.82803e-05
-5.73206e-05
-2.99785e-05
-3.11313e-05
-3.36188e-05
-3.44259e-05
-3.71098e-05
-3.73934e-05
-3.97262e-05
-3.96235e-05
-4.17016e-05
-4.11744e-05
-1.5968e-05
-1.66168e-05
-1.81441e-05
-1.86e-05
-2.02708e-05
-2.04586e-05
-2.19002e-05
-2.1889e-05
-2.3141e-05
-2.29324e-05
-6.52503e-06
-6.73129e-06
-7.24447e-06
-7.38923e-06
-7.956e-06
-8.02076e-06
-8.5077e-06
-8.51259e-06
-8.9277e-06
-8.87851e-06
2.46988e-07
4.46378e-07
8.85513e-07
1.02288e-06
9.71548e-07
1.06722e-06
9.92764e-07
8.90141e-07
1.0863e-06
3.13888e-07
4.85457e-07
9.71431e-07
2.00873e-06
2.44264e-06
2.50296e-06
2.8779e-06
2.71487e-06
2.58924e-06
2.99356e-06
9.62144e-07
3.94762e-07
1.30328e-06
2.93182e-06
3.52423e-06
3.73923e-06
4.38254e-06
4.22597e-06
4.07743e-06
4.66172e-06
1.5634e-06
4.43819e-09
1.06543e-06
3.28468e-06
4.12683e-06
4.5228e-06
5.32918e-06
5.24657e-06
5.05898e-06
5.78138e-06
1.90289e-06
-8.77257e-07
7.25053e-07
3.3806e-06
4.22296e-06
4.86902e-06
5.81199e-06
5.88903e-06
5.61632e-06
6.40689e-06
2.03353e-06
-1.95274e-06
-1.89964e-07
3.01628e-06
3.85801e-06
4.83859e-06
5.8101e-06
6.10433e-06
5.72159e-06
6.52062e-06
1.94034e-06
-3.13464e-06
-1.02638e-06
1.79785e-06
3.09674e-06
4.5806e-06
5.34525e-06
5.88828e-06
5.417e-06
6.18402e-06
1.6084e-06
-4.69165e-06
-2.5093e-06
3.10962e-07
1.92726e-06
3.94664e-06
4.4604e-06
5.27935e-06
4.7197e-06
5.43658e-06
1.01911e-06
-6.48711e-06
-4.26987e-06
-1.47706e-06
4.92254e-07
2.73536e-06
3.20626e-06
4.32446e-06
3.65813e-06
4.3295e-06
1.57028e-07
-8.74244e-06
-6.48033e-06
-3.53832e-06
-1.39299e-06
1.03959e-06
1.57292e-06
2.97481e-06
2.21766e-06
2.89381e-06
-9.85945e-07
-1.13819e-05
-9.05202e-06
-6.01869e-06
-3.75431e-06
-1.12332e-06
-4.89886e-07
1.18298e-06
3.91806e-07
1.14841e-06
-2.42716e-06
-1.45022e-05
-1.21039e-05
-8.93242e-06
-6.58014e-06
-3.77606e-06
-3.02214e-06
-1.10283e-06
-1.88258e-06
-9.31547e-07
-4.20613e-06
-1.80612e-05
-1.55879e-05
-1.23167e-05
-9.88811e-06
-6.90716e-06
-6.06412e-06
-3.95016e-06
-4.61194e-06
-3.38966e-06
-6.40644e-06
-2.21422e-05
-1.96011e-05
-1.62213e-05
-1.37165e-05
-1.05579e-05
-9.64224e-06
-7.33341e-06
-7.84302e-06
-6.26924e-06
-9.08533e-06
-2.67201e-05
-2.41142e-05
-2.06451e-05
-1.8069e-05
-1.47803e-05
-1.37659e-05
-1.12051e-05
-1.16355e-05
-9.7428e-06
-1.22854e-05
-3.18575e-05
-2.91973e-05
-2.56375e-05
-2.29844e-05
-1.96073e-05
-1.84679e-05
-1.5683e-05
-1.60447e-05
-1.38499e-05
-1.60994e-05
-3.75296e-05
-3.48228e-05
-3.11853e-05
-2.84756e-05
-2.50122e-05
-2.37594e-05
-2.07756e-05
-2.10398e-05
-1.85217e-05
-2.04999e-05
-4.37732e-05
-4.10333e-05
-3.73337e-05
-3.45653e-05
-3.1046e-05
-2.96769e-05
-2.65321e-05
-2.66987e-05
-2.38866e-05
-2.55996e-05
-5.05451e-05
-4.77865e-05
-4.40401e-05
-4.12318e-05
-3.76803e-05
-3.61977e-05
-3.29417e-05
-3.29941e-05
-2.98877e-05
-3.13898e-05
-5.78534e-05
-5.50925e-05
-5.13152e-05
-4.84846e-05
-4.49056e-05
-4.33284e-05
-3.99966e-05
-3.99077e-05
-3.65724e-05
-3.78977e-05
-6.56107e-05
-6.28691e-05
-5.90825e-05
-5.62478e-05
-5.26688e-05
-5.10164e-05
-4.76338e-05
-4.74216e-05
-4.39333e-05
-4.50258e-05
-7.37716e-05
-7.10716e-05
-6.72989e-05
-6.44821e-05
-6.09247e-05
-5.92159e-05
-5.58066e-05
-5.54764e-05
-5.19026e-05
-5.2711e-05
-8.21662e-05
-7.95326e-05
-7.58024e-05
-7.30239e-05
-6.95184e-05
-6.77757e-05
-6.43681e-05
-6.39349e-05
-6.03303e-05
-6.08151e-05
-9.06632e-05
-8.8122e-05
-8.44671e-05
-8.17473e-05
-7.83295e-05
-7.65717e-05
-7.31955e-05
-7.26714e-05
-6.90767e-05
-6.92189e-05
-9.89196e-05
-9.64991e-05
-9.29523e-05
-9.03138e-05
-8.70214e-05
-8.52725e-05
-8.19585e-05
-8.13638e-05
-7.78169e-05
-7.76257e-05
-0.000106471
-0.0001042
-0.000100795
-9.82566e-05
-9.5131e-05
-9.34128e-05
-9.01972e-05
-8.95552e-05
-8.60914e-05
-8.55969e-05
-0.000112275
-0.00011018
-0.000106944
-0.000104522
-0.000101597
-9.99314e-05
-9.68437e-05
-9.61787e-05
-9.28358e-05
-9.20871e-05
-0.000114596
-0.000112686
-0.000109635
-0.000107342
-0.000104656
-0.000103065
-0.000100138
-9.94836e-05
-9.62878e-05
-9.53622e-05
-0.000112055
-0.000110336
-0.000107488
-0.000105335
-0.000102928
-0.000101431
-9.87008e-05
-9.80883e-05
-9.50578e-05
-9.4072e-05
-0.000106737
-0.000105175
-0.000102528
-0.000100522
-9.84441e-05
-9.70543e-05
-9.45619e-05
-9.40205e-05
-9.11485e-05
-9.0233e-05
-0.000101835
-0.000100336
-9.7822e-05
-9.5967e-05
-9.4265e-05
-9.29877e-05
-9.07841e-05
-9.0311e-05
-8.75519e-05
-8.68596e-05
-0.000100311
-9.8807e-05
-9.64157e-05
-9.47408e-05
-9.34869e-05
-9.23259e-05
-9.04769e-05
-9.00771e-05
-8.73987e-05
-8.70533e-05
-0.000104164
-0.000102685
-0.000100472
-9.90326e-05
-9.82839e-05
-9.72539e-05
-9.58064e-05
-9.54426e-05
-9.29314e-05
-9.29646e-05
-0.000112245
-0.000110847
-0.000109011
-0.000107885
-0.000107719
-0.000106808
-0.00010581
-0.000105477
-0.000103305
-0.000103628
-0.000120945
-0.000119799
-0.000118583
-0.000117853
-0.000118255
-0.000117502
-0.000116859
-0.000116576
-0.000115163
-0.00011554
-0.000123837
-0.000123268
-0.000123268
-0.000122968
-0.000123875
-0.000123306
-0.000123213
-0.000122859
-0.000122476
-0.000122568
-0.000110043
-0.000110271
-0.000111812
-0.000112019
-0.000113361
-0.000113072
-0.000113879
-0.000113361
-0.000114012
-0.000113506
-9.53531e-05
-9.63898e-05
-9.91989e-05
-9.99497e-05
-0.00010175
-0.000101802
-0.000103635
-0.000102819
-0.000104566
-0.000103352
-8.96732e-05
-9.14669e-05
-9.55488e-05
-9.68748e-05
-9.90945e-05
-9.9483e-05
-0.000102147
-0.000101224
-0.000103909
-0.000101916
-8.87981e-05
-9.12252e-05
-9.63591e-05
-9.82253e-05
-0.000100824
-0.000101472
-0.00010447
-0.00010349
-0.000107235
-0.000104591
-8.38583e-05
-8.6683e-05
-9.21756e-05
-9.45551e-05
-9.7566e-05
-9.84249e-05
-0.000101594
-0.000100721
-0.000104792
-0.000101754
-8.11971e-05
-8.42222e-05
-8.95927e-05
-9.22801e-05
-9.57898e-05
-9.67172e-05
-0.000100311
-9.9315e-05
-0.000103124
-9.99791e-05
-7.97284e-05
-8.28146e-05
-8.77485e-05
-9.04818e-05
-9.44126e-05
-9.53261e-05
-9.91994e-05
-9.80446e-05
-0.000101692
-9.8818e-05
-8.01629e-05
-8.30917e-05
-8.75761e-05
-9.00428e-05
-9.42998e-05
-9.50066e-05
-9.90755e-05
-9.79426e-05
-0.000101521
-9.91221e-05
-7.04359e-05
-7.30591e-05
-7.72295e-05
-7.9306e-05
-8.36356e-05
-8.41623e-05
-8.81645e-05
-8.72844e-05
-9.08164e-05
-8.89313e-05
-5.8183e-05
-6.03875e-05
-6.42396e-05
-6.58757e-05
-6.99754e-05
-7.03952e-05
-7.40799e-05
-7.35247e-05
-7.68303e-05
-7.53981e-05
-4.21066e-05
-4.38049e-05
-4.71038e-05
-4.83169e-05
-5.18461e-05
-5.22062e-05
-5.53156e-05
-5.50329e-05
-5.78438e-05
-5.68831e-05
-3.02063e-05
-3.13597e-05
-3.38485e-05
-3.46568e-05
-3.73424e-05
-3.76271e-05
-3.99613e-05
-3.98586e-05
-4.19368e-05
-4.14071e-05
-1.58969e-05
-1.65462e-05
-1.80745e-05
-1.85314e-05
-2.02036e-05
-2.03924e-05
-2.18353e-05
-2.18248e-05
-2.30777e-05
-2.28685e-05
-6.54969e-06
-6.75608e-06
-7.2695e-06
-7.41437e-06
-7.98136e-06
-8.04616e-06
-8.53323e-06
-8.53793e-06
-8.953e-06
-8.90295e-06
3.2503e-07
5.03966e-07
6.98528e-07
1.07964e-06
9.45673e-07
1.04367e-06
9.93074e-07
8.35742e-07
1.13216e-06
1.57173e-07
6.35495e-07
1.09819e-06
1.62719e-06
2.57294e-06
2.37032e-06
2.71751e-06
2.5965e-06
2.32015e-06
2.93759e-06
5.03209e-07
6.54272e-07
1.38841e-06
2.32591e-06
3.71986e-06
3.50715e-06
4.03896e-06
3.938e-06
3.54261e-06
4.43651e-06
8.14271e-07
2.75188e-07
1.25636e-06
2.53726e-06
4.2391e-06
4.16614e-06
4.79261e-06
4.77166e-06
4.27915e-06
5.3374e-06
9.15743e-07
-4.80657e-07
6.858e-07
2.47078e-06
4.38804e-06
4.45952e-06
5.119e-06
5.23027e-06
4.64752e-06
5.77379e-06
8.44769e-07
-1.57661e-06
-2.14382e-07
2.01854e-06
3.90878e-06
4.30035e-06
5.0157e-06
5.2742e-06
4.60649e-06
5.79926e-06
6.39032e-07
-3.20428e-06
-1.26588e-06
1.33952e-06
2.8059e-06
3.73807e-06
4.55683e-06
4.95153e-06
4.2119e-06
5.44e-06
2.56328e-07
-4.99084e-06
-2.9247e-06
2.41707e-07
1.45718e-06
2.79699e-06
3.65574e-06
4.22897e-06
3.44859e-06
4.67513e-06
-3.70473e-07
-6.88645e-06
-4.52619e-06
-1.58016e-06
-1.69559e-07
1.56265e-06
2.34977e-06
3.12869e-06
2.33637e-06
3.52685e-06
-1.24852e-06
-9.22241e-06
-6.78406e-06
-3.71329e-06
-2.09986e-06
-4.69528e-08
6.82159e-07
1.68839e-06
8.83756e-07
2.01415e-06
-2.38747e-06
-1.18589e-05
-9.39262e-06
-6.26253e-06
-4.48611e-06
-2.12681e-06
-1.38796e-06
-9.34121e-08
-8.83373e-07
1.49161e-07
-3.8141e-06
-1.49956e-05
-1.2495e-05
-9.2038e-06
-7.29916e-06
-4.68988e-06
-3.86965e-06
-2.28189e-06
-3.04143e-06
-2.05233e-06
-5.50254e-06
-1.85374e-05
-1.59899e-05
-1.25993e-05
-1.05945e-05
-7.72389e-06
-6.85128e-06
-4.9794e-06
-5.58915e-06
-4.61743e-06
-7.59e-06
-2.26071e-05
-2.00111e-05
-1.64885e-05
-1.44012e-05
-1.1298e-05
-1.03526e-05
-8.33452e-06
-8.62467e-06
-7.35337e-06
-1.0035e-05
-2.71546e-05
-2.45039e-05
-2.08858e-05
-1.87075e-05
-1.53907e-05
-1.43812e-05
-1.21248e-05
-1.2251e-05
-1.05467e-05
-1.27838e-05
-3.22581e-05
-2.95593e-05
-2.58538e-05
-2.35447e-05
-2.00345e-05
-1.89627e-05
-1.64343e-05
-1.64531e-05
-1.45346e-05
-1.62482e-05
-3.78814e-05
-3.51374e-05
-3.13554e-05
-2.89543e-05
-2.52949e-05
-2.41347e-05
-2.13357e-05
-2.12475e-05
-1.8991e-05
-2.02449e-05
-4.40687e-05
-4.12907e-05
-3.74515e-05
-3.49482e-05
-3.11701e-05
-2.99249e-05
-2.6835e-05
-2.66848e-05
-2.41469e-05
-2.49104e-05
-5.07756e-05
-4.79778e-05
-4.41022e-05
-4.15036e-05
-3.7681e-05
-3.63209e-05
-3.29867e-05
-3.27559e-05
-2.9902e-05
-3.02751e-05
-5.80215e-05
-5.52166e-05
-5.1329e-05
-4.8645e-05
-4.4807e-05
-4.33117e-05
-3.983e-05
-3.94682e-05
-3.62131e-05
-3.63721e-05
-6.57279e-05
-6.29394e-05
-5.90528e-05
-5.63095e-05
-5.24852e-05
-5.08794e-05
-4.73044e-05
-4.68378e-05
-4.32786e-05
-4.32533e-05
-7.38612e-05
-7.11093e-05
-6.7249e-05
-6.44644e-05
-6.06909e-05
-5.89787e-05
-5.53526e-05
-5.47845e-05
-5.09994e-05
-5.08221e-05
-8.22485e-05
-7.95621e-05
-7.5747e-05
-7.296e-05
-6.9255e-05
-6.74671e-05
-6.38366e-05
-6.31824e-05
-5.92907e-05
-5.89358e-05
-9.08182e-05
-8.8223e-05
-8.44848e-05
-8.17209e-05
-7.81205e-05
-7.62744e-05
-7.26802e-05
-7.19397e-05
-6.80187e-05
-6.74611e-05
-9.92483e-05
-9.67755e-05
-9.31411e-05
-9.044e-05
-8.69724e-05
-8.5106e-05
-8.1582e-05
-8.07657e-05
-7.68946e-05
-7.61045e-05
-0.00010718
-0.000104858
-0.000101366
-9.87516e-05
-9.54599e-05
-9.36028e-05
-9.01832e-05
-8.93148e-05
-8.55373e-05
-8.45018e-05
-0.000113634
-0.000111496
-0.000108176
-0.000105677
-0.000102596
-0.000100783
-9.75013e-05
-9.66079e-05
-9.29718e-05
-9.17224e-05
-0.000117086
-0.000115148
-0.000112023
-0.000109654
-0.00010682
-0.000105078
-0.00010196
-0.00010108
-9.76102e-05
-9.6201e-05
-0.000115255
-0.000113518
-0.000110604
-0.000108382
-0.000105841
-0.0001042
-0.000101288
-0.000100464
-9.71816e-05
-9.57432e-05
-0.000109142
-0.000107572
-0.000104871
-0.000102805
-0.000100609
-9.9088e-05
-9.6429e-05
-9.56962e-05
-9.25969e-05
-9.12696e-05
-0.000102546
-0.000101052
-9.84962e-05
-9.65866e-05
-9.47769e-05
-9.33802e-05
-9.10222e-05
-9.03781e-05
-8.74197e-05
-8.63587e-05
-9.91041e-05
-9.76018e-05
-9.51717e-05
-9.34458e-05
-9.21008e-05
-9.08334e-05
-8.88534e-05
-8.83042e-05
-8.54528e-05
-8.47888e-05
-0.00010123
-9.97264e-05
-9.74563e-05
-9.59649e-05
-9.51365e-05
-9.40119e-05
-9.24534e-05
-9.19592e-05
-8.92821e-05
-8.90516e-05
-0.000107489
-0.000106054
-0.000104142
-0.000102961
-0.000102713
-0.000101718
-0.000100618
-0.000100177
-9.78331e-05
-9.79404e-05
-0.000114497
-0.000113319
-0.000112035
-0.000111255
-0.000111582
-0.000110753
-0.000110016
-0.000109643
-0.000108081
-0.000108278
-0.000114379
-0.000113786
-0.000113717
-0.000113372
-0.000114215
-0.000113582
-0.000113402
-0.000112974
-0.000112473
-0.000112418
-0.000101002
-0.000101216
-0.000102705
-0.000102874
-0.000104168
-0.000103825
-0.000104561
-0.000103986
-0.000104541
-0.000103912
-9.38687e-05
-9.49015e-05
-9.76794e-05
-9.83981e-05
-0.000100156
-0.000100162
-0.000101932
-0.000101063
-0.000102732
-0.000101414
-9.45002e-05
-9.62955e-05
-0.000100349
-0.000101646
-0.000103822
-0.000104174
-0.000106777
-0.00010581
-0.000108414
-0.000106321
-9.70389e-05
-9.94709e-05
-0.000104578
-0.000106419
-0.000108978
-0.000109595
-0.000112535
-0.000111516
-0.00011519
-0.00011245
-9.29178e-05
-9.57479e-05
-0.000101217
-0.000103574
-0.000106549
-0.000107386
-0.0001105
-0.000109596
-0.000113612
-0.000110486
-8.93112e-05
-9.23422e-05
-9.76942e-05
-0.000100367
-0.000103848
-0.000104759
-0.000108309
-0.000107289
-0.000111053
-0.000107831
-8.42653e-05
-8.73557e-05
-9.22736e-05
-9.49986e-05
-9.8906e-05
-9.98076e-05
-0.000103647
-0.000102471
-0.000106083
-0.000103146
-7.98783e-05
-8.28115e-05
-8.72871e-05
-8.97519e-05
-9.39948e-05
-9.46933e-05
-9.87417e-05
-9.75907e-05
-0.000101145
-9.87e-05
-6.77491e-05
-7.03784e-05
-7.45455e-05
-7.66244e-05
-8.09461e-05
-8.14669e-05
-8.54574e-05
-8.45616e-05
-8.80793e-05
-8.61609e-05
-5.68248e-05
-5.90344e-05
-6.28843e-05
-6.45214e-05
-6.86142e-05
-6.90266e-05
-7.27014e-05
-7.21305e-05
-7.54247e-05
-7.39625e-05
-4.1558e-05
-4.32597e-05
-4.65574e-05
-4.77703e-05
-5.12946e-05
-5.16475e-05
-5.47493e-05
-5.44535e-05
-5.72554e-05
-5.62709e-05
-2.98414e-05
-3.09969e-05
-3.34859e-05
-3.42944e-05
-3.69781e-05
-3.72585e-05
-3.95888e-05
-3.94781e-05
-4.15511e-05
-4.10069e-05
-1.55887e-05
-1.6239e-05
-1.77678e-05
-1.82245e-05
-1.98959e-05
-2.00823e-05
-2.1523e-05
-2.15078e-05
-2.27576e-05
-2.25401e-05
-6.44351e-06
-6.65024e-06
-7.16386e-06
-7.30882e-06
-7.87571e-06
-7.93987e-06
-8.42642e-06
-8.42985e-06
-8.84405e-06
-8.7917e-06
3.64896e-07
6.30918e-07
6.47223e-07
1.01467e-06
9.61468e-07
9.44863e-07
9.61292e-07
6.71906e-07
9.59451e-07
-5.81651e-08
7.2014e-07
1.34955e-06
1.44833e-06
2.42497e-06
2.39091e-06
2.45434e-06
2.50722e-06
1.90476e-06
2.49243e-06
2.11412e-08
7.20793e-07
1.69775e-06
1.95322e-06
3.37782e-06
3.43298e-06
3.50997e-06
3.68216e-06
2.83264e-06
3.68748e-06
6.9129e-08
2.64135e-07
1.54178e-06
1.98645e-06
3.71766e-06
3.98796e-06
4.0541e-06
4.36716e-06
3.35006e-06
4.33439e-06
-2.62863e-08
-4.92561e-07
1.02737e-06
1.78524e-06
3.63352e-06
4.11303e-06
4.23526e-06
4.67212e-06
3.56432e-06
4.56426e-06
-3.35332e-07
-1.61038e-06
8.60898e-08
1.16866e-06
3.02041e-06
3.76404e-06
3.99737e-06
4.5137e-06
3.37336e-06
4.50484e-06
-7.09491e-07
-3.07198e-06
-1.33612e-06
2.04337e-07
2.13045e-06
3.11857e-06
3.40091e-06
3.9667e-06
2.84956e-06
4.13966e-06
-1.21179e-06
-4.84337e-06
-3.01429e-06
-1.01551e-06
8.53284e-07
2.01859e-06
2.4009e-06
3.0612e-06
2.00335e-06
3.43302e-06
-1.93741e-06
-7.12523e-06
-4.89281e-06
-2.50634e-06
-8.67269e-07
5.625e-07
1.07456e-06
1.84573e-06
8.57211e-07
2.40053e-06
-2.87319e-06
-9.64329e-06
-7.31376e-06
-4.40942e-06
-2.87991e-06
-1.22285e-06
-5.83601e-07
2.93234e-07
-6.22904e-07
1.02975e-06
-4.02591e-06
-1.2333e-05
-9.88893e-06
-6.92433e-06
-5.31904e-06
-3.35168e-06
-2.61015e-06
-1.54216e-06
-2.39966e-06
-6.9256e-07
-5.43063e-06
-1.54896e-05
-1.30159e-05
-9.77236e-06
-8.08492e-06
-5.85375e-06
-4.9508e-06
-3.75307e-06
-4.56163e-06
-2.79406e-06
-7.02753e-06
-1.90177e-05
-1.64763e-05
-1.30824e-05
-1.13071e-05
-8.82262e-06
-7.78354e-06
-6.15666e-06
-6.97177e-06
-5.33197e-06
-9.07972e-06
-2.30382e-05
-2.04493e-05
-1.68382e-05
-1.50061e-05
-1.23854e-05
-1.11386e-05
-9.19073e-06
-9.65604e-06
-8.0933e-06
-1.13868e-05
-2.75086e-05
-2.48562e-05
-2.10891e-05
-1.91526e-05
-1.62946e-05
-1.49146e-05
-1.27656e-05
-1.29654e-05
-1.10044e-05
-1.37381e-05
-3.24924e-05
-2.97905e-05
-2.59086e-05
-2.37743e-05
-2.05706e-05
-1.91706e-05
-1.67899e-05
-1.6715e-05
-1.4586e-05
-1.67149e-05
-3.79623e-05
-3.5209e-05
-3.12132e-05
-2.89482e-05
-2.55221e-05
-2.40221e-05
-2.13308e-05
-2.10225e-05
-1.85682e-05
-2.01239e-05
-4.39511e-05
-4.11555e-05
-3.70588e-05
-3.46663e-05
-3.09436e-05
-2.93867e-05
-2.63723e-05
-2.58966e-05
-2.31004e-05
-2.39252e-05
-5.04172e-05
-4.75954e-05
-4.34123e-05
-4.0915e-05
-3.69247e-05
-3.52872e-05
-3.20066e-05
-3.13418e-05
-2.82012e-05
-2.83682e-05
-5.73724e-05
-5.45345e-05
-5.03253e-05
-4.76984e-05
-4.35963e-05
-4.17684e-05
-3.81971e-05
-3.72996e-05
-3.38583e-05
-3.33807e-05
-6.47483e-05
-6.19198e-05
-5.76882e-05
-5.49919e-05
-5.07521e-05
-4.88291e-05
-4.49453e-05
-4.39305e-05
-4.02236e-05
-3.91676e-05
-7.25138e-05
-6.97117e-05
-6.55217e-05
-6.27359e-05
-5.84971e-05
-5.64521e-05
-5.2395e-05
-5.12338e-05
-4.71837e-05
-4.57308e-05
-8.05171e-05
-7.77775e-05
-7.36449e-05
-7.08279e-05
-6.66178e-05
-6.45128e-05
-6.03275e-05
-5.90898e-05
-5.48077e-05
-5.30663e-05
-8.86874e-05
-8.60365e-05
-8.20087e-05
-7.9178e-05
-7.50918e-05
-7.29271e-05
-6.87325e-05
-6.74388e-05
-6.29851e-05
-6.10663e-05
-9.67989e-05
-9.4272e-05
-9.03692e-05
-8.75797e-05
-8.36549e-05
-8.14806e-05
-7.73539e-05
-7.603e-05
-7.15477e-05
-6.95199e-05
-0.000104523
-0.000102148
-9.8411e-05
-9.56904e-05
-9.19869e-05
-8.98378e-05
-8.58552e-05
-8.45322e-05
-8.01344e-05
-7.80212e-05
-0.000111072
-0.000108885
-0.000105346
-0.000102735
-9.92944e-05
-9.72105e-05
-9.34307e-05
-9.21334e-05
-8.79222e-05
-8.577e-05
-0.000114902
-0.000112927
-0.00010961
-0.000107129
-0.000103984
-0.000101998
-9.84505e-05
-9.72142e-05
-9.32455e-05
-9.10767e-05
-0.000113654
-0.00011189
-0.000108809
-0.000106482
-0.000103675
-0.000101817
-9.854e-05
-9.74025e-05
-9.37002e-05
-9.16199e-05
-0.000106727
-0.000105135
-0.000102297
-0.000100139
-9.77293e-05
-9.60219e-05
-9.30664e-05
-9.20682e-05
-8.8621e-05
-8.67724e-05
-9.81486e-05
-9.66365e-05
-9.3967e-05
-9.19795e-05
-8.99972e-05
-8.8443e-05
-8.58436e-05
-8.49739e-05
-8.17281e-05
-8.0241e-05
-9.18477e-05
-9.033e-05
-8.7804e-05
-8.60088e-05
-8.45187e-05
-8.31149e-05
-8.0932e-05
-8.01924e-05
-7.70961e-05
-7.60785e-05
-9.0985e-05
-8.94782e-05
-8.71317e-05
-8.55832e-05
-8.46256e-05
-8.33864e-05
-8.16462e-05
-8.09963e-05
-7.81116e-05
-7.75885e-05
-9.42274e-05
-9.27978e-05
-9.08273e-05
-8.96025e-05
-8.9245e-05
-8.8156e-05
-8.69071e-05
-8.63377e-05
-8.38189e-05
-8.36896e-05
-9.77355e-05
-9.65624e-05
-9.52277e-05
-9.44144e-05
-9.46532e-05
-9.37478e-05
-9.28881e-05
-9.24132e-05
-9.07008e-05
-9.07089e-05
-9.40226e-05
-9.34313e-05
-9.33274e-05
-9.29614e-05
-9.37398e-05
-9.3046e-05
-9.27657e-05
-9.22594e-05
-9.16451e-05
-9.1451e-05
-8.42388e-05
-8.44538e-05
-8.59215e-05
-8.60756e-05
-8.73208e-05
-8.69279e-05
-8.7585e-05
-8.69495e-05
-8.74153e-05
-8.66815e-05
-8.78051e-05
-8.88377e-05
-9.15958e-05
-9.22967e-05
-9.40119e-05
-9.39707e-05
-9.56738e-05
-9.47465e-05
-9.63412e-05
-9.49299e-05
-9.38888e-05
-9.56826e-05
-9.97072e-05
-0.000100984
-0.000103122
-0.000103431
-0.000105981
-0.000104962
-0.000107491
-0.000105312
-0.00010134
-0.000103766
-0.000108851
-0.000110668
-0.000113189
-0.000113766
-0.00011666
-0.000115589
-0.0001192
-0.000116375
-0.000100093
-0.000102918
-0.000108377
-0.000110717
-0.000113656
-0.00011446
-0.000117527
-0.000116582
-0.000120555
-0.000117351
-9.92688e-05
-0.000102293
-0.000107637
-0.000110296
-0.000113747
-0.000114631
-0.000118143
-0.000117089
-0.000120816
-0.000117521
-9.36298e-05
-9.67148e-05
-0.000101628
-0.000104346
-0.000108231
-0.000109115
-0.000112928
-0.000111723
-0.000115307
-0.000112313
-8.8785e-05
-9.17156e-05
-9.61877e-05
-9.86492e-05
-0.000102878
-0.000103566
-0.000107598
-0.000106427
-0.000109962
-0.000107476
-7.59813e-05
-7.86105e-05
-8.27758e-05
-8.48556e-05
-8.91711e-05
-8.96884e-05
-9.36708e-05
-9.27637e-05
-9.62706e-05
-9.43287e-05
-6.39975e-05
-6.62079e-05
-7.00583e-05
-7.16984e-05
-7.57912e-05
-7.62048e-05
-7.98785e-05
-7.93045e-05
-8.25946e-05
-8.11212e-05
-4.58496e-05
-4.75533e-05
-5.08536e-05
-5.20712e-05
-5.5599e-05
-5.5956e-05
-5.90605e-05
-5.87658e-05
-6.15681e-05
-6.058e-05
-3.22482e-05
-3.34055e-05
-3.5897e-05
-3.67091e-05
-3.93959e-05
-3.96797e-05
-4.20129e-05
-4.1904e-05
-4.39786e-05
-4.34331e-05
-1.63845e-05
-1.70361e-05
-1.85666e-05
-1.90258e-05
-2.06996e-05
-2.08887e-05
-2.23322e-05
-2.23192e-05
-2.35713e-05
-2.33549e-05
-6.74299e-06
-6.95015e-06
-7.46438e-06
-7.61009e-06
-8.17773e-06
-8.2426e-06
-8.72984e-06
-8.73368e-06
-9.14836e-06
-9.0958e-06
2.99636e-07
6.80706e-07
7.86328e-07
1.01274e-06
1.11497e-06
9.69886e-07
9.703e-07
5.91877e-07
7.71139e-07
-2.69143e-07
4.36173e-07
1.3788e-06
1.59408e-06
2.22973e-06
2.57461e-06
2.39699e-06
2.47824e-06
1.679e-06
2.06756e-06
-4.03371e-07
2.55594e-07
1.69439e-06
2.02128e-06
2.89005e-06
3.54906e-06
3.27684e-06
3.47864e-06
2.40261e-06
3.01523e-06
-5.81313e-07
-4.39041e-07
1.41581e-06
2.00238e-06
2.99467e-06
3.87333e-06
3.67396e-06
4.05942e-06
2.81572e-06
3.59056e-06
-7.72121e-07
-1.33505e-06
7.45726e-07
1.62309e-06
2.78428e-06
3.90514e-06
3.76958e-06
4.2994e-06
2.96867e-06
3.83152e-06
-1.11014e-06
-2.52326e-06
-3.47975e-07
7.31284e-07
2.01839e-06
3.34586e-06
3.35506e-06
4.05955e-06
2.75968e-06
3.77959e-06
-1.5737e-06
-3.9743e-06
-1.75075e-06
-3.84286e-07
9.74317e-07
2.5005e-06
2.59781e-06
3.48496e-06
2.19859e-06
3.43262e-06
-2.10487e-06
-5.65271e-06
-3.42073e-06
-1.78964e-06
-3.31361e-07
1.28597e-06
1.4878e-06
2.56595e-06
1.34192e-06
2.78088e-06
-2.78677e-06
-7.64701e-06
-5.53367e-06
-3.53517e-06
-1.96202e-06
-1.85299e-07
1.06448e-07
1.36596e-06
2.0296e-07
1.83827e-06
-3.61467e-06
-9.94895e-06
-7.85122e-06
-5.55811e-06
-3.91121e-06
-1.98499e-06
-1.58519e-06
-1.57121e-07
-1.21123e-06
5.94301e-07
-4.65955e-06
-1.2577e-05
-1.03689e-05
-7.89954e-06
-6.22128e-06
-4.12914e-06
-3.58839e-06
-1.99685e-06
-2.94485e-06
-9.0533e-07
-5.84589e-06
-1.55542e-05
-1.32689e-05
-1.05868e-05
-8.87147e-06
-6.55611e-06
-5.87882e-06
-4.21506e-06
-4.98768e-06
-2.79749e-06
-7.41234e-06
-1.892e-05
-1.65457e-05
-1.36461e-05
-1.18897e-05
-9.4164e-06
-8.52331e-06
-6.60135e-06
-7.43538e-06
-4.92362e-06
-8.97379e-06
-2.26916e-05
-2.02335e-05
-1.70893e-05
-1.53362e-05
-1.28816e-05
-1.17773e-05
-9.52799e-06
-1.02435e-05
-7.69974e-06
-1.10496e-05
-2.68939e-05
-2.43587e-05
-2.09876e-05
-1.9148e-05
-1.65588e-05
-1.53302e-05
-1.28125e-05
-1.34287e-05
-1.08259e-05
-1.35674e-05
-3.15416e-05
-2.89469e-05
-2.53909e-05
-2.33451e-05
-2.05387e-05
-1.92373e-05
-1.65444e-05
-1.6865e-05
-1.41083e-05
-1.63084e-05
-3.66556e-05
-3.40028e-05
-3.0258e-05
-2.80418e-05
-2.51619e-05
-2.38445e-05
-2.07577e-05
-2.08668e-05
-1.79042e-05
-1.95204e-05
-4.22528e-05
-3.95533e-05
-3.56099e-05
-3.32515e-05
-3.01327e-05
-2.86963e-05
-2.55609e-05
-2.52741e-05
-2.20145e-05
-2.28839e-05
-4.83146e-05
-4.5584e-05
-4.14331e-05
-3.89683e-05
-3.55035e-05
-3.39419e-05
-3.07474e-05
-3.02403e-05
-2.64681e-05
-2.67591e-05
-5.48559e-05
-5.21139e-05
-4.77983e-05
-4.52028e-05
-4.15521e-05
-3.97467e-05
-3.63764e-05
-3.55074e-05
-3.16634e-05
-3.1169e-05
-6.18278e-05
-5.90921e-05
-5.46568e-05
-5.19781e-05
-4.80498e-05
-4.61355e-05
-4.23824e-05
-4.13484e-05
-3.7402e-05
-3.61718e-05
-6.92275e-05
-6.65206e-05
-6.20463e-05
-5.92677e-05
-5.51563e-05
-5.312e-05
-4.91915e-05
-4.788e-05
-4.3777e-05
-4.18774e-05
-7.69328e-05
-7.42859e-05
-6.98242e-05
-6.70025e-05
-6.27402e-05
-6.0608e-05
-5.64908e-05
-5.50279e-05
-5.07768e-05
-4.83292e-05
-8.49252e-05
-8.23692e-05
-7.79806e-05
-7.51671e-05
-7.08824e-05
-6.86472e-05
-6.44093e-05
-6.28079e-05
-5.84204e-05
-5.55936e-05
-9.29864e-05
-9.05494e-05
-8.62989e-05
-8.35284e-05
-7.93416e-05
-7.706e-05
-7.27641e-05
-7.10921e-05
-6.66185e-05
-6.35602e-05
-0.00010096
-9.8673e-05
-9.4611e-05
-9.1927e-05
-8.79325e-05
-8.56629e-05
-8.14418e-05
-7.9765e-05
-7.52593e-05
-7.21052e-05
-0.00010826
-0.000106148
-0.00010233
-9.97615e-05
-9.60524e-05
-9.38481e-05
-8.98018e-05
-8.81691e-05
-8.37455e-05
-8.0643e-05
-0.000113714
-0.000111815
-0.000108277
-0.000105848
-0.000102479
-0.00010038
-9.6584e-05
-9.50488e-05
-9.0823e-05
-8.78419e-05
-0.000114825
-0.00011313
-0.000109886
-0.000107609
-0.000104628
-0.000102669
-9.91796e-05
-9.77753e-05
-9.3814e-05
-9.10638e-05
-0.000110314
-0.000108776
-0.000105809
-0.000103694
-0.000101148
-9.93509e-05
-9.62154e-05
-9.49891e-05
-9.12932e-05
-8.89001e-05
-0.000102432
-0.000100964
-9.81953e-05
-9.62357e-05
-9.4141e-05
-9.2503e-05
-8.97477e-05
-8.86812e-05
-8.52066e-05
-8.32707e-05
-9.52099e-05
-9.37251e-05
-9.11111e-05
-8.93281e-05
-8.77401e-05
-8.62588e-05
-8.39387e-05
-8.30338e-05
-7.97286e-05
-7.83377e-05
-9.26132e-05
-9.11184e-05
-8.86845e-05
-8.71329e-05
-8.60894e-05
-8.47785e-05
-8.29201e-05
-8.21299e-05
-7.90538e-05
-7.8223e-05
-9.33428e-05
-9.191e-05
-8.9851e-05
-8.86096e-05
-8.81729e-05
-8.70177e-05
-8.56684e-05
-8.49799e-05
-8.22811e-05
-8.18983e-05
-9.39937e-05
-9.28147e-05
-9.13994e-05
-9.05644e-05
-9.07279e-05
-8.97634e-05
-8.88075e-05
-8.82359e-05
-8.63705e-05
-8.61678e-05
-8.89751e-05
-8.83733e-05
-8.81902e-05
-8.77995e-05
-8.85129e-05
-8.77687e-05
-8.73992e-05
-8.68158e-05
-8.60873e-05
-8.57282e-05
-8.46791e-05
-8.48874e-05
-8.62851e-05
-8.64152e-05
-8.76019e-05
-8.7165e-05
-8.77418e-05
-8.70461e-05
-8.7412e-05
-8.65352e-05
-9.31878e-05
-9.42221e-05
-9.69231e-05
-9.75987e-05
-9.92565e-05
-9.91742e-05
-0.000100797
-9.98125e-05
-0.00010131
-9.97628e-05
-9.90636e-05
-0.000100865
-0.00010484
-0.000106093
-0.000108178
-0.000108453
-0.000110928
-0.000109863
-0.000112289
-0.000109982
-0.000105052
-0.000107491
-0.000112538
-0.000114337
-0.00011681
-0.000117363
-0.000120187
-0.000119079
-0.000122597
-0.000119654
-0.000103129
-0.000105968
-0.000111399
-0.000113723
-0.000116621
-0.000117408
-0.000120409
-0.000119435
-0.000123332
-0.000120024
-0.000102077
-0.000105114
-0.000110439
-0.000113087
-0.000116508
-0.000117379
-0.00012084
-0.000119765
-0.00012343
-0.000120045
-9.51318e-05
-9.82278e-05
-0.000103129
-0.000105843
-0.000109706
-0.000110581
-0.000114356
-0.000113132
-0.000116671
-0.000113606
-8.92387e-05
-9.2179e-05
-9.66443e-05
-9.91079e-05
-0.000103322
-0.000104005
-0.00010801
-0.000106822
-0.000110325
-0.000107782
-7.55566e-05
-7.81947e-05
-8.23566e-05
-8.44421e-05
-8.87462e-05
-8.92599e-05
-9.32233e-05
-9.23004e-05
-9.5785e-05
-9.37981e-05
-6.28622e-05
-6.50807e-05
-6.89311e-05
-7.05783e-05
-7.4665e-05
-7.50767e-05
-7.8739e-05
-7.81526e-05
-8.14282e-05
-7.99225e-05
-4.44617e-05
-4.6172e-05
-4.94743e-05
-5.06992e-05
-5.42253e-05
-5.45825e-05
-5.76816e-05
-5.73792e-05
-6.01734e-05
-5.91659e-05
-3.14232e-05
-3.2585e-05
-3.50792e-05
-3.58971e-05
-3.8585e-05
-3.88701e-05
-4.12016e-05
-4.10888e-05
-4.31596e-05
-4.26038e-05
-1.59919e-05
-1.66459e-05
-1.81782e-05
-1.86408e-05
-2.03155e-05
-2.05055e-05
-2.19484e-05
-2.19335e-05
-2.31836e-05
-2.29619e-05
-6.66223e-06
-6.87014e-06
-7.38497e-06
-7.53176e-06
-8.09979e-06
-8.165e-06
-8.65215e-06
-8.65543e-06
-9.06953e-06
-9.01539e-06
2.14914e-07
7.65231e-07
9.98732e-07
9.19903e-07
9.10541e-07
7.37284e-07
6.98846e-07
3.07287e-07
4.799e-07
-4.43017e-07
1.12969e-07
1.36735e-06
1.83455e-06
1.93764e-06
2.1876e-06
1.96913e-06
1.95925e-06
1.12981e-06
1.45832e-06
-7.90434e-07
-1.59105e-07
1.76514e-06
2.33041e-06
2.22863e-06
2.70057e-06
2.5138e-06
2.60359e-06
1.55477e-06
2.0383e-06
-1.21148e-06
-1.0283e-06
1.29808e-06
2.24046e-06
2.1582e-06
2.69676e-06
2.65102e-06
2.88682e-06
1.7066e-06
2.4773e-06
-1.55752e-06
-2.10364e-06
2.79998e-07
1.58785e-06
1.85834e-06
2.48289e-06
2.48831e-06
2.80394e-06
1.44343e-06
2.58437e-06
-1.96014e-06
-3.33008e-06
-9.50287e-07
5.68614e-07
1.09785e-06
1.82316e-06
1.86281e-06
2.38467e-06
1.00915e-06
2.31281e-06
-2.58266e-06
-4.84992e-06
-2.51309e-06
-6.74064e-07
9.42632e-08
8.11668e-07
9.37698e-07
1.7202e-06
3.35088e-07
1.69629e-06
-3.45665e-06
-6.59699e-06
-4.26164e-06
-2.34685e-06
-1.394e-06
-3.49511e-07
-2.36712e-07
7.44138e-07
-6.54225e-07
7.80927e-07
-4.40084e-06
-8.63349e-06
-6.31101e-06
-4.2006e-06
-3.04419e-06
-1.85578e-06
-1.71127e-06
-5.14956e-07
-1.90251e-06
-3.58625e-07
-5.45165e-06
-1.09369e-05
-8.61044e-06
-6.34893e-06
-5.04123e-06
-3.64236e-06
-3.49159e-06
-1.98088e-06
-3.35247e-06
-1.69409e-06
-6.55224e-06
-1.3551e-05
-1.12147e-05
-8.77225e-06
-7.28617e-06
-5.71144e-06
-5.50334e-06
-3.81117e-06
-5.08047e-06
-3.19057e-06
-7.74582e-06
-1.64821e-05
-1.41213e-05
-1.15071e-05
-9.8333e-06
-8.07339e-06
-7.90229e-06
-5.74172e-06
-6.92949e-06
-4.87598e-06
-9.07159e-06
-1.97518e-05
-1.73689e-05
-1.45621e-05
-1.26905e-05
-1.06463e-05
-1.04659e-05
-8.2918e-06
-9.06883e-06
-6.65523e-06
-1.04684e-05
-2.33847e-05
-2.09724e-05
-1.79793e-05
-1.57863e-05
-1.32234e-05
-1.30996e-05
-1.08573e-05
-1.17269e-05
-8.84874e-06
-1.19909e-05
-2.73799e-05
-2.49642e-05
-2.17625e-05
-1.9364e-05
-1.64438e-05
-1.61278e-05
-1.3677e-05
-1.42754e-05
-1.15062e-05
-1.40563e-05
-3.17706e-05
-2.93615e-05
-2.58981e-05
-2.35094e-05
-2.03091e-05
-1.95005e-05
-1.67431e-05
-1.71579e-05
-1.40067e-05
-1.60311e-05
-3.65653e-05
-3.41497e-05
-3.04576e-05
-2.79367e-05
-2.4304e-05
-2.31124e-05
-2.03591e-05
-2.03955e-05
-1.70915e-05
-1.84134e-05
-4.17957e-05
-3.93734e-05
-3.54656e-05
-3.28357e-05
-2.89712e-05
-2.73423e-05
-2.42275e-05
-2.39808e-05
-2.05903e-05
-2.15096e-05
-4.74365e-05
-4.50071e-05
-4.0924e-05
-3.81279e-05
-3.42117e-05
-3.21859e-05
-2.86086e-05
-2.79211e-05
-2.46393e-05
-2.48083e-05
-5.35105e-05
-5.10906e-05
-4.68161e-05
-4.39707e-05
-3.97201e-05
-3.76463e-05
-3.36593e-05
-3.28136e-05
-2.9167e-05
-2.8572e-05
-5.9972e-05
-5.75654e-05
-5.31874e-05
-5.02096e-05
-4.58643e-05
-4.34862e-05
-3.94078e-05
-3.80953e-05
-3.40724e-05
-3.28449e-05
-6.68254e-05
-6.44615e-05
-5.9949e-05
-5.69521e-05
-5.24328e-05
-4.99186e-05
-4.55574e-05
-4.39995e-05
-3.97164e-05
-3.77829e-05
-7.39923e-05
-7.16791e-05
-6.71033e-05
-6.40674e-05
-5.95258e-05
-5.68089e-05
-5.22988e-05
-5.04376e-05
-4.59067e-05
-4.33565e-05
-8.14591e-05
-7.92219e-05
-7.46139e-05
-7.15923e-05
-6.70511e-05
-6.42732e-05
-5.96148e-05
-5.75344e-05
-5.28268e-05
-4.97026e-05
-8.9065e-05
-8.69162e-05
-8.23589e-05
-7.93456e-05
-7.48946e-05
-7.2106e-05
-6.74238e-05
-6.52121e-05
-6.03581e-05
-5.67822e-05
-9.67472e-05
-9.47132e-05
-9.02735e-05
-8.7322e-05
-8.30223e-05
-8.02746e-05
-7.56546e-05
-7.3414e-05
-6.85469e-05
-6.4708e-05
-0.000104116
-0.000102205
-9.79705e-05
-9.51082e-05
-9.10664e-05
-8.84053e-05
-8.39509e-05
-8.17599e-05
-7.69573e-05
-7.30766e-05
-0.00011046
-0.000108714
-0.000104794
-0.000102078
-9.83992e-05
-9.58826e-05
-9.17073e-05
-8.9654e-05
-8.50423e-05
-8.13399e-05
-0.000113367
-0.000111773
-0.000108237
-0.000105706
-0.000102492
-0.000100174
-9.63845e-05
-9.45417e-05
-9.02171e-05
-8.68973e-05
-0.000110803
-0.000109317
-0.000106162
-0.000103848
-0.000101162
-9.90845e-05
-9.57458e-05
-9.41737e-05
-9.01803e-05
-8.73833e-05
-0.000104169
-0.000102725
-9.98421e-05
-9.77303e-05
-9.555e-05
-9.36971e-05
-9.07958e-05
-8.9467e-05
-8.57508e-05
-8.35213e-05
-9.69228e-05
-9.54525e-05
-9.27488e-05
-9.08413e-05
-8.91707e-05
-8.75202e-05
-8.50644e-05
-8.39583e-05
-8.04423e-05
-7.88004e-05
-9.23895e-05
-9.09099e-05
-8.84112e-05
-8.67642e-05
-8.56406e-05
-8.42008e-05
-8.22109e-05
-8.12715e-05
-7.8017e-05
-7.69681e-05
-8.9946e-05
-8.85297e-05
-8.6416e-05
-8.51028e-05
-8.45805e-05
-8.33269e-05
-8.18503e-05
-8.10482e-05
-7.81922e-05
-7.76143e-05
-8.64553e-05
-8.52903e-05
-8.38348e-05
-8.29526e-05
-8.30448e-05
-8.20093e-05
-8.09472e-05
-8.02947e-05
-7.83018e-05
-7.79412e-05
-7.90166e-05
-7.84185e-05
-7.8214e-05
-7.7797e-05
-7.84547e-05
-7.76602e-05
-7.72022e-05
-7.65651e-05
-7.57415e-05
-7.52752e-05
-8.02202e-05
-8.04252e-05
-8.17982e-05
-8.19045e-05
-8.30376e-05
-8.25541e-05
-8.30537e-05
-8.23092e-05
-8.2593e-05
-8.16305e-05
-9.14576e-05
-9.24887e-05
-9.516e-05
-9.58054e-05
-9.74116e-05
-9.72782e-05
-9.88361e-05
-9.77876e-05
-9.9217e-05
-9.75861e-05
-9.6804e-05
-9.86095e-05
-0.000102549
-0.000103781
-0.000105824
-0.000106062
-0.000108491
-0.000107374
-0.000109737
-0.000107356
-0.000103776
-0.00010622
-0.000111243
-0.000113024
-0.000115462
-0.000115985
-0.000118773
-0.000117622
-0.000121091
-0.000118078
-0.000103263
-0.000106107
-0.000111527
-0.000113839
-0.000116705
-0.000117469
-0.000120432
-0.000119428
-0.000123295
-0.000119924
-0.000105012
-0.000108048
-0.000113364
-0.000116002
-0.000119395
-0.000120247
-0.000123675
-0.000122574
-0.000126209
-0.000122766
-9.95794e-05
-0.000102672
-0.000107567
-0.000110278
-0.000114119
-0.000114981
-0.000118731
-0.000117484
-0.000120999
-0.000117891
-9.53629e-05
-9.82992e-05
-0.000102763
-0.000105225
-0.000109428
-0.000110104
-0.000114095
-0.000112892
-0.000116378
-0.000113807
-8.15461e-05
-8.41838e-05
-8.835e-05
-9.04402e-05
-9.47463e-05
-9.52618e-05
-9.92251e-05
-9.82988e-05
-0.000101779
-9.97836e-05
-6.81711e-05
-7.03924e-05
-7.42508e-05
-7.59064e-05
-8.00022e-05
-8.0422e-05
-8.40919e-05
-8.35104e-05
-8.67902e-05
-8.52843e-05
-4.80175e-05
-4.97316e-05
-5.30419e-05
-5.42751e-05
-5.78112e-05
-5.81776e-05
-6.12869e-05
-6.09924e-05
-6.3795e-05
-6.27899e-05
-3.33778e-05
-3.45436e-05
-3.70449e-05
-3.78701e-05
-4.05668e-05
-4.08598e-05
-4.32002e-05
-4.3094e-05
-4.51723e-05
-4.46176e-05
-1.6476e-05
-1.7133e-05
-1.86707e-05
-1.91388e-05
-2.08202e-05
-2.10152e-05
-2.24638e-05
-2.24522e-05
-2.37066e-05
-2.34844e-05
-6.81123e-06
-7.01997e-06
-7.53618e-06
-7.68428e-06
-8.25403e-06
-8.32071e-06
-8.80974e-06
-8.81435e-06
-9.2303e-06
-9.17629e-06
1.10277e-07
8.88398e-07
1.26299e-06
1.18119e-06
1.10227e-06
8.69691e-07
7.95924e-07
4.85373e-07
2.36465e-07
-8.1106e-07
-1.63099e-07
1.39883e-06
2.20417e-06
2.5086e-06
2.6123e-06
2.25944e-06
2.12657e-06
1.55099e-06
1.08579e-06
-1.49178e-06
-4.79362e-07
1.94427e-06
2.87844e-06
2.97793e-06
3.17494e-06
2.88405e-06
2.84712e-06
2.11582e-06
1.67672e-06
-2.05599e-06
-1.42797e-06
1.35109e-06
2.85856e-06
3.14623e-06
3.38073e-06
3.0576e-06
3.10329e-06
2.27227e-06
2.00477e-06
-2.5471e-06
-2.72919e-06
1.77006e-07
2.09476e-06
2.81969e-06
3.36334e-06
3.0154e-06
3.10736e-06
2.10206e-06
2.02846e-06
-3.14133e-06
-4.1362e-06
-1.21171e-06
9.15488e-07
1.82042e-06
2.71055e-06
2.5351e-06
2.83544e-06
1.7254e-06
1.92532e-06
-3.69521e-06
-5.79512e-06
-2.92724e-06
-5.75499e-07
5.58886e-07
1.70191e-06
1.61167e-06
2.16435e-06
1.02249e-06
1.5815e-06
-4.32408e-06
-7.64287e-06
-4.84247e-06
-2.30453e-06
-1.09597e-06
3.34451e-07
3.40038e-07
1.14856e-06
-2.75819e-08
8.97361e-07
-5.06372e-06
-9.73902e-06
-7.02117e-06
-4.30342e-06
-2.96842e-06
-1.25655e-06
-1.1944e-06
-9.53717e-08
-1.33995e-06
-8.54915e-08
-5.91871e-06
-1.2054e-05
-9.42087e-06
-6.52656e-06
-5.13219e-06
-3.13096e-06
-3.02518e-06
-1.62665e-06
-2.93175e-06
-1.35431e-06
-6.86085e-06
-1.46291e-05
-1.2077e-05
-9.02061e-06
-7.55025e-06
-5.25887e-06
-5.10296e-06
-3.37593e-06
-4.73077e-06
-2.84435e-06
-7.90811e-06
-1.74619e-05
-1.49891e-05
-1.17716e-05
-1.02544e-05
-7.65836e-06
-7.47364e-06
-5.46476e-06
-6.75183e-06
-4.51006e-06
-9.05309e-06
-2.05794e-05
-1.81802e-05
-1.48144e-05
-1.32352e-05
-1.03433e-05
-1.00525e-05
-7.72459e-06
-8.96532e-06
-6.35661e-06
-1.02894e-05
-2.39921e-05
-2.16645e-05
-1.81537e-05
-1.65285e-05
-1.32708e-05
-1.27534e-05
-1.00102e-05
-1.1155e-05
-8.2613e-06
-1.16064e-05
-2.77116e-05
-2.54562e-05
-2.18084e-05
-2.01214e-05
-1.66096e-05
-1.58993e-05
-1.27526e-05
-1.36397e-05
-1.03905e-05
-1.31299e-05
-3.17593e-05
-2.95763e-05
-2.57933e-05
-2.40338e-05
-2.0369e-05
-1.95285e-05
-1.59493e-05
-1.657e-05
-1.28732e-05
-1.47746e-05
-3.61383e-05
-3.40334e-05
-3.01083e-05
-2.82844e-05
-2.44166e-05
-2.33142e-05
-1.93462e-05
-1.96423e-05
-1.55427e-05
-1.66657e-05
-4.08747e-05
-3.88467e-05
-3.48119e-05
-3.28836e-05
-2.88655e-05
-2.76341e-05
-2.32836e-05
-2.32272e-05
-1.8694e-05
-1.89932e-05
-4.59446e-05
-4.40056e-05
-3.98658e-05
-3.78374e-05
-3.36723e-05
-3.23446e-05
-2.77678e-05
-2.73122e-05
-2.23983e-05
-2.18324e-05
-5.13747e-05
-4.95285e-05
-4.53045e-05
-4.31759e-05
-3.88695e-05
-3.73854e-05
-3.26408e-05
-3.19241e-05
-2.67431e-05
-2.53558e-05
-5.71188e-05
-5.53765e-05
-5.1098e-05
-4.88643e-05
-4.44472e-05
-4.2815e-05
-3.79358e-05
-3.70028e-05
-3.15828e-05
-2.93501e-05
-6.31936e-05
-6.15622e-05
-5.72568e-05
-5.49135e-05
-5.04154e-05
-4.86114e-05
-4.3629e-05
-4.24346e-05
-3.68343e-05
-3.38958e-05
-6.95143e-05
-6.8001e-05
-6.37032e-05
-6.12722e-05
-5.67191e-05
-5.47694e-05
-4.97046e-05
-4.82947e-05
-4.25725e-05
-3.8983e-05
-7.60835e-05
-7.46895e-05
-7.04508e-05
-6.79458e-05
-6.34015e-05
-6.12959e-05
-5.62082e-05
-5.45888e-05
-4.87944e-05
-4.46835e-05
-8.27589e-05
-8.14805e-05
-7.73405e-05
-7.48058e-05
-7.03153e-05
-6.8095e-05
-6.30224e-05
-6.1239e-05
-5.54492e-05
-5.09494e-05
-8.95109e-05
-8.83328e-05
-8.43497e-05
-8.18213e-05
-7.74815e-05
-7.51858e-05
-7.02035e-05
-6.83039e-05
-6.25877e-05
-5.78548e-05
-9.60647e-05
-9.49576e-05
-9.11636e-05
-8.8687e-05
-8.45822e-05
-8.22785e-05
-7.74719e-05
-7.55289e-05
-6.99784e-05
-6.52065e-05
-0.00010217
-0.000101096
-9.75514e-05
-9.51698e-05
-9.14237e-05
-8.91827e-05
-8.46759e-05
-8.27809e-05
-7.75024e-05
-7.29292e-05
-0.000106616
-0.000105493
-0.0001022
-9.9949e-05
-9.66594e-05
-9.45497e-05
-9.04693e-05
-8.87014e-05
-8.37949e-05
-7.97285e-05
-0.000107823
-0.000106597
-0.000103538
-0.000101428
-9.86555e-05
-9.67168e-05
-9.31378e-05
-9.15702e-05
-8.70717e-05
-8.37093e-05
-0.00010688
-0.000105576
-0.000102705
-0.000100742
-9.84676e-05
-9.67038e-05
-9.36e-05
-9.2237e-05
-8.80988e-05
-8.5425e-05
-0.000105888
-0.000104513
-0.000101799
-9.9995e-05
-9.82268e-05
-9.66227e-05
-9.39904e-05
-9.28271e-05
-8.89799e-05
-8.69581e-05
-0.000105226
-0.000103809
-0.000101279
-9.97011e-05
-9.84849e-05
-9.70662e-05
-9.49297e-05
-9.39244e-05
-9.04205e-05
-8.90512e-05
-0.00010457
-0.000103196
-0.000101037
-9.97652e-05
-9.91518e-05
-9.78989e-05
-9.62996e-05
-9.54243e-05
-9.2383e-05
-9.1534e-05
-0.000100621
-9.94695e-05
-9.7948e-05
-9.70853e-05
-9.70899e-05
-9.6042e-05
-9.48678e-05
-9.41478e-05
-9.2028e-05
-9.14473e-05
-9.26214e-05
-9.19775e-05
-9.16648e-05
-9.1244e-05
-9.18147e-05
-9.09965e-05
-9.04237e-05
-8.973e-05
-8.88453e-05
-8.82348e-05
-9.09797e-05
-9.11205e-05
-9.23776e-05
-9.2465e-05
-9.35246e-05
-9.30089e-05
-9.3411e-05
-9.26239e-05
-9.2857e-05
-9.17796e-05
-9.76586e-05
-9.86671e-05
-0.000101274
-0.000101898
-0.000103462
-0.000103285
-0.000104781
-0.00010367
-0.00010503
-0.000103273
-9.93957e-05
-0.000101216
-0.000105133
-0.000106341
-0.000108368
-0.000108555
-0.000110965
-0.000109772
-0.000112026
-0.00010951
-0.000104106
-0.000106583
-0.000111615
-0.000113365
-0.00011581
-0.000116279
-0.000119068
-0.000117826
-0.000121201
-0.000118048
-0.000102378
-0.000105259
-0.000110698
-0.000112982
-0.000115847
-0.000116572
-0.000119509
-0.000118438
-0.000122244
-0.000118747
-0.000103476
-0.000106542
-0.000111881
-0.000114497
-0.00011789
-0.000118707
-0.000122111
-0.000120961
-0.000124545
-0.000120985
-9.73364e-05
-0.000100454
-0.000105369
-0.000108068
-0.000111904
-0.000112743
-0.000116464
-0.00011518
-0.000118655
-0.00011545
-9.2846e-05
-9.58023e-05
-0.000100286
-0.000102745
-0.000106948
-0.000107608
-0.00011158
-0.000110351
-0.000113804
-0.000111155
-7.98816e-05
-8.25378e-05
-8.6724e-05
-8.88208e-05
-9.31321e-05
-9.3642e-05
-9.75962e-05
-9.66522e-05
-0.000100112
-9.80619e-05
-6.84822e-05
-7.07205e-05
-7.45999e-05
-7.62692e-05
-8.03794e-05
-8.08034e-05
-8.44775e-05
-8.38902e-05
-8.71631e-05
-8.56298e-05
-4.99919e-05
-5.17189e-05
-5.50465e-05
-5.62937e-05
-5.98459e-05
-6.02197e-05
-6.33383e-05
-6.30438e-05
-6.58469e-05
-6.48319e-05
-3.58833e-05
-3.70557e-05
-3.95673e-05
-4.03998e-05
-4.31069e-05
-4.34029e-05
-4.57492e-05
-4.56414e-05
-4.77196e-05
-4.71578e-05
-1.82923e-05
-1.89523e-05
-2.04953e-05
-2.09666e-05
-2.26537e-05
-2.28499e-05
-2.43017e-05
-2.42888e-05
-2.55431e-05
-2.53169e-05
-7.47204e-06
-7.68146e-06
-8.19929e-06
-8.34809e-06
-8.9196e-06
-8.98635e-06
-9.4763e-06
-9.48026e-06
-9.89601e-06
-9.84044e-06
)
;

boundaryField
{
    inlet
    {
        type            calculated;
        value           nonuniform List<scalar> 
500
(
-8.96941e-08
-5.85955e-07
-9.84317e-07
-1.78184e-06
-2.39835e-06
-2.95066e-06
-3.78719e-06
-4.75873e-06
-5.97822e-06
-7.41332e-06
-9.1348e-06
-1.11439e-05
-1.34914e-05
-1.61971e-05
-1.9303e-05
-2.28408e-05
-2.68438e-05
-3.13511e-05
-3.63825e-05
-4.19788e-05
-4.8136e-05
-5.48856e-05
-6.21901e-05
-7.00009e-05
-7.81608e-05
-8.63768e-05
-9.40306e-05
-0.000100619
-0.00010677
-0.000112335
-0.000116477
-0.000120859
-0.000125476
-0.000130561
-0.000137512
-0.000140443
-0.000135785
-0.000118028
-9.5357e-05
-7.54236e-05
-5.99808e-05
-5.01181e-05
-4.35882e-05
-4.29023e-05
-4.29401e-05
-4.65208e-05
-4.43493e-05
-3.72059e-05
-2.13687e-05
-8.42804e-06
1.51114e-07
1.02746e-07
9.71621e-08
-3.80853e-07
-8.33936e-07
-1.38996e-06
-2.3122e-06
-3.51513e-06
-5.07013e-06
-6.96617e-06
-9.25584e-06
-1.19592e-05
-1.51171e-05
-1.87611e-05
-2.29241e-05
-2.7642e-05
-3.29367e-05
-3.88395e-05
-4.53545e-05
-5.2495e-05
-6.02338e-05
-6.85344e-05
-7.7344e-05
-8.64827e-05
-9.57164e-05
-0.000104427
-0.000111618
-0.000115897
-0.00011862
-0.000120289
-0.000120797
-0.000122439
-0.000126119
-0.000131818
-0.000141914
-0.000150652
-0.00014556
-0.000118505
-8.8874e-05
-6.6036e-05
-5.02121e-05
-4.15266e-05
-4.04547e-05
-4.84204e-05
-5.51965e-05
-5.92867e-05
-5.47823e-05
-4.29559e-05
-2.38608e-05
-9.17626e-06
1.48708e-07
1.06301e-07
2.05284e-08
-5.36705e-07
-1.09824e-06
-1.71081e-06
-2.68003e-06
-3.94043e-06
-5.59599e-06
-7.60674e-06
-1.00153e-05
-1.28423e-05
-1.61222e-05
-1.98919e-05
-2.41754e-05
-2.90102e-05
-3.44091e-05
-4.03988e-05
-4.69734e-05
-5.41325e-05
-6.18319e-05
-7.00091e-05
-7.8586e-05
-8.73916e-05
-9.61102e-05
-0.00010421
-0.000110697
-0.000113927
-0.000114281
-0.000113494
-0.000112584
-0.000114244
-0.000119308
-0.000127344
-0.000136335
-0.000143304
-0.000133321
-0.000109373
-8.92255e-05
-7.58564e-05
-6.44587e-05
-5.88158e-05
-6.05941e-05
-7.08093e-05
-7.31182e-05
-6.61141e-05
-5.06404e-05
-3.52635e-05
-1.85273e-05
-7.36065e-06
1.68111e-07
2.01936e-07
9.54926e-08
-4.22216e-07
-1.11492e-06
-1.87611e-06
-2.89396e-06
-4.2643e-06
-6.0118e-06
-8.18079e-06
-1.07669e-05
-1.38183e-05
-1.7339e-05
-2.13867e-05
-2.59625e-05
-3.11171e-05
-3.68427e-05
-4.31724e-05
-5.00755e-05
-5.75578e-05
-6.55455e-05
-7.399e-05
-8.27605e-05
-9.16977e-05
-0.00010046
-0.000108556
-0.000114916
-0.000117805
-0.000116621
-0.000113898
-0.000111275
-0.000111595
-0.000116311
-0.000125613
-0.000135799
-0.000141433
-0.000128355
-0.00010543
-8.93625e-05
-7.88875e-05
-6.85355e-05
-6.31442e-05
-6.45657e-05
-7.18072e-05
-6.92344e-05
-5.85884e-05
-4.25623e-05
-2.99785e-05
-1.5968e-05
-6.52503e-06
2.46988e-07
4.85457e-07
3.94762e-07
4.43819e-09
-8.77257e-07
-1.95274e-06
-3.13464e-06
-4.69165e-06
-6.48711e-06
-8.74244e-06
-1.13819e-05
-1.45022e-05
-1.80612e-05
-2.21422e-05
-2.67201e-05
-3.18575e-05
-3.75296e-05
-4.37732e-05
-5.05451e-05
-5.78534e-05
-6.56107e-05
-7.37716e-05
-8.21662e-05
-9.06632e-05
-9.89196e-05
-0.000106471
-0.000112275
-0.000114596
-0.000112055
-0.000106737
-0.000101835
-0.000100311
-0.000104164
-0.000112245
-0.000120945
-0.000123837
-0.000110043
-9.53531e-05
-8.96732e-05
-8.87981e-05
-8.38583e-05
-8.11971e-05
-7.97284e-05
-8.01629e-05
-7.04359e-05
-5.8183e-05
-4.21066e-05
-3.02063e-05
-1.58969e-05
-6.54969e-06
3.2503e-07
6.35495e-07
6.54272e-07
2.75188e-07
-4.80657e-07
-1.57661e-06
-3.20428e-06
-4.99084e-06
-6.88645e-06
-9.22241e-06
-1.18589e-05
-1.49956e-05
-1.85374e-05
-2.26071e-05
-2.71546e-05
-3.22581e-05
-3.78814e-05
-4.40687e-05
-5.07756e-05
-5.80215e-05
-6.57279e-05
-7.38612e-05
-8.22485e-05
-9.08182e-05
-9.92483e-05
-0.00010718
-0.000113634
-0.000117086
-0.000115255
-0.000109142
-0.000102546
-9.91041e-05
-0.00010123
-0.000107489
-0.000114497
-0.000114379
-0.000101002
-9.38687e-05
-9.45002e-05
-9.70389e-05
-9.29178e-05
-8.93112e-05
-8.42653e-05
-7.98783e-05
-6.77491e-05
-5.68248e-05
-4.1558e-05
-2.98414e-05
-1.55887e-05
-6.44351e-06
3.64896e-07
7.2014e-07
7.20793e-07
2.64135e-07
-4.92561e-07
-1.61038e-06
-3.07198e-06
-4.84337e-06
-7.12523e-06
-9.64329e-06
-1.2333e-05
-1.54896e-05
-1.90177e-05
-2.30382e-05
-2.75086e-05
-3.24924e-05
-3.79623e-05
-4.39511e-05
-5.04172e-05
-5.73724e-05
-6.47483e-05
-7.25138e-05
-8.05171e-05
-8.86874e-05
-9.67989e-05
-0.000104523
-0.000111072
-0.000114902
-0.000113654
-0.000106727
-9.81486e-05
-9.18477e-05
-9.0985e-05
-9.42274e-05
-9.77355e-05
-9.40226e-05
-8.42388e-05
-8.78051e-05
-9.38888e-05
-0.00010134
-0.000100093
-9.92688e-05
-9.36298e-05
-8.8785e-05
-7.59813e-05
-6.39975e-05
-4.58496e-05
-3.22482e-05
-1.63845e-05
-6.74299e-06
2.99636e-07
4.36173e-07
2.55594e-07
-4.39041e-07
-1.33505e-06
-2.52326e-06
-3.9743e-06
-5.65271e-06
-7.64701e-06
-9.94895e-06
-1.2577e-05
-1.55542e-05
-1.892e-05
-2.26916e-05
-2.68939e-05
-3.15416e-05
-3.66556e-05
-4.22528e-05
-4.83146e-05
-5.48559e-05
-6.18278e-05
-6.92275e-05
-7.69328e-05
-8.49252e-05
-9.29864e-05
-0.00010096
-0.00010826
-0.000113714
-0.000114825
-0.000110314
-0.000102432
-9.52099e-05
-9.26132e-05
-9.33428e-05
-9.39937e-05
-8.89751e-05
-8.46791e-05
-9.31878e-05
-9.90636e-05
-0.000105052
-0.000103129
-0.000102077
-9.51318e-05
-8.92387e-05
-7.55566e-05
-6.28622e-05
-4.44617e-05
-3.14232e-05
-1.59919e-05
-6.66223e-06
2.14914e-07
1.12969e-07
-1.59105e-07
-1.0283e-06
-2.10364e-06
-3.33008e-06
-4.84992e-06
-6.59699e-06
-8.63349e-06
-1.09369e-05
-1.3551e-05
-1.64821e-05
-1.97518e-05
-2.33847e-05
-2.73799e-05
-3.17706e-05
-3.65653e-05
-4.17957e-05
-4.74365e-05
-5.35105e-05
-5.9972e-05
-6.68254e-05
-7.39923e-05
-8.14591e-05
-8.9065e-05
-9.67472e-05
-0.000104116
-0.00011046
-0.000113367
-0.000110803
-0.000104169
-9.69228e-05
-9.23895e-05
-8.9946e-05
-8.64553e-05
-7.90166e-05
-8.02202e-05
-9.14576e-05
-9.6804e-05
-0.000103776
-0.000103263
-0.000105012
-9.95794e-05
-9.53629e-05
-8.15461e-05
-6.81711e-05
-4.80175e-05
-3.33778e-05
-1.6476e-05
-6.81123e-06
1.10277e-07
-1.63099e-07
-4.79362e-07
-1.42797e-06
-2.72919e-06
-4.1362e-06
-5.79512e-06
-7.64287e-06
-9.73902e-06
-1.2054e-05
-1.46291e-05
-1.74619e-05
-2.05794e-05
-2.39921e-05
-2.77116e-05
-3.17593e-05
-3.61383e-05
-4.08747e-05
-4.59446e-05
-5.13747e-05
-5.71188e-05
-6.31936e-05
-6.95143e-05
-7.60835e-05
-8.27589e-05
-8.95109e-05
-9.60647e-05
-0.00010217
-0.000106616
-0.000107823
-0.00010688
-0.000105888
-0.000105226
-0.00010457
-0.000100621
-9.26214e-05
-9.09797e-05
-9.76586e-05
-9.93957e-05
-0.000104106
-0.000102378
-0.000103476
-9.73364e-05
-9.2846e-05
-7.98816e-05
-6.84822e-05
-4.99919e-05
-3.58833e-05
-1.82923e-05
-7.47204e-06
)
;
    }
    outlet
    {
        type            calculated;
        value           nonuniform List<scalar> 
500
(
5.75806e-07
1.6635e-06
2.78402e-06
3.64845e-06
4.33461e-06
4.7579e-06
4.94814e-06
4.85189e-06
4.48229e-06
3.80666e-06
2.81208e-06
1.45953e-06
-2.80752e-07
-2.45841e-06
-5.11064e-06
-8.28854e-06
-1.20271e-05
-1.63761e-05
-2.13559e-05
-2.7007e-05
-3.33186e-05
-4.03118e-05
-4.79271e-05
-5.60983e-05
-6.46211e-05
-7.32064e-05
-8.1188e-05
-8.81134e-05
-9.45231e-05
-0.000100499
-0.000105666
-0.000111413
-0.000117728
-0.000125029
-0.000134709
-0.000141305
-0.000140914
-0.000127339
-0.000108643
-9.20749e-05
-7.85729e-05
-6.94949e-05
-6.32322e-05
-6.2409e-05
-6.19135e-05
-6.40549e-05
-5.93498e-05
-4.85649e-05
-2.84197e-05
-1.08119e-05
8.89165e-07
2.44174e-06
4.00429e-06
5.11447e-06
5.93199e-06
6.34144e-06
6.41413e-06
6.09555e-06
5.39651e-06
4.27753e-06
2.72335e-06
6.93174e-07
-1.84239e-06
-4.93302e-06
-8.61241e-06
-1.29279e-05
-1.79093e-05
-2.35971e-05
-2.99988e-05
-3.71162e-05
-4.49122e-05
-5.33464e-05
-6.2346e-05
-7.17324e-05
-8.12215e-05
-9.0217e-05
-9.76713e-05
-0.000102283
-0.000105287
-0.000107445
-0.00010905
-0.000112132
-0.000117652
-0.00012565
-0.000138626
-0.000151086
-0.000150289
-0.000127467
-0.000101884
-8.24709e-05
-6.86013e-05
-6.07295e-05
-5.99578e-05
-6.78158e-05
-7.40452e-05
-7.6676e-05
-6.96265e-05
-5.42013e-05
-3.0853e-05
-1.15394e-05
5.90124e-07
1.7243e-06
2.86089e-06
3.64892e-06
4.1701e-06
4.35176e-06
4.24291e-06
3.81916e-06
3.07863e-06
1.96268e-06
4.44696e-07
-1.53336e-06
-3.97421e-06
-6.9091e-06
-1.04001e-05
-1.44802e-05
-1.91664e-05
-2.45035e-05
-3.04925e-05
-3.71618e-05
-4.44946e-05
-5.24284e-05
-6.09136e-05
-6.97952e-05
-7.87614e-05
-8.72695e-05
-9.43048e-05
-9.82537e-05
-9.94865e-05
-9.97452e-05
-0.00010003
-0.000103276
-0.000110039
-0.000120308
-0.000132377
-0.000143224
-0.000137737
-0.000118089
-0.00010206
-9.21451e-05
-8.2752e-05
-7.79459e-05
-8.00231e-05
-9.01e-05
-9.18592e-05
-8.34567e-05
-6.54826e-05
-4.65152e-05
-2.55291e-05
-9.72588e-06
5.83748e-07
1.63182e-06
2.64831e-06
3.31494e-06
3.71799e-06
3.79465e-06
3.56951e-06
3.03082e-06
2.17877e-06
9.73634e-07
-6.11485e-07
-2.64729e-06
-5.16536e-06
-8.21686e-06
-1.1853e-05
-1.61099e-05
-2.09899e-05
-2.6563e-05
-3.28122e-05
-3.9727e-05
-4.72455e-05
-5.53284e-05
-6.38728e-05
-7.27483e-05
-8.16454e-05
-9.00849e-05
-9.69885e-05
-0.000100654
-0.000100491
-9.89613e-05
-9.76939e-05
-9.96094e-05
-0.000106123
-0.000117816
-0.000131132
-0.000140738
-0.000132248
-0.000113744
-0.000101875
-9.49269e-05
-8.66277e-05
-8.21077e-05
-8.38244e-05
-9.09161e-05
-8.78092e-05
-7.58082e-05
-5.73206e-05
-4.11744e-05
-2.29324e-05
-8.87851e-06
3.13888e-07
9.62144e-07
1.5634e-06
1.90289e-06
2.03353e-06
1.94034e-06
1.6084e-06
1.01911e-06
1.57028e-07
-9.85945e-07
-2.42716e-06
-4.20613e-06
-6.40644e-06
-9.08533e-06
-1.22854e-05
-1.60994e-05
-2.04999e-05
-2.55996e-05
-3.13898e-05
-3.78977e-05
-4.50258e-05
-5.2711e-05
-6.08151e-05
-6.92189e-05
-7.76257e-05
-8.55969e-05
-9.20871e-05
-9.53622e-05
-9.4072e-05
-9.0233e-05
-8.68596e-05
-8.70533e-05
-9.29646e-05
-0.000103628
-0.00011554
-0.000122568
-0.000113506
-0.000103352
-0.000101916
-0.000104591
-0.000101754
-9.99791e-05
-9.8818e-05
-9.91221e-05
-8.89313e-05
-7.53981e-05
-5.68831e-05
-4.14071e-05
-2.28685e-05
-8.90295e-06
1.57173e-07
5.03209e-07
8.14271e-07
9.15743e-07
8.44769e-07
6.39032e-07
2.56328e-07
-3.70473e-07
-1.24852e-06
-2.38747e-06
-3.8141e-06
-5.50254e-06
-7.59e-06
-1.0035e-05
-1.27838e-05
-1.62482e-05
-2.02449e-05
-2.49104e-05
-3.02751e-05
-3.63721e-05
-4.32533e-05
-5.08221e-05
-5.89358e-05
-6.74611e-05
-7.61045e-05
-8.45018e-05
-9.17224e-05
-9.6201e-05
-9.57432e-05
-9.12696e-05
-8.63587e-05
-8.47888e-05
-8.90516e-05
-9.79404e-05
-0.000108278
-0.000112418
-0.000103912
-0.000101414
-0.000106321
-0.00011245
-0.000110486
-0.000107831
-0.000103146
-9.87e-05
-8.61609e-05
-7.39625e-05
-5.62709e-05
-4.10069e-05
-2.25401e-05
-8.7917e-06
-5.81651e-08
2.11412e-08
6.9129e-08
-2.62863e-08
-3.35332e-07
-7.09491e-07
-1.21179e-06
-1.93741e-06
-2.87319e-06
-4.02591e-06
-5.43063e-06
-7.02753e-06
-9.07972e-06
-1.13868e-05
-1.37381e-05
-1.67149e-05
-2.01239e-05
-2.39252e-05
-2.83682e-05
-3.33807e-05
-3.91676e-05
-4.57308e-05
-5.30663e-05
-6.10663e-05
-6.95199e-05
-7.80212e-05
-8.577e-05
-9.10767e-05
-9.16199e-05
-8.67724e-05
-8.0241e-05
-7.60785e-05
-7.75885e-05
-8.36896e-05
-9.07089e-05
-9.1451e-05
-8.66815e-05
-9.49299e-05
-0.000105312
-0.000116375
-0.000117351
-0.000117521
-0.000112313
-0.000107476
-9.43287e-05
-8.11212e-05
-6.058e-05
-4.34331e-05
-2.33549e-05
-9.0958e-06
-2.69143e-07
-4.03371e-07
-5.81313e-07
-7.72121e-07
-1.11014e-06
-1.5737e-06
-2.10487e-06
-2.78677e-06
-3.61467e-06
-4.65955e-06
-5.84589e-06
-7.41234e-06
-8.97379e-06
-1.10496e-05
-1.35674e-05
-1.63084e-05
-1.95204e-05
-2.28839e-05
-2.67591e-05
-3.1169e-05
-3.61718e-05
-4.18774e-05
-4.83292e-05
-5.55936e-05
-6.35602e-05
-7.21052e-05
-8.0643e-05
-8.78419e-05
-9.10638e-05
-8.89001e-05
-8.32707e-05
-7.83377e-05
-7.8223e-05
-8.18983e-05
-8.61678e-05
-8.57282e-05
-8.65352e-05
-9.97628e-05
-0.000109982
-0.000119654
-0.000120024
-0.000120045
-0.000113606
-0.000107782
-9.37981e-05
-7.99225e-05
-5.91659e-05
-4.26038e-05
-2.29619e-05
-9.01539e-06
-4.43017e-07
-7.90434e-07
-1.21148e-06
-1.55752e-06
-1.96014e-06
-2.58266e-06
-3.45665e-06
-4.40084e-06
-5.45165e-06
-6.55224e-06
-7.74582e-06
-9.07159e-06
-1.04684e-05
-1.19909e-05
-1.40563e-05
-1.60311e-05
-1.84134e-05
-2.15096e-05
-2.48083e-05
-2.8572e-05
-3.28449e-05
-3.77829e-05
-4.33565e-05
-4.97026e-05
-5.67822e-05
-6.4708e-05
-7.30766e-05
-8.13399e-05
-8.68973e-05
-8.73833e-05
-8.35213e-05
-7.88004e-05
-7.69681e-05
-7.76143e-05
-7.79412e-05
-7.52752e-05
-8.16305e-05
-9.75861e-05
-0.000107356
-0.000118078
-0.000119924
-0.000122766
-0.000117891
-0.000113807
-9.97836e-05
-8.52843e-05
-6.27899e-05
-4.46176e-05
-2.34844e-05
-9.17629e-06
-8.1106e-07
-1.49178e-06
-2.05599e-06
-2.5471e-06
-3.14133e-06
-3.69521e-06
-4.32408e-06
-5.06372e-06
-5.91871e-06
-6.86085e-06
-7.90811e-06
-9.05309e-06
-1.02894e-05
-1.16064e-05
-1.31299e-05
-1.47746e-05
-1.66657e-05
-1.89932e-05
-2.18324e-05
-2.53558e-05
-2.93501e-05
-3.38958e-05
-3.8983e-05
-4.46835e-05
-5.09494e-05
-5.78548e-05
-6.52065e-05
-7.29292e-05
-7.97285e-05
-8.37093e-05
-8.5425e-05
-8.69581e-05
-8.90512e-05
-9.1534e-05
-9.14473e-05
-8.82348e-05
-9.17796e-05
-0.000103273
-0.00010951
-0.000118048
-0.000118747
-0.000120985
-0.00011545
-0.000111155
-9.80619e-05
-8.56298e-05
-6.48319e-05
-4.71578e-05
-2.53169e-05
-9.84044e-06
)
;
    }
    sideLeft
    {
        type            calculated;
        value           nonuniform List<scalar> 
500
(
-8.96941e-08
-5.85955e-07
-9.84317e-07
-1.78184e-06
-2.39835e-06
-2.95066e-06
-3.78719e-06
-4.75873e-06
-5.97822e-06
-7.41332e-06
-9.1348e-06
-1.11439e-05
-1.34914e-05
-1.61971e-05
-1.9303e-05
-2.28408e-05
-2.68438e-05
-3.13511e-05
-3.63825e-05
-4.19788e-05
-4.8136e-05
-5.48856e-05
-6.21901e-05
-7.00009e-05
-7.81608e-05
-8.63768e-05
-9.40306e-05
-0.000100619
-0.00010677
-0.000112335
-0.000116477
-0.000120859
-0.000125476
-0.000130561
-0.000137512
-0.000140443
-0.000135785
-0.000118028
-9.5357e-05
-7.54236e-05
-5.99808e-05
-5.01181e-05
-4.35882e-05
-4.29023e-05
-4.29401e-05
-4.65208e-05
-4.43493e-05
-3.72059e-05
-2.13687e-05
-8.42804e-06
3.64014e-07
5.55007e-07
5.75881e-07
3.66044e-07
-2.57124e-07
-6.64735e-07
-1.48426e-06
-2.35956e-06
-3.55704e-06
-4.95146e-06
-6.65745e-06
-8.64915e-06
-1.09897e-05
-1.36942e-05
-1.68071e-05
-2.03607e-05
-2.43889e-05
-2.8932e-05
-3.4011e-05
-3.96669e-05
-4.58953e-05
-5.27284e-05
-6.01285e-05
-6.8044e-05
-7.63136e-05
-8.46395e-05
-9.2389e-05
-9.90552e-05
-0.000105221
-0.000110776
-0.000114962
-0.000119415
-0.00012412
-0.000129345
-0.000136576
-0.000140016
-0.000136082
-0.000119106
-9.71655e-05
-7.78555e-05
-6.28073e-05
-5.31413e-05
-4.6674e-05
-4.58378e-05
-4.55736e-05
-4.87325e-05
-4.60529e-05
-3.83629e-05
-2.20193e-05
-8.63499e-06
7.80056e-07
1.70802e-06
2.48018e-06
2.90907e-06
2.96895e-06
2.34605e-06
1.9377e-06
1.147e-06
1.17043e-07
-1.18031e-06
-2.79229e-06
-4.71109e-06
-7.00081e-06
-9.67317e-06
-1.27798e-05
-1.63495e-05
-2.042e-05
-2.50288e-05
-3.01977e-05
-3.59648e-05
-4.23227e-05
-4.93e-05
-5.68539e-05
-6.49264e-05
-7.33453e-05
-8.18111e-05
-8.96726e-05
-9.64325e-05
-0.000102624
-0.0001082
-0.000112519
-0.000117173
-0.000122136
-0.00012779
-0.000135632
-0.000140248
-0.000137779
-0.000121995
-0.000101294
-8.30206e-05
-6.83278e-05
-5.8537e-05
-5.16428e-05
-5.0363e-05
-4.97819e-05
-5.26093e-05
-4.93693e-05
-4.08641e-05
-2.3554e-05
-9.15073e-06
9.73294e-07
2.22648e-06
3.32082e-06
3.8859e-06
4.25808e-06
3.86184e-06
3.73231e-06
3.01546e-06
2.20068e-06
9.82323e-07
-5.03123e-07
-2.36377e-06
-4.58905e-06
-7.22947e-06
-1.03125e-05
-1.38777e-05
-1.79566e-05
-2.25893e-05
-2.77955e-05
-3.36128e-05
-4.00325e-05
-4.7081e-05
-5.47119e-05
-6.28653e-05
-7.13604e-05
-7.99003e-05
-8.78203e-05
-9.46368e-05
-0.000100866
-0.000106497
-0.000110939
-0.000115774
-0.000120976
-0.000126942
-0.000135156
-0.000140159
-0.000138143
-0.000122875
-0.000102715
-8.49541e-05
-7.07473e-05
-6.12441e-05
-5.43887e-05
-5.28482e-05
-5.18793e-05
-5.42589e-05
-5.05918e-05
-4.16795e-05
-2.40137e-05
-9.2969e-06
1.08995e-06
2.57906e-06
3.96153e-06
4.77024e-06
5.50727e-06
5.95161e-06
5.81564e-06
5.50492e-06
4.88149e-06
3.90077e-06
2.59201e-06
8.86391e-07
-1.20964e-06
-3.755e-06
-6.76733e-06
-1.02965e-05
-1.43695e-05
-1.9029e-05
-2.42932e-05
-3.01988e-05
-3.67336e-05
-4.39216e-05
-5.17115e-05
-6.0039e-05
-6.8714e-05
-7.74395e-05
-8.55408e-05
-9.25454e-05
-9.89566e-05
-0.000104807
-0.000109595
-0.000114857
-0.000120561
-0.000127077
-0.000135817
-0.000141262
-0.000139628
-0.000124797
-0.000105037
-8.76442e-05
-7.38371e-05
-6.48216e-05
-5.83827e-05
-5.71646e-05
-5.62584e-05
-5.83896e-05
-5.41432e-05
-4.43816e-05
-2.56945e-05
-9.86725e-06
1.00437e-06
2.57896e-06
4.05327e-06
5.02309e-06
5.86094e-06
6.37444e-06
6.42398e-06
6.23177e-06
5.68095e-06
4.79897e-06
3.55316e-06
1.91503e-06
-1.34318e-07
-2.63997e-06
-5.62545e-06
-9.13792e-06
-1.32019e-05
-1.78619e-05
-2.31323e-05
-2.90509e-05
-3.56029e-05
-4.28117e-05
-5.06229e-05
-5.89738e-05
-6.76682e-05
-7.64152e-05
-8.45335e-05
-9.15603e-05
-9.79914e-05
-0.000103875
-0.00010874
-0.000114091
-0.000119899
-0.00012651
-0.00013537
-0.000140963
-0.000139556
-0.000125025
-0.000105552
-8.83889e-05
-7.47622e-05
-6.58e-05
-5.93374e-05
-5.79147e-05
-5.68264e-05
-5.88371e-05
-5.45222e-05
-4.46795e-05
-2.58894e-05
-9.93452e-06
1.12524e-06
2.90554e-06
4.58993e-06
5.81084e-06
6.80508e-06
7.42141e-06
7.73194e-06
7.70165e-06
7.35647e-06
6.67107e-06
5.6137e-06
4.15104e-06
2.25641e-06
-1.10322e-07
-2.97742e-06
-6.39009e-06
-1.03774e-05
-1.49853e-05
-2.0233e-05
-2.61593e-05
-3.27471e-05
-4.00201e-05
-4.79198e-05
-5.638e-05
-6.51947e-05
-7.40685e-05
-8.23107e-05
-8.94585e-05
-9.60072e-05
-0.000102026
-0.00010711
-0.000112727
-0.000118867
-0.000125812
-0.000134985
-0.000141117
-0.000140557
-0.000127028
-0.000108359
-9.15098e-05
-7.80436e-05
-6.9486e-05
-6.32909e-05
-6.20556e-05
-6.08868e-05
-6.25593e-05
-5.76585e-05
-4.70334e-05
-2.73426e-05
-1.04256e-05
8.84061e-07
2.54274e-06
4.12687e-06
5.32558e-06
6.26419e-06
6.84753e-06
7.13773e-06
7.0851e-06
6.72413e-06
6.01779e-06
4.95121e-06
3.48599e-06
1.59564e-06
-7.62253e-07
-3.61862e-06
-7.01931e-06
-1.09941e-05
-1.55891e-05
-2.0819e-05
-2.67225e-05
-3.32803e-05
-4.05149e-05
-4.83643e-05
-5.67642e-05
-6.55084e-05
-7.43078e-05
-8.24779e-05
-8.95648e-05
-9.60663e-05
-0.000102063
-0.000107177
-0.000112821
-0.000118969
-0.000125912
-0.000135056
-0.000141053
-0.000140253
-0.000126401
-0.000107573
-9.06517e-05
-7.72645e-05
-6.85699e-05
-6.22114e-05
-6.09949e-05
-6.007e-05
-6.20467e-05
-5.74049e-05
-4.69506e-05
-2.73418e-05
-1.04341e-05
1.15981e-06
3.12175e-06
4.96033e-06
6.35055e-06
7.43912e-06
8.14453e-06
8.53452e-06
8.56318e-06
8.26835e-06
7.62961e-06
6.6449e-06
5.27793e-06
3.50163e-06
1.26698e-06
-1.46313e-06
-4.74056e-06
-8.59954e-06
-1.30932e-05
-1.82407e-05
-2.40835e-05
-3.06128e-05
-3.7854e-05
-4.57473e-05
-5.42244e-05
-6.30706e-05
-7.19854e-05
-8.02666e-05
-8.74407e-05
-9.39866e-05
-9.99854e-05
-0.000105105
-0.000110755
-0.000116951
-0.000124176
-0.000133988
-0.000140922
-0.000141153
-0.000128336
-0.000110426
-9.45255e-05
-8.14266e-05
-7.24622e-05
-6.59389e-05
-6.46545e-05
-6.36725e-05
-6.54016e-05
-6.02518e-05
-4.90538e-05
-2.86075e-05
-1.0854e-05
5.75806e-07
1.6635e-06
2.78402e-06
3.64845e-06
4.33461e-06
4.7579e-06
4.94814e-06
4.85189e-06
4.48229e-06
3.80666e-06
2.81208e-06
1.45953e-06
-2.80752e-07
-2.45841e-06
-5.11064e-06
-8.28854e-06
-1.20271e-05
-1.63761e-05
-2.13559e-05
-2.7007e-05
-3.33186e-05
-4.03118e-05
-4.79271e-05
-5.60983e-05
-6.46211e-05
-7.32064e-05
-8.1188e-05
-8.81134e-05
-9.45231e-05
-0.000100499
-0.000105666
-0.000111413
-0.000117728
-0.000125029
-0.000134709
-0.000141305
-0.000140914
-0.000127339
-0.000108643
-9.20749e-05
-7.85729e-05
-6.94949e-05
-6.32322e-05
-6.2409e-05
-6.19135e-05
-6.40549e-05
-5.93498e-05
-4.85649e-05
-2.84197e-05
-1.08119e-05
)
;
    }
    sideRight
    {
        type            calculated;
        value           nonuniform List<scalar> 
500
(
1.10277e-07
-1.63099e-07
-4.79362e-07
-1.42797e-06
-2.72919e-06
-4.1362e-06
-5.79512e-06
-7.64287e-06
-9.73902e-06
-1.2054e-05
-1.46291e-05
-1.74619e-05
-2.05794e-05
-2.39921e-05
-2.77116e-05
-3.17593e-05
-3.61383e-05
-4.08747e-05
-4.59446e-05
-5.13747e-05
-5.71188e-05
-6.31936e-05
-6.95143e-05
-7.60835e-05
-8.27589e-05
-8.95109e-05
-9.60647e-05
-0.00010217
-0.000106616
-0.000107823
-0.00010688
-0.000105888
-0.000105226
-0.00010457
-0.000100621
-9.26214e-05
-9.09797e-05
-9.76586e-05
-9.93957e-05
-0.000104106
-0.000102378
-0.000103476
-9.73364e-05
-9.2846e-05
-7.98816e-05
-6.84822e-05
-4.99919e-05
-3.58833e-05
-1.82923e-05
-7.47204e-06
8.88398e-07
1.39883e-06
1.94427e-06
1.35109e-06
1.77006e-07
-1.21171e-06
-2.92724e-06
-4.84247e-06
-7.02117e-06
-9.42087e-06
-1.2077e-05
-1.49891e-05
-1.81802e-05
-2.16645e-05
-2.54562e-05
-2.95763e-05
-3.40334e-05
-3.88467e-05
-4.40056e-05
-4.95285e-05
-5.53765e-05
-6.15622e-05
-6.8001e-05
-7.46895e-05
-8.14805e-05
-8.83328e-05
-9.49576e-05
-0.000101096
-0.000105493
-0.000106597
-0.000105576
-0.000104513
-0.000103809
-0.000103196
-9.94695e-05
-9.19775e-05
-9.11205e-05
-9.86671e-05
-0.000101216
-0.000106583
-0.000105259
-0.000106542
-0.000100454
-9.58023e-05
-8.25378e-05
-7.07205e-05
-5.17189e-05
-3.70557e-05
-1.89523e-05
-7.68146e-06
1.26299e-06
2.20417e-06
2.87844e-06
2.85856e-06
2.09476e-06
9.15488e-07
-5.75499e-07
-2.30453e-06
-4.30342e-06
-6.52656e-06
-9.02061e-06
-1.17716e-05
-1.48144e-05
-1.81537e-05
-2.18084e-05
-2.57933e-05
-3.01083e-05
-3.48119e-05
-3.98658e-05
-4.53045e-05
-5.1098e-05
-5.72568e-05
-6.37032e-05
-7.04508e-05
-7.73405e-05
-8.43497e-05
-9.11636e-05
-9.75514e-05
-0.0001022
-0.000103538
-0.000102705
-0.000101799
-0.000101279
-0.000101037
-9.7948e-05
-9.16648e-05
-9.23776e-05
-0.000101274
-0.000105133
-0.000111615
-0.000110698
-0.000111881
-0.000105369
-0.000100286
-8.6724e-05
-7.45999e-05
-5.50465e-05
-3.95673e-05
-2.04953e-05
-8.19929e-06
1.18119e-06
2.5086e-06
2.97793e-06
3.14623e-06
2.81969e-06
1.82042e-06
5.58886e-07
-1.09597e-06
-2.96842e-06
-5.13219e-06
-7.55025e-06
-1.02544e-05
-1.32352e-05
-1.65285e-05
-2.01214e-05
-2.40338e-05
-2.82844e-05
-3.28836e-05
-3.78374e-05
-4.31759e-05
-4.88643e-05
-5.49135e-05
-6.12722e-05
-6.79458e-05
-7.48058e-05
-8.18213e-05
-8.8687e-05
-9.51698e-05
-9.9949e-05
-0.000101428
-0.000100742
-9.9995e-05
-9.97011e-05
-9.97652e-05
-9.70853e-05
-9.1244e-05
-9.2465e-05
-0.000101898
-0.000106341
-0.000113365
-0.000112982
-0.000114497
-0.000108068
-0.000102745
-8.88208e-05
-7.62692e-05
-5.62937e-05
-4.03998e-05
-2.09666e-05
-8.34809e-06
1.10227e-06
2.6123e-06
3.17494e-06
3.38073e-06
3.36334e-06
2.71055e-06
1.70191e-06
3.34451e-07
-1.25655e-06
-3.13096e-06
-5.25887e-06
-7.65836e-06
-1.03433e-05
-1.32708e-05
-1.66096e-05
-2.0369e-05
-2.44166e-05
-2.88655e-05
-3.36723e-05
-3.88695e-05
-4.44472e-05
-5.04154e-05
-5.67191e-05
-6.34015e-05
-7.03153e-05
-7.74815e-05
-8.45822e-05
-9.14237e-05
-9.66594e-05
-9.86555e-05
-9.84676e-05
-9.82268e-05
-9.84849e-05
-9.91518e-05
-9.70899e-05
-9.18147e-05
-9.35246e-05
-0.000103462
-0.000108368
-0.00011581
-0.000115847
-0.00011789
-0.000111904
-0.000106948
-9.31321e-05
-8.03794e-05
-5.98459e-05
-4.31069e-05
-2.26537e-05
-8.9196e-06
8.69691e-07
2.25944e-06
2.88405e-06
3.0576e-06
3.0154e-06
2.5351e-06
1.61167e-06
3.40038e-07
-1.1944e-06
-3.02518e-06
-5.10296e-06
-7.47364e-06
-1.00525e-05
-1.27534e-05
-1.58993e-05
-1.95285e-05
-2.33142e-05
-2.76341e-05
-3.23446e-05
-3.73854e-05
-4.2815e-05
-4.86114e-05
-5.47694e-05
-6.12959e-05
-6.8095e-05
-7.51858e-05
-8.22785e-05
-8.91827e-05
-9.45497e-05
-9.67168e-05
-9.67038e-05
-9.66227e-05
-9.70662e-05
-9.78989e-05
-9.6042e-05
-9.09965e-05
-9.30089e-05
-0.000103285
-0.000108555
-0.000116279
-0.000116572
-0.000118707
-0.000112743
-0.000107608
-9.3642e-05
-8.08034e-05
-6.02197e-05
-4.34029e-05
-2.28499e-05
-8.98635e-06
7.95924e-07
2.12657e-06
2.84712e-06
3.10329e-06
3.10736e-06
2.83544e-06
2.16435e-06
1.14856e-06
-9.53717e-08
-1.62665e-06
-3.37593e-06
-5.46476e-06
-7.72459e-06
-1.00102e-05
-1.27526e-05
-1.59493e-05
-1.93462e-05
-2.32836e-05
-2.77678e-05
-3.26408e-05
-3.79358e-05
-4.3629e-05
-4.97046e-05
-5.62082e-05
-6.30224e-05
-7.02035e-05
-7.74719e-05
-8.46759e-05
-9.04693e-05
-9.31378e-05
-9.36e-05
-9.39904e-05
-9.49297e-05
-9.62996e-05
-9.48678e-05
-9.04237e-05
-9.3411e-05
-0.000104781
-0.000110965
-0.000119068
-0.000119509
-0.000122111
-0.000116464
-0.00011158
-9.75962e-05
-8.44775e-05
-6.33383e-05
-4.57492e-05
-2.43017e-05
-9.4763e-06
4.85373e-07
1.55099e-06
2.11582e-06
2.27227e-06
2.10206e-06
1.7254e-06
1.02249e-06
-2.75819e-08
-1.33995e-06
-2.93175e-06
-4.73077e-06
-6.75183e-06
-8.96532e-06
-1.1155e-05
-1.36397e-05
-1.657e-05
-1.96423e-05
-2.32272e-05
-2.73122e-05
-3.19241e-05
-3.70028e-05
-4.24346e-05
-4.82947e-05
-5.45888e-05
-6.1239e-05
-6.83039e-05
-7.55289e-05
-8.27809e-05
-8.87014e-05
-9.15702e-05
-9.2237e-05
-9.28271e-05
-9.39244e-05
-9.54243e-05
-9.41478e-05
-8.973e-05
-9.26239e-05
-0.00010367
-0.000109772
-0.000117826
-0.000118438
-0.000120961
-0.00011518
-0.000110351
-9.66522e-05
-8.38902e-05
-6.30438e-05
-4.56414e-05
-2.42888e-05
-9.48026e-06
2.36465e-07
1.08579e-06
1.67672e-06
2.00477e-06
2.02846e-06
1.92532e-06
1.5815e-06
8.97361e-07
-8.54915e-08
-1.35431e-06
-2.84435e-06
-4.51006e-06
-6.35661e-06
-8.2613e-06
-1.03905e-05
-1.28732e-05
-1.55427e-05
-1.8694e-05
-2.23983e-05
-2.67431e-05
-3.15828e-05
-3.68343e-05
-4.25725e-05
-4.87944e-05
-5.54492e-05
-6.25877e-05
-6.99784e-05
-7.75024e-05
-8.37949e-05
-8.70717e-05
-8.80988e-05
-8.89799e-05
-9.04205e-05
-9.2383e-05
-9.2028e-05
-8.88453e-05
-9.2857e-05
-0.00010503
-0.000112026
-0.000121201
-0.000122244
-0.000124545
-0.000118655
-0.000113804
-0.000100112
-8.71631e-05
-6.58469e-05
-4.77196e-05
-2.55431e-05
-9.89601e-06
-8.1106e-07
-1.49178e-06
-2.05599e-06
-2.5471e-06
-3.14133e-06
-3.69521e-06
-4.32408e-06
-5.06372e-06
-5.91871e-06
-6.86085e-06
-7.90811e-06
-9.05309e-06
-1.02894e-05
-1.16064e-05
-1.31299e-05
-1.47746e-05
-1.66657e-05
-1.89932e-05
-2.18324e-05
-2.53558e-05
-2.93501e-05
-3.38958e-05
-3.8983e-05
-4.46835e-05
-5.09494e-05
-5.78548e-05
-6.52065e-05
-7.29292e-05
-7.97285e-05
-8.37093e-05
-8.5425e-05
-8.69581e-05
-8.90512e-05
-9.1534e-05
-9.14473e-05
-8.82348e-05
-9.17796e-05
-0.000103273
-0.00010951
-0.000118048
-0.000118747
-0.000120985
-0.00011545
-0.000111155
-9.80619e-05
-8.56298e-05
-6.48319e-05
-4.71578e-05
-2.53169e-05
-9.84044e-06
)
;
    }
    top
    {
        type            symmetryPlane;
        value           uniform 0;
    }
    bottomRoughWall
    {
        type            calculated;
        value           uniform 0;
    }
}


// ************************************************************************* //
