0.0101525 5.17658 	2.59075 	1.04367e-06 	
0.0308529 6.8721 	3.31728 	2.71751e-06 	
0.0523594 7.89988 	3.69459 	4.03896e-06 	
0.0747033 8.69167 	3.94006 	4.79261e-06 	
0.0979172 9.36335 	4.11127 	5.119e-06 	
0.122035 9.96514 	4.23192 	5.0157e-06 	
0.147092 10.5224 	4.31321 	4.55683e-06 	
0.173125 11.049 	4.36082 	3.65574e-06 	
0.200171 11.5532 	4.37765 	2.34977e-06 	
0.228271 12.0395 	4.36511 	6.82159e-07 	
0.257464 12.5103 	4.32371 	-1.38796e-06 	
0.287795 12.9665 	4.25353 	-3.86965e-06 	
0.319306 13.4077 	4.15443 	-6.85128e-06 	
0.352045 13.8326 	4.02624 	-1.03526e-05 	
0.386058 14.2393 	3.86897 	-1.43812e-05 	
0.421396 14.625 	3.68289 	-1.89627e-05 	
0.45811 14.9865 	3.46871 	-2.41347e-05 	
0.496253 15.3201 	3.22773 	-2.99249e-05 	
0.535882 15.6219 	2.96194 	-3.63209e-05 	
0.577054 15.8878 	2.67417 	-4.33117e-05 	
0.619829 16.1137 	2.36821 	-5.08794e-05 	
0.664269 16.2958 	2.04892 	-5.89787e-05 	
0.71044 16.4309 	1.72227 	-6.74671e-05 	
0.758409 16.5166 	1.39534 	-7.62744e-05 	
0.808246 16.5518 	1.07631 	-8.5106e-05 	
0.860024 16.5371 	0.774187 	-9.36028e-05 	
0.913817 16.4753 	0.498516 	-0.000100783 	
0.969705 16.3715 	0.258832 	-0.000105078 	
1.02777 16.234 	0.0638897 	-0.0001042 	
1.0881 16.0739 	-0.0793423 	-9.9088e-05 	
1.15077 15.9049 	-0.166935 	-9.33802e-05 	
1.21588 15.7426 	-0.199371 	-9.08334e-05 	
1.28354 15.6029 	-0.182772 	-9.40119e-05 	
1.35382 15.4993 	-0.129481 	-0.000101718 	
1.42684 15.4398 	-0.0572858 	-0.000110753 	
1.50271 15.4237 	0.0133651 	-0.000113582 	
1.58153 15.4404 	0.0643929 	-0.000103825 	
1.66341 15.4716 	0.0863664 	-0.000100162 	
1.74849 15.4986 	0.0830016 	-0.000104174 	
1.83688 15.5124 	0.0688698 	-0.000109595 	
1.92871 15.5177 	0.0565941 	-0.000107386 	
2.02412 15.5225 	0.0481151 	-0.000104759 	
2.12324 15.5306 	0.0410737 	-9.98076e-05 	
2.22622 15.542 	0.0341206 	-9.46933e-05 	
2.33321 15.5544 	0.0267474 	-8.14669e-05 	
2.44437 15.5653 	0.0188676 	-6.90266e-05 	
2.55986 15.573 	0.0113964 	-5.16475e-05 	
2.67984 15.5776 	0.00560117 	-3.72585e-05 	
2.8045 15.5798 	0.00201188 	-2.00823e-05 	
2.93401 15.5806 	0.0003621 	-7.93987e-06 	
