0.0101525 5.17655 	2.59079 	1.57173e-07 	
0.0308529 6.87207 	3.31731 	5.03209e-07 	
0.0523594 7.89986 	3.69463 	8.14271e-07 	
0.0747033 8.69166 	3.9401 	9.15743e-07 	
0.0979172 9.36334 	4.11131 	8.44769e-07 	
0.122035 9.96514 	4.23196 	6.39032e-07 	
0.147092 10.5224 	4.31325 	2.56328e-07 	
0.173125 11.049 	4.36086 	-3.70473e-07 	
0.200171 11.5532 	4.3777 	-1.24852e-06 	
0.228271 12.0395 	4.36516 	-2.38747e-06 	
0.257464 12.5103 	4.32376 	-3.8141e-06 	
0.287795 12.9665 	4.25358 	-5.50254e-06 	
0.319306 13.4077 	4.15448 	-7.59e-06 	
0.352045 13.8326 	4.0263 	-1.0035e-05 	
0.386058 14.2393 	3.86903 	-1.27838e-05 	
0.421396 14.625 	3.68295 	-1.62482e-05 	
0.45811 14.9865 	3.46878 	-2.02449e-05 	
0.496253 15.3201 	3.2278 	-2.49104e-05 	
0.535882 15.6219 	2.96201 	-3.02751e-05 	
0.577054 15.8878 	2.67424 	-3.63721e-05 	
0.619829 16.1137 	2.36828 	-4.32533e-05 	
0.664269 16.2959 	2.04899 	-5.08221e-05 	
0.71044 16.431 	1.72234 	-5.89358e-05 	
0.758409 16.5167 	1.39542 	-6.74611e-05 	
0.808246 16.5519 	1.07639 	-7.61045e-05 	
0.860024 16.5372 	0.77426 	-8.45018e-05 	
0.913817 16.4753 	0.498587 	-9.17224e-05 	
0.969705 16.3716 	0.2589 	-9.6201e-05 	
1.02777 16.2341 	0.0639553 	-9.57432e-05 	
1.0881 16.074 	-0.07928 	-9.12696e-05 	
1.15077 15.9049 	-0.166876 	-8.63587e-05 	
1.21588 15.7426 	-0.199316 	-8.47888e-05 	
1.28354 15.6029 	-0.182721 	-8.90516e-05 	
1.35382 15.4994 	-0.129436 	-9.79404e-05 	
1.42684 15.4399 	-0.0572492 	-0.000108278 	
1.50271 15.4238 	0.0133907 	-0.000112418 	
1.58153 15.4404 	0.0644056 	-0.000103912 	
1.66341 15.4717 	0.0863667 	-0.000101414 	
1.74849 15.4987 	0.0829907 	-0.000106321 	
1.83688 15.5125 	0.0688475 	-0.00011245 	
1.92871 15.5177 	0.0565601 	-0.000110486 	
2.02412 15.5225 	0.0480675 	-0.000107831 	
2.12324 15.5306 	0.0410071 	-0.000103146 	
2.22622 15.542 	0.0340285 	-9.87e-05 	
2.33321 15.5544 	0.0266279 	-8.61609e-05 	
2.44437 15.5653 	0.0187243 	-7.39625e-05 	
2.55986 15.573 	0.0112366 	-5.62709e-05 	
2.67984 15.5776 	0.00543199 	-4.10069e-05 	
2.8045 15.5797 	0.00183836 	-2.25401e-05 	
2.93401 15.5806 	0.000186995 	-8.7917e-06 	
