0.0101525 5.17661 	2.59074 	3.2503e-07 	
0.0308529 6.87212 	3.31726 	6.35495e-07 	
0.0523594 7.89989 	3.69458 	6.54272e-07 	
0.0747033 8.69168 	3.94005 	2.75188e-07 	
0.0979172 9.36336 	4.11126 	-4.80657e-07 	
0.122035 9.96514 	4.2319 	-1.57661e-06 	
0.147092 10.5224 	4.31319 	-3.20428e-06 	
0.173125 11.049 	4.3608 	-4.99084e-06 	
0.200171 11.5532 	4.37763 	-6.88645e-06 	
0.228271 12.0395 	4.36508 	-9.22241e-06 	
0.257464 12.5103 	4.32368 	-1.18589e-05 	
0.287795 12.9665 	4.2535 	-1.49956e-05 	
0.319306 13.4077 	4.1544 	-1.85374e-05 	
0.352045 13.8326 	4.02621 	-2.26071e-05 	
0.386058 14.2393 	3.86893 	-2.71546e-05 	
0.421396 14.625 	3.68285 	-3.22581e-05 	
0.45811 14.9865 	3.46867 	-3.78814e-05 	
0.496253 15.3201 	3.22769 	-4.40687e-05 	
0.535882 15.6219 	2.96189 	-5.07756e-05 	
0.577054 15.8878 	2.67412 	-5.80215e-05 	
0.619829 16.1137 	2.36816 	-6.57279e-05 	
0.664269 16.2958 	2.04887 	-7.38612e-05 	
0.71044 16.4309 	1.72221 	-8.22485e-05 	
0.758409 16.5166 	1.39529 	-9.08182e-05 	
0.808246 16.5518 	1.07626 	-9.92483e-05 	
0.860024 16.5371 	0.774134 	-0.00010718 	
0.913817 16.4752 	0.498464 	-0.000113634 	
0.969705 16.3715 	0.258781 	-0.000117086 	
1.02777 16.234 	0.0638409 	-0.000115255 	
1.0881 16.0738 	-0.0793888 	-0.000109142 	
1.15077 15.9048 	-0.166979 	-0.000102546 	
1.21588 15.7425 	-0.199412 	-9.91041e-05 	
1.28354 15.6028 	-0.18281 	-0.00010123 	
1.35382 15.4992 	-0.129513 	-0.000107489 	
1.42684 15.4398 	-0.0573121 	-0.000114497 	
1.50271 15.4236 	0.0133475 	-0.000114379 	
1.58153 15.4403 	0.0643847 	-0.000101002 	
1.66341 15.4715 	0.086367 	-9.38687e-05 	
1.74849 15.4986 	0.08301 	-9.45002e-05 	
1.83688 15.5124 	0.0688868 	-9.70389e-05 	
1.92871 15.5176 	0.0566205 	-9.29178e-05 	
2.02412 15.5224 	0.048153 	-8.93112e-05 	
2.12324 15.5305 	0.0411277 	-8.42653e-05 	
2.22622 15.542 	0.0341959 	-7.98783e-05 	
2.33321 15.5544 	0.0268451 	-6.77491e-05 	
2.44437 15.5652 	0.0189841 	-5.68248e-05 	
2.55986 15.573 	0.0115261 	-4.1558e-05 	
2.67984 15.5776 	0.00573821 	-2.98414e-05 	
2.8045 15.5798 	0.00215228 	-1.55887e-05 	
2.93401 15.5806 	0.000503713 	-6.44351e-06 	
