/*--------------------------------*- C++ -*----------------------------------*\
| =========                 |                                                 |
| \\      /  F ield         | foam-extend: Open Source CFD                    |
|  \\    /   O peration     | Version:     3.2                                |
|   \\  /    A nd           | Web:         http://www.foam-extend.org         |
|    \\/     M anipulation  | For copyright notice see file Copyright         |
\*---------------------------------------------------------------------------*/
FoamFile
{
    version     2.0;
    format      ascii;
    class       volScalarField;
    location    "1500000";
    object      epsilon;
}
// * * * * * * * * * * * * * * * * * * * * * * * * * * * * * * * * * * * * * //

dimensions      [0 2 -3 0 0 0 0];

internalField   nonuniform List<scalar> 
5000
(
93.3473
93.3473
93.3473
93.3473
93.3473
93.3472
93.3472
93.3472
93.3471
93.3472
38.2387
38.2387
38.2388
38.2388
38.2388
38.2388
38.2388
38.2388
38.2389
38.2389
21.2189
21.2189
21.219
21.219
21.219
21.219
21.219
21.219
21.219
21.219
14.119
14.119
14.119
14.1191
14.1191
14.1191
14.1191
14.1191
14.1191
14.1191
10.3481
10.3481
10.3481
10.3481
10.3481
10.3481
10.3482
10.3482
10.3482
10.3482
8.03849
8.03849
8.03849
8.0385
8.0385
8.03851
8.03851
8.03852
8.03852
8.03853
6.48742
6.48742
6.48743
6.48743
6.48743
6.48744
6.48744
6.48744
6.48745
6.48745
5.37736
5.37736
5.37737
5.37737
5.37737
5.37737
5.37738
5.37738
5.37738
5.37739
4.54533
4.54533
4.54534
4.54534
4.54534
4.54534
4.54535
4.54535
4.54535
4.54535
3.89953
3.89953
3.89953
3.89954
3.89954
3.89954
3.89954
3.89954
3.89955
3.89955
3.38445
3.38445
3.38446
3.38446
3.38446
3.38446
3.38446
3.38446
3.38447
3.38447
2.96462
2.96462
2.96462
2.96462
2.96463
2.96463
2.96463
2.96463
2.96463
2.96463
2.61632
2.61632
2.61632
2.61632
2.61632
2.61632
2.61632
2.61632
2.61633
2.61633
2.32309
2.32309
2.3231
2.3231
2.3231
2.3231
2.3231
2.3231
2.3231
2.3231
2.07319
2.07319
2.0732
2.0732
2.0732
2.0732
2.0732
2.0732
2.0732
2.0732
1.85798
1.85798
1.85798
1.85798
1.85799
1.85799
1.85799
1.85799
1.85799
1.85799
1.67098
1.67098
1.67098
1.67098
1.67098
1.67098
1.67098
1.67098
1.67098
1.67098
1.50722
1.50722
1.50722
1.50722
1.50722
1.50722
1.50722
1.50722
1.50723
1.50723
1.36285
1.36285
1.36285
1.36285
1.36285
1.36285
1.36285
1.36285
1.36285
1.36285
1.2348
1.2348
1.23481
1.23481
1.23481
1.23481
1.23481
1.23481
1.23481
1.23481
1.12065
1.12065
1.12065
1.12065
1.12065
1.12065
1.12065
1.12065
1.12065
1.12065
1.01839
1.01839
1.01839
1.01839
1.01839
1.01839
1.01839
1.01839
1.01839
1.01839
0.926406
0.926406
0.926407
0.926407
0.926407
0.926408
0.926408
0.926409
0.926409
0.92641
0.843349
0.843349
0.84335
0.84335
0.84335
0.843351
0.843351
0.843351
0.843352
0.843352
0.768093
0.768094
0.768094
0.768094
0.768094
0.768095
0.768095
0.768095
0.768096
0.768096
0.69969
0.69969
0.699691
0.699691
0.699691
0.699691
0.699692
0.699692
0.699692
0.699693
0.637335
0.637335
0.637335
0.637335
0.637336
0.637336
0.637336
0.637336
0.637337
0.637337
0.58034
0.58034
0.58034
0.58034
0.58034
0.580341
0.580341
0.580341
0.580341
0.580342
0.528114
0.528114
0.528114
0.528114
0.528115
0.528115
0.528115
0.528115
0.528115
0.528116
0.480148
0.480148
0.480149
0.480149
0.480149
0.480149
0.480149
0.480149
0.480149
0.48015
0.436001
0.436001
0.436001
0.436001
0.436001
0.436001
0.436002
0.436002
0.436002
0.436002
0.395289
0.395289
0.395289
0.395289
0.395289
0.395289
0.395289
0.395289
0.395289
0.39529
0.35768
0.35768
0.35768
0.35768
0.35768
0.35768
0.35768
0.35768
0.35768
0.35768
0.322886
0.322886
0.322886
0.322887
0.322887
0.322887
0.322887
0.322887
0.322887
0.322887
0.290663
0.290663
0.290663
0.290663
0.290663
0.290663
0.290663
0.290663
0.290663
0.290664
0.260801
0.260801
0.260801
0.260801
0.260801
0.260801
0.260801
0.260801
0.260801
0.260801
0.233127
0.233127
0.233128
0.233128
0.233128
0.233128
0.233128
0.233128
0.233128
0.233128
0.207506
0.207506
0.207506
0.207506
0.207506
0.207506
0.207506
0.207506
0.207506
0.207506
0.183834
0.183834
0.183834
0.183834
0.183834
0.183834
0.183834
0.183834
0.183834
0.183834
0.162043
0.162043
0.162043
0.162043
0.162043
0.162043
0.162043
0.162043
0.162043
0.162043
0.142099
0.142099
0.142099
0.142099
0.142099
0.142099
0.142099
0.142099
0.142099
0.142099
0.123998
0.123998
0.123998
0.123998
0.123998
0.123998
0.123998
0.123998
0.123998
0.123998
0.107763
0.107763
0.107763
0.107763
0.107763
0.107763
0.107763
0.107763
0.107763
0.107763
0.0934349
0.0934349
0.0934349
0.0934348
0.0934348
0.0934348
0.0934348
0.0934348
0.0934347
0.0934347
0.0810595
0.0810595
0.0810595
0.0810595
0.0810595
0.0810595
0.0810594
0.0810594
0.0810594
0.0810593
0.0706772
0.0706771
0.0706771
0.0706771
0.0706771
0.070677
0.070677
0.070677
0.070677
0.0706769
0.0623122
0.0623122
0.0623122
0.0623122
0.0623121
0.0623121
0.0623121
0.062312
0.062312
0.062312
0.0559745
0.0559745
0.0559745
0.0559744
0.0559744
0.0559744
0.0559744
0.0559743
0.0559743
0.0559742
0.0516753
0.0516753
0.0516753
0.0516752
0.0516752
0.0516752
0.0516751
0.0516751
0.0516751
0.051675
0.0494609
0.0494609
0.0494608
0.0494608
0.0494608
0.0494608
0.0494607
0.0494607
0.0494607
0.0494606
93.3471
93.3471
93.3471
93.3471
93.347
93.347
93.3469
93.3469
93.3469
93.3469
38.2387
38.2387
38.2387
38.2387
38.2387
38.2388
38.2388
38.2388
38.2388
38.2388
21.2189
21.2189
21.2189
21.2189
21.219
21.219
21.219
21.219
21.219
21.219
14.119
14.119
14.119
14.119
14.119
14.1191
14.1191
14.1191
14.1191
14.1191
10.3481
10.3481
10.3481
10.3481
10.3481
10.3481
10.3481
10.3481
10.3482
10.3482
8.03848
8.03848
8.03848
8.03849
8.03849
8.0385
8.0385
8.03851
8.03851
8.03852
6.48741
6.48742
6.48742
6.48742
6.48743
6.48743
6.48743
6.48744
6.48744
6.48744
5.37736
5.37736
5.37736
5.37736
5.37736
5.37737
5.37737
5.37737
5.37738
5.37738
4.54533
4.54533
4.54533
4.54533
4.54533
4.54534
4.54534
4.54534
4.54534
4.54535
3.89953
3.89953
3.89953
3.89953
3.89953
3.89953
3.89954
3.89954
3.89954
3.89954
3.38445
3.38445
3.38445
3.38445
3.38445
3.38446
3.38446
3.38446
3.38446
3.38446
2.96462
2.96462
2.96462
2.96462
2.96462
2.96462
2.96462
2.96462
2.96463
2.96463
2.61631
2.61631
2.61631
2.61631
2.61632
2.61632
2.61632
2.61632
2.61632
2.61632
2.32309
2.32309
2.32309
2.32309
2.32309
2.3231
2.3231
2.3231
2.3231
2.3231
2.07319
2.07319
2.07319
2.07319
2.07319
2.0732
2.0732
2.0732
2.0732
2.0732
1.85798
1.85798
1.85798
1.85798
1.85798
1.85798
1.85798
1.85799
1.85799
1.85799
1.67098
1.67098
1.67098
1.67098
1.67098
1.67098
1.67098
1.67098
1.67098
1.67098
1.50722
1.50722
1.50722
1.50722
1.50722
1.50722
1.50722
1.50722
1.50722
1.50722
1.36285
1.36285
1.36285
1.36285
1.36285
1.36285
1.36285
1.36285
1.36285
1.36285
1.2348
1.2348
1.2348
1.2348
1.2348
1.23481
1.23481
1.23481
1.23481
1.23481
1.12065
1.12065
1.12065
1.12065
1.12065
1.12065
1.12065
1.12065
1.12065
1.12065
1.01839
1.01839
1.01839
1.01839
1.01839
1.01839
1.01839
1.01839
1.01839
1.01839
0.926405
0.926405
0.926406
0.926406
0.926406
0.926407
0.926407
0.926407
0.926408
0.926408
0.843348
0.843349
0.843349
0.843349
0.84335
0.84335
0.84335
0.843351
0.843351
0.843351
0.768093
0.768093
0.768093
0.768093
0.768094
0.768094
0.768094
0.768095
0.768095
0.768095
0.69969
0.69969
0.69969
0.69969
0.69969
0.699691
0.699691
0.699691
0.699692
0.699692
0.637334
0.637334
0.637335
0.637335
0.637335
0.637335
0.637335
0.637336
0.637336
0.637336
0.580339
0.580339
0.580339
0.58034
0.58034
0.58034
0.58034
0.58034
0.580341
0.580341
0.528114
0.528114
0.528114
0.528114
0.528114
0.528114
0.528115
0.528115
0.528115
0.528115
0.480148
0.480148
0.480148
0.480148
0.480148
0.480149
0.480149
0.480149
0.480149
0.480149
0.436001
0.436001
0.436001
0.436001
0.436001
0.436001
0.436001
0.436001
0.436002
0.436002
0.395288
0.395288
0.395289
0.395289
0.395289
0.395289
0.395289
0.395289
0.395289
0.395289
0.357679
0.357679
0.357679
0.35768
0.35768
0.35768
0.35768
0.35768
0.35768
0.35768
0.322886
0.322886
0.322886
0.322886
0.322886
0.322887
0.322887
0.322887
0.322887
0.322887
0.290663
0.290663
0.290663
0.290663
0.290663
0.290663
0.290663
0.290663
0.290663
0.290663
0.260801
0.260801
0.260801
0.260801
0.260801
0.260801
0.260801
0.260801
0.260801
0.260801
0.233127
0.233127
0.233127
0.233127
0.233127
0.233128
0.233128
0.233128
0.233128
0.233128
0.207506
0.207506
0.207506
0.207506
0.207506
0.207506
0.207506
0.207506
0.207506
0.207506
0.183834
0.183834
0.183834
0.183834
0.183834
0.183834
0.183834
0.183834
0.183834
0.183834
0.162043
0.162043
0.162043
0.162043
0.162043
0.162043
0.162043
0.162043
0.162043
0.162043
0.142099
0.142099
0.142099
0.142099
0.142099
0.142099
0.142099
0.142099
0.142099
0.142099
0.123998
0.123998
0.123998
0.123998
0.123998
0.123998
0.123998
0.123998
0.123998
0.123998
0.107763
0.107763
0.107763
0.107763
0.107763
0.107763
0.107763
0.107763
0.107763
0.107763
0.0934349
0.0934349
0.0934348
0.0934348
0.0934348
0.0934348
0.0934348
0.0934348
0.0934347
0.0934347
0.0810595
0.0810595
0.0810595
0.0810595
0.0810595
0.0810594
0.0810594
0.0810594
0.0810594
0.0810593
0.0706772
0.0706771
0.0706771
0.0706771
0.0706771
0.0706771
0.070677
0.070677
0.070677
0.0706769
0.0623122
0.0623122
0.0623122
0.0623122
0.0623121
0.0623121
0.0623121
0.0623121
0.062312
0.062312
0.0559745
0.0559745
0.0559745
0.0559745
0.0559744
0.0559744
0.0559744
0.0559743
0.0559743
0.0559743
0.0516753
0.0516753
0.0516753
0.0516752
0.0516752
0.0516752
0.0516752
0.0516751
0.0516751
0.051675
0.0494609
0.0494609
0.0494609
0.0494608
0.0494608
0.0494608
0.0494607
0.0494607
0.0494607
0.0494606
93.3469
93.347
93.3469
93.3469
93.3469
93.3469
93.3468
93.3468
93.3468
93.3468
38.2386
38.2386
38.2386
38.2387
38.2387
38.2387
38.2387
38.2387
38.2387
38.2387
21.2189
21.2189
21.2189
21.2189
21.2189
21.2189
21.219
21.219
21.219
21.219
14.119
14.119
14.119
14.119
14.119
14.119
14.1191
14.1191
14.1191
14.1191
10.3481
10.3481
10.3481
10.3481
10.3481
10.3481
10.3481
10.3481
10.3481
10.3482
8.03847
8.03847
8.03848
8.03848
8.03849
8.03849
8.03849
8.0385
8.0385
8.03851
6.48741
6.48741
6.48741
6.48742
6.48742
6.48742
6.48743
6.48743
6.48743
6.48744
5.37735
5.37735
5.37735
5.37736
5.37736
5.37736
5.37736
5.37737
5.37737
5.37737
4.54532
4.54532
4.54533
4.54533
4.54533
4.54533
4.54533
4.54534
4.54534
4.54534
3.89952
3.89952
3.89952
3.89953
3.89953
3.89953
3.89953
3.89953
3.89954
3.89954
3.38445
3.38445
3.38445
3.38445
3.38445
3.38445
3.38445
3.38446
3.38446
3.38446
2.96461
2.96461
2.96461
2.96462
2.96462
2.96462
2.96462
2.96462
2.96462
2.96463
2.61631
2.61631
2.61631
2.61631
2.61631
2.61631
2.61632
2.61632
2.61632
2.61632
2.32309
2.32309
2.32309
2.32309
2.32309
2.32309
2.32309
2.3231
2.3231
2.3231
2.07319
2.07319
2.07319
2.07319
2.07319
2.07319
2.07319
2.0732
2.0732
2.0732
1.85798
1.85798
1.85798
1.85798
1.85798
1.85798
1.85798
1.85798
1.85798
1.85799
1.67097
1.67097
1.67097
1.67098
1.67098
1.67098
1.67098
1.67098
1.67098
1.67098
1.50722
1.50722
1.50722
1.50722
1.50722
1.50722
1.50722
1.50722
1.50722
1.50722
1.36284
1.36284
1.36284
1.36285
1.36285
1.36285
1.36285
1.36285
1.36285
1.36285
1.2348
1.2348
1.2348
1.2348
1.2348
1.2348
1.2348
1.23481
1.23481
1.23481
1.12064
1.12064
1.12064
1.12065
1.12065
1.12065
1.12065
1.12065
1.12065
1.12065
1.01839
1.01839
1.01839
1.01839
1.01839
1.01839
1.01839
1.01839
1.01839
1.01839
0.926404
0.926404
0.926405
0.926405
0.926406
0.926406
0.926406
0.926407
0.926407
0.926408
0.843348
0.843348
0.843348
0.843348
0.843349
0.843349
0.84335
0.84335
0.84335
0.843351
0.768092
0.768092
0.768092
0.768093
0.768093
0.768093
0.768094
0.768094
0.768094
0.768095
0.699689
0.699689
0.699689
0.69969
0.69969
0.69969
0.69969
0.699691
0.699691
0.699692
0.637334
0.637334
0.637334
0.637334
0.637335
0.637335
0.637335
0.637335
0.637336
0.637336
0.580339
0.580339
0.580339
0.580339
0.580339
0.58034
0.58034
0.58034
0.58034
0.580341
0.528113
0.528113
0.528114
0.528114
0.528114
0.528114
0.528114
0.528115
0.528115
0.528115
0.480148
0.480148
0.480148
0.480148
0.480148
0.480148
0.480149
0.480149
0.480149
0.480149
0.436
0.436
0.436001
0.436001
0.436001
0.436001
0.436001
0.436001
0.436001
0.436002
0.395288
0.395288
0.395288
0.395289
0.395289
0.395289
0.395289
0.395289
0.395289
0.395289
0.357679
0.357679
0.357679
0.357679
0.35768
0.35768
0.35768
0.35768
0.35768
0.35768
0.322886
0.322886
0.322886
0.322886
0.322886
0.322886
0.322887
0.322887
0.322887
0.322887
0.290663
0.290663
0.290663
0.290663
0.290663
0.290663
0.290663
0.290663
0.290663
0.290663
0.260801
0.260801
0.260801
0.260801
0.260801
0.260801
0.260801
0.260801
0.260801
0.260801
0.233127
0.233127
0.233127
0.233127
0.233127
0.233127
0.233128
0.233128
0.233128
0.233128
0.207506
0.207506
0.207506
0.207506
0.207506
0.207506
0.207506
0.207506
0.207506
0.207506
0.183834
0.183834
0.183834
0.183834
0.183834
0.183834
0.183834
0.183834
0.183834
0.183834
0.162043
0.162043
0.162043
0.162043
0.162043
0.162043
0.162043
0.162043
0.162043
0.162043
0.142099
0.142099
0.142099
0.142099
0.142099
0.142099
0.142099
0.142099
0.142099
0.142099
0.123998
0.123998
0.123998
0.123998
0.123998
0.123998
0.123998
0.123998
0.123998
0.123998
0.107763
0.107763
0.107763
0.107763
0.107763
0.107763
0.107763
0.107763
0.107763
0.107763
0.0934349
0.0934349
0.0934348
0.0934348
0.0934348
0.0934348
0.0934348
0.0934348
0.0934347
0.0934347
0.0810595
0.0810595
0.0810595
0.0810595
0.0810595
0.0810595
0.0810594
0.0810594
0.0810594
0.0810593
0.0706772
0.0706772
0.0706771
0.0706771
0.0706771
0.0706771
0.070677
0.070677
0.070677
0.0706769
0.0623122
0.0623122
0.0623122
0.0623122
0.0623121
0.0623121
0.0623121
0.0623121
0.062312
0.062312
0.0559745
0.0559745
0.0559745
0.0559745
0.0559744
0.0559744
0.0559744
0.0559744
0.0559743
0.0559743
0.0516753
0.0516753
0.0516753
0.0516753
0.0516752
0.0516752
0.0516752
0.0516751
0.0516751
0.0516751
0.0494609
0.0494609
0.0494609
0.0494609
0.0494608
0.0494608
0.0494608
0.0494607
0.0494607
0.0494606
93.3468
93.3468
93.3468
93.3468
93.3467
93.3467
93.3466
93.3466
93.3466
93.3467
38.2386
38.2386
38.2386
38.2386
38.2387
38.2387
38.2387
38.2387
38.2387
38.2387
21.2189
21.2189
21.2189
21.2189
21.2189
21.2189
21.2189
21.219
21.219
21.219
14.119
14.119
14.119
14.119
14.119
14.119
14.119
14.1191
14.1191
14.1191
10.3481
10.3481
10.3481
10.3481
10.3481
10.3481
10.3481
10.3481
10.3481
10.3481
8.03846
8.03847
8.03847
8.03847
8.03848
8.03848
8.03849
8.03849
8.0385
8.0385
6.4874
6.4874
6.48741
6.48741
6.48741
6.48742
6.48742
6.48742
6.48743
6.48743
5.37735
5.37735
5.37735
5.37735
5.37735
5.37736
5.37736
5.37736
5.37736
5.37737
4.54532
4.54532
4.54532
4.54532
4.54532
4.54533
4.54533
4.54533
4.54533
4.54534
3.89952
3.89952
3.89952
3.89952
3.89952
3.89953
3.89953
3.89953
3.89953
3.89953
3.38444
3.38444
3.38444
3.38445
3.38445
3.38445
3.38445
3.38445
3.38445
3.38446
2.96461
2.96461
2.96461
2.96461
2.96461
2.96462
2.96462
2.96462
2.96462
2.96462
2.61631
2.61631
2.61631
2.61631
2.61631
2.61631
2.61631
2.61631
2.61632
2.61632
2.32309
2.32309
2.32309
2.32309
2.32309
2.32309
2.32309
2.32309
2.32309
2.3231
2.07319
2.07319
2.07319
2.07319
2.07319
2.07319
2.07319
2.07319
2.07319
2.0732
1.85798
1.85798
1.85798
1.85798
1.85798
1.85798
1.85798
1.85798
1.85798
1.85798
1.67097
1.67097
1.67097
1.67097
1.67097
1.67098
1.67098
1.67098
1.67098
1.67098
1.50722
1.50722
1.50722
1.50722
1.50722
1.50722
1.50722
1.50722
1.50722
1.50722
1.36284
1.36284
1.36284
1.36284
1.36284
1.36284
1.36285
1.36285
1.36285
1.36285
1.2348
1.2348
1.2348
1.2348
1.2348
1.2348
1.2348
1.2348
1.2348
1.23481
1.12064
1.12064
1.12064
1.12064
1.12064
1.12065
1.12065
1.12065
1.12065
1.12065
1.01839
1.01839
1.01839
1.01839
1.01839
1.01839
1.01839
1.01839
1.01839
1.01839
0.926404
0.926404
0.926404
0.926404
0.926405
0.926405
0.926406
0.926406
0.926406
0.926407
0.843347
0.843347
0.843348
0.843348
0.843348
0.843349
0.843349
0.843349
0.84335
0.84335
0.768092
0.768092
0.768092
0.768092
0.768093
0.768093
0.768093
0.768093
0.768094
0.768094
0.699689
0.699689
0.699689
0.699689
0.69969
0.69969
0.69969
0.69969
0.699691
0.699691
0.637333
0.637334
0.637334
0.637334
0.637334
0.637334
0.637335
0.637335
0.637335
0.637336
0.580339
0.580339
0.580339
0.580339
0.580339
0.580339
0.58034
0.58034
0.58034
0.58034
0.528113
0.528113
0.528113
0.528114
0.528114
0.528114
0.528114
0.528114
0.528114
0.528115
0.480148
0.480148
0.480148
0.480148
0.480148
0.480148
0.480148
0.480149
0.480149
0.480149
0.436
0.436
0.436
0.436001
0.436001
0.436001
0.436001
0.436001
0.436001
0.436001
0.395288
0.395288
0.395288
0.395288
0.395289
0.395289
0.395289
0.395289
0.395289
0.395289
0.357679
0.357679
0.357679
0.357679
0.357679
0.35768
0.35768
0.35768
0.35768
0.35768
0.322886
0.322886
0.322886
0.322886
0.322886
0.322886
0.322887
0.322887
0.322887
0.322887
0.290663
0.290663
0.290663
0.290663
0.290663
0.290663
0.290663
0.290663
0.290663
0.290663
0.260801
0.260801
0.260801
0.260801
0.260801
0.260801
0.260801
0.260801
0.260801
0.260801
0.233127
0.233127
0.233127
0.233127
0.233127
0.233127
0.233128
0.233128
0.233128
0.233128
0.207506
0.207506
0.207506
0.207506
0.207506
0.207506
0.207506
0.207506
0.207506
0.207506
0.183834
0.183834
0.183834
0.183834
0.183834
0.183834
0.183834
0.183834
0.183834
0.183834
0.162043
0.162043
0.162043
0.162043
0.162043
0.162043
0.162043
0.162043
0.162043
0.162043
0.142099
0.142099
0.142099
0.142099
0.142099
0.142099
0.142099
0.142099
0.142099
0.142099
0.123998
0.123998
0.123998
0.123998
0.123998
0.123998
0.123998
0.123998
0.123998
0.123998
0.107763
0.107763
0.107763
0.107763
0.107763
0.107763
0.107763
0.107763
0.107763
0.107763
0.0934349
0.0934349
0.0934349
0.0934348
0.0934348
0.0934348
0.0934348
0.0934348
0.0934347
0.0934347
0.0810596
0.0810596
0.0810595
0.0810595
0.0810595
0.0810595
0.0810594
0.0810594
0.0810594
0.0810594
0.0706772
0.0706772
0.0706771
0.0706771
0.0706771
0.0706771
0.070677
0.070677
0.070677
0.0706769
0.0623122
0.0623122
0.0623122
0.0623122
0.0623122
0.0623121
0.0623121
0.0623121
0.0623121
0.062312
0.0559746
0.0559745
0.0559745
0.0559745
0.0559745
0.0559744
0.0559744
0.0559744
0.0559743
0.0559743
0.0516753
0.0516753
0.0516753
0.0516753
0.0516753
0.0516752
0.0516752
0.0516752
0.0516751
0.0516751
0.0494609
0.0494609
0.0494609
0.0494609
0.0494608
0.0494608
0.0494608
0.0494608
0.0494607
0.0494607
93.3467
93.3467
93.3467
93.3466
93.3466
93.3466
93.3465
93.3465
93.3465
93.3466
38.2385
38.2385
38.2386
38.2386
38.2386
38.2386
38.2386
38.2386
38.2386
38.2387
21.2189
21.2189
21.2189
21.2189
21.2189
21.2189
21.2189
21.2189
21.2189
21.219
14.119
14.119
14.119
14.119
14.119
14.119
14.119
14.119
14.119
14.1191
10.3481
10.3481
10.3481
10.3481
10.3481
10.3481
10.3481
10.3481
10.3481
10.3481
8.03846
8.03846
8.03846
8.03846
8.03847
8.03847
8.03848
8.03848
8.03849
8.03849
6.48739
6.4874
6.4874
6.4874
6.48741
6.48741
6.48741
6.48742
6.48742
6.48742
5.37734
5.37734
5.37734
5.37734
5.37735
5.37735
5.37735
5.37736
5.37736
5.37736
4.54531
4.54531
4.54532
4.54532
4.54532
4.54532
4.54532
4.54533
4.54533
4.54533
3.89951
3.89951
3.89952
3.89952
3.89952
3.89952
3.89952
3.89953
3.89953
3.89953
3.38444
3.38444
3.38444
3.38444
3.38444
3.38444
3.38445
3.38445
3.38445
3.38445
2.96461
2.96461
2.96461
2.96461
2.96461
2.96461
2.96461
2.96461
2.96462
2.96462
2.6163
2.6163
2.61631
2.61631
2.61631
2.61631
2.61631
2.61631
2.61631
2.61631
2.32308
2.32308
2.32308
2.32309
2.32309
2.32309
2.32309
2.32309
2.32309
2.32309
2.07318
2.07319
2.07319
2.07319
2.07319
2.07319
2.07319
2.07319
2.07319
2.07319
1.85797
1.85797
1.85798
1.85798
1.85798
1.85798
1.85798
1.85798
1.85798
1.85798
1.67097
1.67097
1.67097
1.67097
1.67097
1.67097
1.67097
1.67098
1.67098
1.67098
1.50721
1.50721
1.50721
1.50722
1.50722
1.50722
1.50722
1.50722
1.50722
1.50722
1.36284
1.36284
1.36284
1.36284
1.36284
1.36284
1.36284
1.36284
1.36285
1.36285
1.2348
1.2348
1.2348
1.2348
1.2348
1.2348
1.2348
1.2348
1.2348
1.2348
1.12064
1.12064
1.12064
1.12064
1.12064
1.12064
1.12064
1.12065
1.12065
1.12065
1.01839
1.01839
1.01839
1.01839
1.01839
1.01839
1.01839
1.01839
1.01839
1.01839
0.926403
0.926403
0.926403
0.926404
0.926404
0.926404
0.926405
0.926405
0.926406
0.926406
0.843346
0.843347
0.843347
0.843347
0.843348
0.843348
0.843348
0.843349
0.843349
0.84335
0.768091
0.768091
0.768091
0.768092
0.768092
0.768092
0.768093
0.768093
0.768093
0.768094
0.699688
0.699688
0.699689
0.699689
0.699689
0.699689
0.69969
0.69969
0.69969
0.699691
0.637333
0.637333
0.637333
0.637334
0.637334
0.637334
0.637334
0.637335
0.637335
0.637335
0.580338
0.580338
0.580338
0.580339
0.580339
0.580339
0.580339
0.58034
0.58034
0.58034
0.528113
0.528113
0.528113
0.528113
0.528114
0.528114
0.528114
0.528114
0.528114
0.528115
0.480147
0.480147
0.480148
0.480148
0.480148
0.480148
0.480148
0.480148
0.480149
0.480149
0.436
0.436
0.436
0.436
0.436001
0.436001
0.436001
0.436001
0.436001
0.436001
0.395288
0.395288
0.395288
0.395288
0.395288
0.395289
0.395289
0.395289
0.395289
0.395289
0.357679
0.357679
0.357679
0.357679
0.357679
0.35768
0.35768
0.35768
0.35768
0.35768
0.322886
0.322886
0.322886
0.322886
0.322886
0.322886
0.322886
0.322887
0.322887
0.322887
0.290663
0.290663
0.290663
0.290663
0.290663
0.290663
0.290663
0.290663
0.290663
0.290663
0.260801
0.260801
0.260801
0.260801
0.260801
0.260801
0.260801
0.260801
0.260801
0.260801
0.233127
0.233127
0.233127
0.233127
0.233127
0.233128
0.233128
0.233128
0.233128
0.233128
0.207506
0.207506
0.207506
0.207506
0.207506
0.207506
0.207506
0.207506
0.207506
0.207506
0.183834
0.183834
0.183834
0.183834
0.183834
0.183834
0.183834
0.183834
0.183834
0.183834
0.162043
0.162043
0.162043
0.162043
0.162043
0.162043
0.162043
0.162043
0.162043
0.162043
0.142099
0.142099
0.142099
0.142099
0.142099
0.142099
0.142099
0.142099
0.142099
0.142099
0.123998
0.123998
0.123998
0.123998
0.123998
0.123998
0.123998
0.123998
0.123998
0.123998
0.107763
0.107763
0.107763
0.107763
0.107763
0.107763
0.107763
0.107763
0.107763
0.107763
0.0934349
0.0934349
0.0934349
0.0934349
0.0934349
0.0934348
0.0934348
0.0934348
0.0934348
0.0934347
0.0810596
0.0810596
0.0810596
0.0810595
0.0810595
0.0810595
0.0810595
0.0810594
0.0810594
0.0810594
0.0706772
0.0706772
0.0706772
0.0706771
0.0706771
0.0706771
0.0706771
0.070677
0.070677
0.070677
0.0623123
0.0623123
0.0623122
0.0623122
0.0623122
0.0623122
0.0623121
0.0623121
0.0623121
0.062312
0.0559746
0.0559746
0.0559745
0.0559745
0.0559745
0.0559745
0.0559744
0.0559744
0.0559744
0.0559743
0.0516754
0.0516753
0.0516753
0.0516753
0.0516753
0.0516752
0.0516752
0.0516752
0.0516752
0.0516751
0.049461
0.0494609
0.0494609
0.0494609
0.0494609
0.0494608
0.0494608
0.0494608
0.0494607
0.0494607
93.3466
93.3466
93.3466
93.3465
93.3465
93.3465
93.3464
93.3464
93.3465
93.3465
38.2385
38.2385
38.2385
38.2386
38.2386
38.2386
38.2386
38.2386
38.2386
38.2386
21.2188
21.2188
21.2189
21.2189
21.2189
21.2189
21.2189
21.2189
21.2189
21.2189
14.119
14.119
14.119
14.119
14.119
14.119
14.119
14.119
14.119
14.119
10.3481
10.3481
10.3481
10.3481
10.3481
10.3481
10.3481
10.3481
10.3481
10.3481
8.03845
8.03845
8.03845
8.03846
8.03846
8.03847
8.03847
8.03847
8.03848
8.03848
6.48739
6.48739
6.48739
6.48739
6.4874
6.4874
6.4874
6.48741
6.48741
6.48742
5.37733
5.37733
5.37734
5.37734
5.37734
5.37734
5.37735
5.37735
5.37735
5.37736
4.54531
4.54531
4.54531
4.54531
4.54531
4.54532
4.54532
4.54532
4.54532
4.54533
3.89951
3.89951
3.89951
3.89951
3.89952
3.89952
3.89952
3.89952
3.89952
3.89953
3.38443
3.38443
3.38444
3.38444
3.38444
3.38444
3.38444
3.38444
3.38445
3.38445
2.9646
2.9646
2.9646
2.96461
2.96461
2.96461
2.96461
2.96461
2.96461
2.96461
2.6163
2.6163
2.6163
2.6163
2.6163
2.61631
2.61631
2.61631
2.61631
2.61631
2.32308
2.32308
2.32308
2.32308
2.32308
2.32309
2.32309
2.32309
2.32309
2.32309
2.07318
2.07318
2.07318
2.07318
2.07319
2.07319
2.07319
2.07319
2.07319
2.07319
1.85797
1.85797
1.85797
1.85797
1.85797
1.85798
1.85798
1.85798
1.85798
1.85798
1.67097
1.67097
1.67097
1.67097
1.67097
1.67097
1.67097
1.67097
1.67097
1.67098
1.50721
1.50721
1.50721
1.50721
1.50721
1.50722
1.50722
1.50722
1.50722
1.50722
1.36284
1.36284
1.36284
1.36284
1.36284
1.36284
1.36284
1.36284
1.36284
1.36285
1.2348
1.2348
1.2348
1.2348
1.2348
1.2348
1.2348
1.2348
1.2348
1.2348
1.12064
1.12064
1.12064
1.12064
1.12064
1.12064
1.12064
1.12064
1.12064
1.12065
1.01838
1.01839
1.01839
1.01839
1.01839
1.01839
1.01839
1.01839
1.01839
1.01839
0.926402
0.926402
0.926403
0.926403
0.926403
0.926404
0.926404
0.926404
0.926405
0.926406
0.843346
0.843346
0.843346
0.843347
0.843347
0.843347
0.843348
0.843348
0.843348
0.843349
0.768091
0.768091
0.768091
0.768091
0.768092
0.768092
0.768092
0.768092
0.768093
0.768093
0.699688
0.699688
0.699688
0.699688
0.699689
0.699689
0.699689
0.699689
0.69969
0.69969
0.637333
0.637333
0.637333
0.637333
0.637334
0.637334
0.637334
0.637334
0.637334
0.637335
0.580338
0.580338
0.580338
0.580338
0.580339
0.580339
0.580339
0.580339
0.580339
0.58034
0.528113
0.528113
0.528113
0.528113
0.528113
0.528113
0.528114
0.528114
0.528114
0.528114
0.480147
0.480147
0.480147
0.480148
0.480148
0.480148
0.480148
0.480148
0.480148
0.480149
0.436
0.436
0.436
0.436
0.436
0.436001
0.436001
0.436001
0.436001
0.436001
0.395288
0.395288
0.395288
0.395288
0.395288
0.395288
0.395289
0.395289
0.395289
0.395289
0.357679
0.357679
0.357679
0.357679
0.357679
0.357679
0.35768
0.35768
0.35768
0.35768
0.322886
0.322886
0.322886
0.322886
0.322886
0.322886
0.322886
0.322887
0.322887
0.322887
0.290663
0.290663
0.290663
0.290663
0.290663
0.290663
0.290663
0.290663
0.290663
0.290663
0.260801
0.260801
0.260801
0.260801
0.260801
0.260801
0.260801
0.260801
0.260801
0.260801
0.233127
0.233127
0.233127
0.233127
0.233127
0.233128
0.233128
0.233128
0.233128
0.233128
0.207506
0.207506
0.207506
0.207506
0.207506
0.207506
0.207506
0.207506
0.207506
0.207506
0.183834
0.183834
0.183834
0.183834
0.183834
0.183834
0.183834
0.183834
0.183834
0.183834
0.162043
0.162043
0.162043
0.162043
0.162043
0.162043
0.162043
0.162043
0.162043
0.162043
0.142099
0.142099
0.142099
0.142099
0.142099
0.142099
0.142099
0.142099
0.142099
0.142099
0.123998
0.123998
0.123998
0.123998
0.123998
0.123998
0.123998
0.123998
0.123998
0.123998
0.107763
0.107763
0.107763
0.107763
0.107763
0.107763
0.107763
0.107763
0.107763
0.107763
0.0934349
0.0934349
0.0934349
0.0934349
0.0934349
0.0934349
0.0934348
0.0934348
0.0934348
0.0934348
0.0810596
0.0810596
0.0810596
0.0810596
0.0810595
0.0810595
0.0810595
0.0810595
0.0810595
0.0810594
0.0706772
0.0706772
0.0706772
0.0706772
0.0706771
0.0706771
0.0706771
0.0706771
0.070677
0.070677
0.0623123
0.0623123
0.0623123
0.0623122
0.0623122
0.0623122
0.0623122
0.0623121
0.0623121
0.062312
0.0559746
0.0559746
0.0559746
0.0559745
0.0559745
0.0559745
0.0559744
0.0559744
0.0559744
0.0559743
0.0516754
0.0516754
0.0516753
0.0516753
0.0516753
0.0516753
0.0516752
0.0516752
0.0516752
0.0516751
0.049461
0.049461
0.0494609
0.0494609
0.0494609
0.0494609
0.0494608
0.0494608
0.0494608
0.0494607
93.3465
93.3465
93.3465
93.3465
93.3464
93.3464
93.3464
93.3464
93.3464
93.3465
38.2385
38.2385
38.2385
38.2385
38.2386
38.2386
38.2386
38.2386
38.2386
38.2386
21.2188
21.2188
21.2188
21.2188
21.2189
21.2189
21.2189
21.2189
21.2189
21.2189
14.119
14.119
14.119
14.119
14.119
14.119
14.119
14.119
14.119
14.119
10.3481
10.3481
10.3481
10.3481
10.3481
10.3481
10.3481
10.3481
10.3481
10.3481
8.03844
8.03844
8.03844
8.03845
8.03845
8.03846
8.03846
8.03846
8.03847
8.03848
6.48738
6.48738
6.48738
6.48739
6.48739
6.48739
6.4874
6.4874
6.4874
6.48741
5.37733
5.37733
5.37733
5.37733
5.37733
5.37734
5.37734
5.37734
5.37735
5.37735
4.5453
4.5453
4.5453
4.54531
4.54531
4.54531
4.54531
4.54532
4.54532
4.54532
3.8995
3.89951
3.89951
3.89951
3.89951
3.89951
3.89951
3.89952
3.89952
3.89952
3.38443
3.38443
3.38443
3.38443
3.38444
3.38444
3.38444
3.38444
3.38444
3.38445
2.9646
2.9646
2.9646
2.9646
2.9646
2.96461
2.96461
2.96461
2.96461
2.96461
2.6163
2.6163
2.6163
2.6163
2.6163
2.6163
2.6163
2.61631
2.61631
2.61631
2.32308
2.32308
2.32308
2.32308
2.32308
2.32308
2.32308
2.32309
2.32309
2.32309
2.07318
2.07318
2.07318
2.07318
2.07318
2.07318
2.07319
2.07319
2.07319
2.07319
1.85797
1.85797
1.85797
1.85797
1.85797
1.85797
1.85797
1.85798
1.85798
1.85798
1.67097
1.67097
1.67097
1.67097
1.67097
1.67097
1.67097
1.67097
1.67097
1.67097
1.50721
1.50721
1.50721
1.50721
1.50721
1.50721
1.50721
1.50722
1.50722
1.50722
1.36284
1.36284
1.36284
1.36284
1.36284
1.36284
1.36284
1.36284
1.36284
1.36284
1.2348
1.2348
1.2348
1.2348
1.2348
1.2348
1.2348
1.2348
1.2348
1.2348
1.12064
1.12064
1.12064
1.12064
1.12064
1.12064
1.12064
1.12064
1.12064
1.12064
1.01838
1.01838
1.01838
1.01839
1.01839
1.01839
1.01839
1.01839
1.01839
1.01839
0.926402
0.926402
0.926402
0.926402
0.926403
0.926403
0.926403
0.926404
0.926404
0.926405
0.843345
0.843346
0.843346
0.843346
0.843346
0.843347
0.843347
0.843347
0.843348
0.843348
0.76809
0.76809
0.768091
0.768091
0.768091
0.768091
0.768092
0.768092
0.768092
0.768093
0.699687
0.699688
0.699688
0.699688
0.699688
0.699689
0.699689
0.699689
0.699689
0.69969
0.637332
0.637333
0.637333
0.637333
0.637333
0.637333
0.637334
0.637334
0.637334
0.637335
0.580338
0.580338
0.580338
0.580338
0.580338
0.580339
0.580339
0.580339
0.580339
0.58034
0.528112
0.528113
0.528113
0.528113
0.528113
0.528113
0.528113
0.528114
0.528114
0.528114
0.480147
0.480147
0.480147
0.480147
0.480148
0.480148
0.480148
0.480148
0.480148
0.480148
0.436
0.436
0.436
0.436
0.436
0.436
0.436001
0.436001
0.436001
0.436001
0.395288
0.395288
0.395288
0.395288
0.395288
0.395288
0.395288
0.395289
0.395289
0.395289
0.357679
0.357679
0.357679
0.357679
0.357679
0.357679
0.357679
0.35768
0.35768
0.35768
0.322886
0.322886
0.322886
0.322886
0.322886
0.322886
0.322886
0.322886
0.322887
0.322887
0.290663
0.290663
0.290663
0.290663
0.290663
0.290663
0.290663
0.290663
0.290663
0.290663
0.260801
0.260801
0.260801
0.260801
0.260801
0.260801
0.260801
0.260801
0.260801
0.260801
0.233127
0.233127
0.233127
0.233127
0.233127
0.233128
0.233128
0.233128
0.233128
0.233128
0.207506
0.207506
0.207506
0.207506
0.207506
0.207506
0.207506
0.207506
0.207506
0.207506
0.183834
0.183834
0.183834
0.183834
0.183834
0.183834
0.183834
0.183834
0.183834
0.183834
0.162043
0.162043
0.162043
0.162043
0.162043
0.162043
0.162043
0.162043
0.162043
0.162043
0.142099
0.142099
0.142099
0.142099
0.142099
0.142099
0.142099
0.142099
0.142099
0.142099
0.123998
0.123998
0.123998
0.123998
0.123998
0.123998
0.123998
0.123998
0.123998
0.123998
0.107763
0.107763
0.107763
0.107763
0.107763
0.107763
0.107763
0.107763
0.107763
0.107763
0.093435
0.093435
0.093435
0.0934349
0.0934349
0.0934349
0.0934349
0.0934349
0.0934348
0.0934348
0.0810596
0.0810596
0.0810596
0.0810596
0.0810596
0.0810596
0.0810595
0.0810595
0.0810595
0.0810594
0.0706773
0.0706772
0.0706772
0.0706772
0.0706772
0.0706772
0.0706771
0.0706771
0.0706771
0.070677
0.0623123
0.0623123
0.0623123
0.0623123
0.0623122
0.0623122
0.0623122
0.0623122
0.0623121
0.0623121
0.0559746
0.0559746
0.0559746
0.0559746
0.0559745
0.0559745
0.0559745
0.0559744
0.0559744
0.0559744
0.0516754
0.0516754
0.0516754
0.0516753
0.0516753
0.0516753
0.0516753
0.0516752
0.0516752
0.0516751
0.049461
0.049461
0.049461
0.0494609
0.0494609
0.0494609
0.0494608
0.0494608
0.0494608
0.0494607
93.3465
93.3464
93.3464
93.3464
93.3464
93.3464
93.3464
93.3464
93.3464
93.3465
38.2385
38.2385
38.2385
38.2385
38.2385
38.2385
38.2386
38.2386
38.2386
38.2386
21.2188
21.2188
21.2188
21.2188
21.2188
21.2189
21.2189
21.2189
21.2189
21.2189
14.1189
14.1189
14.119
14.119
14.119
14.119
14.119
14.119
14.119
14.119
10.348
10.348
10.3481
10.3481
10.3481
10.3481
10.3481
10.3481
10.3481
10.3481
8.03843
8.03843
8.03843
8.03844
8.03844
8.03845
8.03845
8.03846
8.03846
8.03847
6.48737
6.48737
6.48738
6.48738
6.48738
6.48739
6.48739
6.4874
6.4874
6.48741
5.37732
5.37732
5.37732
5.37733
5.37733
5.37733
5.37734
5.37734
5.37734
5.37735
4.5453
4.5453
4.5453
4.5453
4.5453
4.54531
4.54531
4.54531
4.54532
4.54532
3.8995
3.8995
3.8995
3.89951
3.89951
3.89951
3.89951
3.89951
3.89952
3.89952
3.38443
3.38443
3.38443
3.38443
3.38443
3.38443
3.38444
3.38444
3.38444
3.38444
2.9646
2.9646
2.9646
2.9646
2.9646
2.9646
2.9646
2.96461
2.96461
2.96461
2.6163
2.6163
2.6163
2.6163
2.6163
2.6163
2.6163
2.6163
2.61631
2.61631
2.32308
2.32308
2.32308
2.32308
2.32308
2.32308
2.32308
2.32308
2.32309
2.32309
2.07318
2.07318
2.07318
2.07318
2.07318
2.07318
2.07318
2.07319
2.07319
2.07319
1.85797
1.85797
1.85797
1.85797
1.85797
1.85797
1.85797
1.85797
1.85798
1.85798
1.67097
1.67097
1.67097
1.67097
1.67097
1.67097
1.67097
1.67097
1.67097
1.67097
1.50721
1.50721
1.50721
1.50721
1.50721
1.50721
1.50721
1.50721
1.50721
1.50722
1.36284
1.36284
1.36284
1.36284
1.36284
1.36284
1.36284
1.36284
1.36284
1.36284
1.2348
1.2348
1.2348
1.2348
1.2348
1.2348
1.2348
1.2348
1.2348
1.2348
1.12064
1.12064
1.12064
1.12064
1.12064
1.12064
1.12064
1.12064
1.12064
1.12064
1.01838
1.01838
1.01838
1.01838
1.01838
1.01839
1.01839
1.01839
1.01839
1.01839
0.926401
0.926401
0.926401
0.926402
0.926402
0.926403
0.926403
0.926403
0.926404
0.926405
0.843345
0.843345
0.843345
0.843346
0.843346
0.843346
0.843347
0.843347
0.843347
0.843348
0.76809
0.76809
0.76809
0.76809
0.768091
0.768091
0.768091
0.768092
0.768092
0.768093
0.699687
0.699687
0.699687
0.699688
0.699688
0.699688
0.699688
0.699689
0.699689
0.69969
0.637332
0.637332
0.637332
0.637333
0.637333
0.637333
0.637333
0.637334
0.637334
0.637334
0.580337
0.580338
0.580338
0.580338
0.580338
0.580338
0.580339
0.580339
0.580339
0.580339
0.528112
0.528112
0.528112
0.528113
0.528113
0.528113
0.528113
0.528113
0.528114
0.528114
0.480147
0.480147
0.480147
0.480147
0.480147
0.480148
0.480148
0.480148
0.480148
0.480148
0.436
0.436
0.436
0.436
0.436
0.436
0.436
0.436001
0.436001
0.436001
0.395288
0.395288
0.395288
0.395288
0.395288
0.395288
0.395288
0.395288
0.395289
0.395289
0.357679
0.357679
0.357679
0.357679
0.357679
0.357679
0.357679
0.357679
0.35768
0.35768
0.322886
0.322886
0.322886
0.322886
0.322886
0.322886
0.322886
0.322886
0.322887
0.322887
0.290663
0.290663
0.290663
0.290663
0.290663
0.290663
0.290663
0.290663
0.290663
0.290663
0.260801
0.260801
0.260801
0.260801
0.260801
0.260801
0.260801
0.260801
0.260801
0.260801
0.233127
0.233127
0.233127
0.233127
0.233128
0.233128
0.233128
0.233128
0.233128
0.233128
0.207506
0.207506
0.207506
0.207506
0.207506
0.207506
0.207506
0.207506
0.207506
0.207506
0.183834
0.183834
0.183834
0.183834
0.183834
0.183834
0.183834
0.183834
0.183834
0.183834
0.162043
0.162043
0.162043
0.162043
0.162043
0.162043
0.162043
0.162043
0.162043
0.162043
0.142099
0.142099
0.142099
0.142099
0.142099
0.142099
0.142099
0.142099
0.142099
0.142099
0.123998
0.123998
0.123998
0.123998
0.123998
0.123998
0.123998
0.123998
0.123998
0.123998
0.107763
0.107763
0.107763
0.107763
0.107763
0.107763
0.107763
0.107763
0.107763
0.107763
0.093435
0.093435
0.093435
0.093435
0.093435
0.0934349
0.0934349
0.0934349
0.0934349
0.0934348
0.0810597
0.0810597
0.0810597
0.0810596
0.0810596
0.0810596
0.0810596
0.0810595
0.0810595
0.0810595
0.0706773
0.0706773
0.0706773
0.0706772
0.0706772
0.0706772
0.0706772
0.0706771
0.0706771
0.0706771
0.0623123
0.0623123
0.0623123
0.0623123
0.0623123
0.0623122
0.0623122
0.0623122
0.0623121
0.0623121
0.0559746
0.0559746
0.0559746
0.0559746
0.0559745
0.0559745
0.0559745
0.0559745
0.0559744
0.0559744
0.0516754
0.0516754
0.0516754
0.0516754
0.0516753
0.0516753
0.0516753
0.0516752
0.0516752
0.0516752
0.049461
0.049461
0.049461
0.0494609
0.0494609
0.0494609
0.0494609
0.0494608
0.0494608
0.0494607
93.3464
93.3464
93.3464
93.3464
93.3464
93.3464
93.3464
93.3464
93.3465
93.3466
38.2384
38.2384
38.2385
38.2385
38.2385
38.2385
38.2386
38.2386
38.2386
38.2386
21.2188
21.2188
21.2188
21.2188
21.2188
21.2189
21.2189
21.2189
21.2189
21.2189
14.1189
14.1189
14.1189
14.119
14.119
14.119
14.119
14.119
14.119
14.119
10.348
10.348
10.348
10.3481
10.3481
10.3481
10.3481
10.3481
10.3481
10.3481
8.03842
8.03842
8.03843
8.03843
8.03844
8.03845
8.03845
8.03846
8.03846
8.03847
6.48737
6.48737
6.48737
6.48738
6.48738
6.48739
6.48739
6.48739
6.4874
6.48741
5.37732
5.37732
5.37732
5.37732
5.37733
5.37733
5.37734
5.37734
5.37734
5.37735
4.54529
4.54529
4.5453
4.5453
4.5453
4.54531
4.54531
4.54531
4.54531
4.54532
3.8995
3.8995
3.8995
3.8995
3.89951
3.89951
3.89951
3.89951
3.89952
3.89952
3.38442
3.38442
3.38443
3.38443
3.38443
3.38443
3.38444
3.38444
3.38444
3.38444
2.96459
2.9646
2.9646
2.9646
2.9646
2.9646
2.9646
2.96461
2.96461
2.96461
2.61629
2.61629
2.6163
2.6163
2.6163
2.6163
2.6163
2.6163
2.6163
2.61631
2.32307
2.32308
2.32308
2.32308
2.32308
2.32308
2.32308
2.32308
2.32308
2.32309
2.07318
2.07318
2.07318
2.07318
2.07318
2.07318
2.07318
2.07318
2.07319
2.07319
1.85797
1.85797
1.85797
1.85797
1.85797
1.85797
1.85797
1.85797
1.85798
1.85798
1.67096
1.67097
1.67097
1.67097
1.67097
1.67097
1.67097
1.67097
1.67097
1.67097
1.50721
1.50721
1.50721
1.50721
1.50721
1.50721
1.50721
1.50721
1.50721
1.50722
1.36284
1.36284
1.36284
1.36284
1.36284
1.36284
1.36284
1.36284
1.36284
1.36284
1.2348
1.2348
1.2348
1.2348
1.2348
1.2348
1.2348
1.2348
1.2348
1.2348
1.12064
1.12064
1.12064
1.12064
1.12064
1.12064
1.12064
1.12064
1.12064
1.12064
1.01838
1.01838
1.01838
1.01838
1.01838
1.01839
1.01839
1.01839
1.01839
1.01839
0.9264
0.926401
0.926401
0.926401
0.926402
0.926402
0.926403
0.926403
0.926404
0.926404
0.843344
0.843345
0.843345
0.843345
0.843346
0.843346
0.843346
0.843347
0.843347
0.843348
0.768089
0.768089
0.76809
0.76809
0.76809
0.768091
0.768091
0.768091
0.768092
0.768092
0.699687
0.699687
0.699687
0.699687
0.699688
0.699688
0.699688
0.699689
0.699689
0.69969
0.637332
0.637332
0.637332
0.637332
0.637333
0.637333
0.637333
0.637334
0.637334
0.637334
0.580337
0.580337
0.580337
0.580338
0.580338
0.580338
0.580338
0.580339
0.580339
0.580339
0.528112
0.528112
0.528112
0.528112
0.528113
0.528113
0.528113
0.528113
0.528114
0.528114
0.480147
0.480147
0.480147
0.480147
0.480147
0.480147
0.480148
0.480148
0.480148
0.480148
0.436
0.436
0.436
0.436
0.436
0.436
0.436
0.436
0.436001
0.436001
0.395288
0.395288
0.395288
0.395288
0.395288
0.395288
0.395288
0.395288
0.395289
0.395289
0.357679
0.357679
0.357679
0.357679
0.357679
0.357679
0.357679
0.357679
0.35768
0.35768
0.322886
0.322886
0.322886
0.322886
0.322886
0.322886
0.322886
0.322886
0.322887
0.322887
0.290663
0.290663
0.290663
0.290663
0.290663
0.290663
0.290663
0.290663
0.290663
0.290663
0.260801
0.260801
0.260801
0.260801
0.260801
0.260801
0.260801
0.260801
0.260801
0.260801
0.233127
0.233127
0.233127
0.233127
0.233128
0.233128
0.233128
0.233128
0.233128
0.233128
0.207506
0.207506
0.207506
0.207506
0.207506
0.207506
0.207506
0.207506
0.207506
0.207506
0.183834
0.183834
0.183834
0.183834
0.183834
0.183834
0.183834
0.183834
0.183834
0.183834
0.162043
0.162043
0.162043
0.162043
0.162043
0.162043
0.162043
0.162043
0.162043
0.162043
0.142099
0.142099
0.142099
0.142099
0.142099
0.142099
0.142099
0.142099
0.142099
0.142099
0.123998
0.123998
0.123998
0.123998
0.123998
0.123998
0.123998
0.123998
0.123998
0.123998
0.107763
0.107763
0.107763
0.107763
0.107763
0.107763
0.107763
0.107763
0.107763
0.107763
0.093435
0.093435
0.093435
0.093435
0.093435
0.093435
0.0934349
0.0934349
0.0934349
0.0934349
0.0810597
0.0810597
0.0810597
0.0810597
0.0810596
0.0810596
0.0810596
0.0810596
0.0810595
0.0810595
0.0706773
0.0706773
0.0706773
0.0706772
0.0706772
0.0706772
0.0706772
0.0706771
0.0706771
0.0706771
0.0623124
0.0623123
0.0623123
0.0623123
0.0623123
0.0623122
0.0623122
0.0623122
0.0623122
0.0623121
0.0559747
0.0559746
0.0559746
0.0559746
0.0559746
0.0559745
0.0559745
0.0559745
0.0559744
0.0559744
0.0516754
0.0516754
0.0516754
0.0516754
0.0516753
0.0516753
0.0516753
0.0516752
0.0516752
0.0516752
0.049461
0.049461
0.049461
0.049461
0.0494609
0.0494609
0.0494609
0.0494608
0.0494608
0.0494607
93.3464
93.3464
93.3465
93.3464
93.3464
93.3464
93.3464
93.3465
93.3465
93.3466
38.2384
38.2384
38.2385
38.2385
38.2385
38.2386
38.2386
38.2386
38.2386
38.2386
21.2188
21.2188
21.2188
21.2188
21.2188
21.2189
21.2189
21.2189
21.2189
21.2189
14.1189
14.1189
14.1189
14.119
14.119
14.119
14.119
14.119
14.119
14.119
10.348
10.348
10.348
10.3481
10.3481
10.3481
10.3481
10.3481
10.3481
10.3481
8.03842
8.03842
8.03843
8.03843
8.03844
8.03845
8.03845
8.03846
8.03847
8.03847
6.48736
6.48737
6.48737
6.48738
6.48738
6.48739
6.48739
6.4874
6.4874
6.48741
5.37731
5.37732
5.37732
5.37732
5.37733
5.37733
5.37734
5.37734
5.37734
5.37735
4.54529
4.54529
4.5453
4.5453
4.5453
4.54531
4.54531
4.54531
4.54532
4.54532
3.8995
3.8995
3.8995
3.8995
3.89951
3.89951
3.89951
3.89951
3.89952
3.89952
3.38442
3.38442
3.38443
3.38443
3.38443
3.38443
3.38444
3.38444
3.38444
3.38444
2.96459
2.96459
2.9646
2.9646
2.9646
2.9646
2.9646
2.96461
2.96461
2.96461
2.61629
2.61629
2.61629
2.6163
2.6163
2.6163
2.6163
2.6163
2.61631
2.61631
2.32307
2.32307
2.32308
2.32308
2.32308
2.32308
2.32308
2.32308
2.32309
2.32309
2.07318
2.07318
2.07318
2.07318
2.07318
2.07318
2.07318
2.07319
2.07319
2.07319
1.85797
1.85797
1.85797
1.85797
1.85797
1.85797
1.85797
1.85797
1.85798
1.85798
1.67096
1.67096
1.67097
1.67097
1.67097
1.67097
1.67097
1.67097
1.67097
1.67097
1.50721
1.50721
1.50721
1.50721
1.50721
1.50721
1.50721
1.50721
1.50722
1.50722
1.36284
1.36284
1.36284
1.36284
1.36284
1.36284
1.36284
1.36284
1.36284
1.36284
1.2348
1.2348
1.2348
1.2348
1.2348
1.2348
1.2348
1.2348
1.2348
1.2348
1.12064
1.12064
1.12064
1.12064
1.12064
1.12064
1.12064
1.12064
1.12064
1.12064
1.01838
1.01838
1.01838
1.01838
1.01838
1.01839
1.01839
1.01839
1.01839
1.01839
0.9264
0.9264
0.926401
0.926401
0.926402
0.926402
0.926403
0.926403
0.926404
0.926405
0.843344
0.843344
0.843345
0.843345
0.843346
0.843346
0.843347
0.843347
0.843347
0.843348
0.768089
0.768089
0.76809
0.76809
0.76809
0.768091
0.768091
0.768092
0.768092
0.768093
0.699686
0.699687
0.699687
0.699687
0.699688
0.699688
0.699688
0.699689
0.699689
0.69969
0.637332
0.637332
0.637332
0.637332
0.637333
0.637333
0.637333
0.637334
0.637334
0.637334
0.580337
0.580337
0.580337
0.580338
0.580338
0.580338
0.580338
0.580339
0.580339
0.580339
0.528112
0.528112
0.528112
0.528112
0.528113
0.528113
0.528113
0.528113
0.528114
0.528114
0.480147
0.480147
0.480147
0.480147
0.480147
0.480147
0.480148
0.480148
0.480148
0.480148
0.435999
0.436
0.436
0.436
0.436
0.436
0.436
0.436001
0.436001
0.436001
0.395288
0.395288
0.395288
0.395288
0.395288
0.395288
0.395288
0.395288
0.395289
0.395289
0.357679
0.357679
0.357679
0.357679
0.357679
0.357679
0.357679
0.357679
0.35768
0.35768
0.322886
0.322886
0.322886
0.322886
0.322886
0.322886
0.322886
0.322886
0.322887
0.322887
0.290663
0.290663
0.290663
0.290663
0.290663
0.290663
0.290663
0.290663
0.290663
0.290663
0.260801
0.260801
0.260801
0.260801
0.260801
0.260801
0.260801
0.260801
0.260801
0.260801
0.233127
0.233127
0.233127
0.233127
0.233128
0.233128
0.233128
0.233128
0.233128
0.233128
0.207506
0.207506
0.207506
0.207506
0.207506
0.207506
0.207506
0.207506
0.207506
0.207506
0.183834
0.183834
0.183834
0.183834
0.183834
0.183834
0.183834
0.183834
0.183834
0.183834
0.162043
0.162043
0.162043
0.162043
0.162043
0.162043
0.162043
0.162043
0.162043
0.162043
0.142099
0.142099
0.142099
0.142099
0.142099
0.142099
0.142099
0.142099
0.142099
0.142099
0.123998
0.123998
0.123998
0.123998
0.123998
0.123998
0.123998
0.123998
0.123998
0.123998
0.107763
0.107763
0.107763
0.107763
0.107763
0.107763
0.107763
0.107763
0.107763
0.107763
0.093435
0.093435
0.093435
0.093435
0.093435
0.093435
0.0934349
0.0934349
0.0934349
0.0934349
0.0810597
0.0810597
0.0810597
0.0810597
0.0810596
0.0810596
0.0810596
0.0810596
0.0810595
0.0810595
0.0706773
0.0706773
0.0706773
0.0706773
0.0706772
0.0706772
0.0706772
0.0706771
0.0706771
0.0706771
0.0623124
0.0623124
0.0623123
0.0623123
0.0623123
0.0623122
0.0623122
0.0623122
0.0623122
0.0623121
0.0559747
0.0559746
0.0559746
0.0559746
0.0559746
0.0559745
0.0559745
0.0559745
0.0559744
0.0559744
0.0516754
0.0516754
0.0516754
0.0516754
0.0516753
0.0516753
0.0516753
0.0516752
0.0516752
0.0516752
0.049461
0.049461
0.049461
0.049461
0.0494609
0.0494609
0.0494609
0.0494608
0.0494608
0.0494607
)
;

boundaryField
{
    inlet
    {
        type            zeroGradient;
    }
    outlet
    {
        type            zeroGradient;
    }
    sideLeft
    {
        type            zeroGradient;
    }
    sideRight
    {
        type            zeroGradient;
    }
    top
    {
        type            symmetryPlane;
        value           nonuniform List<scalar> 
100
(
0.0494609
0.0494609
0.0494609
0.0494609
0.049461
0.049461
0.049461
0.049461
0.049461
0.049461
0.0494609
0.0494609
0.0494609
0.0494609
0.0494609
0.049461
0.049461
0.049461
0.049461
0.049461
0.0494608
0.0494609
0.0494609
0.0494609
0.0494609
0.0494609
0.049461
0.049461
0.049461
0.049461
0.0494608
0.0494608
0.0494609
0.0494609
0.0494609
0.0494609
0.0494609
0.0494609
0.049461
0.049461
0.0494608
0.0494608
0.0494608
0.0494608
0.0494609
0.0494609
0.0494609
0.0494609
0.0494609
0.0494609
0.0494608
0.0494608
0.0494608
0.0494608
0.0494608
0.0494609
0.0494609
0.0494609
0.0494609
0.0494609
0.0494607
0.0494607
0.0494608
0.0494608
0.0494608
0.0494608
0.0494608
0.0494609
0.0494609
0.0494609
0.0494607
0.0494607
0.0494607
0.0494608
0.0494608
0.0494608
0.0494608
0.0494608
0.0494608
0.0494608
0.0494607
0.0494607
0.0494607
0.0494607
0.0494607
0.0494608
0.0494608
0.0494608
0.0494608
0.0494608
0.0494606
0.0494606
0.0494606
0.0494607
0.0494607
0.0494607
0.0494607
0.0494607
0.0494607
0.0494607
)
;
    }
    bottomRoughWall
    {
        type            epsilonWallFunction;
        refValue        nonuniform List<scalar> 
100
(
93.3473
93.3471
93.3469
93.3468
93.3467
93.3466
93.3465
93.3465
93.3464
93.3464
93.3473
93.3471
93.347
93.3468
93.3467
93.3466
93.3465
93.3464
93.3464
93.3464
93.3473
93.3471
93.3469
93.3468
93.3467
93.3466
93.3465
93.3464
93.3464
93.3465
93.3473
93.3471
93.3469
93.3468
93.3466
93.3465
93.3465
93.3464
93.3464
93.3464
93.3473
93.347
93.3469
93.3467
93.3466
93.3465
93.3464
93.3464
93.3464
93.3464
93.3472
93.347
93.3469
93.3467
93.3466
93.3465
93.3464
93.3464
93.3464
93.3464
93.3472
93.3469
93.3468
93.3466
93.3465
93.3464
93.3464
93.3464
93.3464
93.3464
93.3472
93.3469
93.3468
93.3466
93.3465
93.3464
93.3464
93.3464
93.3464
93.3465
93.3471
93.3469
93.3468
93.3466
93.3465
93.3465
93.3464
93.3464
93.3465
93.3465
93.3472
93.3469
93.3468
93.3467
93.3466
93.3465
93.3465
93.3465
93.3466
93.3466
)
;
        value           nonuniform List<scalar> 
100
(
93.3473
93.3471
93.3469
93.3468
93.3467
93.3466
93.3465
93.3465
93.3464
93.3464
93.3473
93.3471
93.347
93.3468
93.3467
93.3466
93.3465
93.3464
93.3464
93.3464
93.3473
93.3471
93.3469
93.3468
93.3467
93.3466
93.3465
93.3464
93.3464
93.3465
93.3473
93.3471
93.3469
93.3468
93.3466
93.3465
93.3465
93.3464
93.3464
93.3464
93.3473
93.347
93.3469
93.3467
93.3466
93.3465
93.3464
93.3464
93.3464
93.3464
93.3472
93.347
93.3469
93.3467
93.3466
93.3465
93.3464
93.3464
93.3464
93.3464
93.3472
93.3469
93.3468
93.3466
93.3465
93.3464
93.3464
93.3464
93.3464
93.3464
93.3472
93.3469
93.3468
93.3466
93.3465
93.3464
93.3464
93.3464
93.3464
93.3465
93.3471
93.3469
93.3468
93.3466
93.3465
93.3465
93.3464
93.3464
93.3465
93.3465
93.3472
93.3469
93.3468
93.3467
93.3466
93.3465
93.3465
93.3465
93.3466
93.3466
)
;
        Cmu             0.03;
        kappa           0.41;
        E               9.8;
    }
}


// ************************************************************************* //
