/*--------------------------------*- C++ -*----------------------------------*\
| =========                 |                                                 |
| \\      /  F ield         | foam-extend: Open Source CFD                    |
|  \\    /   O peration     | Version:     3.2                                |
|   \\  /    A nd           | Web:         http://www.foam-extend.org         |
|    \\/     M anipulation  | For copyright notice see file Copyright         |
\*---------------------------------------------------------------------------*/
FoamFile
{
    version     2.0;
    format      ascii;
    class       volScalarField;
    location    "1500000";
    object      k;
}
// * * * * * * * * * * * * * * * * * * * * * * * * * * * * * * * * * * * * * //

dimensions      [0 2 -2 0 0 0 0];

internalField   nonuniform List<scalar> 
5000
(
3.0743
3.0743
3.0743
3.0743
3.0743
3.0743
3.0743
3.0743
3.0743
3.0743
3.21651
3.21651
3.21651
3.21651
3.21651
3.21652
3.21652
3.21652
3.21652
3.21652
3.04551
3.04552
3.04552
3.04552
3.04552
3.04552
3.04552
3.04552
3.04552
3.04553
2.93534
2.93534
2.93534
2.93534
2.93534
2.93534
2.93534
2.93534
2.93534
2.93535
2.85109
2.85109
2.85109
2.85109
2.85109
2.85109
2.85109
2.8511
2.8511
2.8511
2.77969
2.77969
2.77969
2.77969
2.7797
2.7797
2.7797
2.7797
2.7797
2.7797
2.71543
2.71543
2.71543
2.71544
2.71544
2.71544
2.71544
2.71544
2.71544
2.71544
2.65549
2.65549
2.65549
2.65549
2.65549
2.65549
2.6555
2.6555
2.6555
2.6555
2.59833
2.59833
2.59833
2.59833
2.59833
2.59833
2.59833
2.59833
2.59833
2.59833
2.54303
2.54303
2.54303
2.54303
2.54303
2.54303
2.54304
2.54304
2.54304
2.54304
2.48904
2.48904
2.48904
2.48904
2.48904
2.48904
2.48904
2.48904
2.48904
2.48904
2.43596
2.43596
2.43596
2.43596
2.43596
2.43596
2.43597
2.43597
2.43597
2.43597
2.38354
2.38354
2.38355
2.38355
2.38355
2.38355
2.38355
2.38355
2.38355
2.38355
2.33159
2.3316
2.3316
2.3316
2.3316
2.3316
2.3316
2.3316
2.3316
2.3316
2.27997
2.27997
2.27997
2.27997
2.27997
2.27997
2.27997
2.27997
2.27997
2.27998
2.22856
2.22856
2.22856
2.22856
2.22856
2.22856
2.22856
2.22856
2.22856
2.22856
2.17728
2.17728
2.17728
2.17728
2.17728
2.17728
2.17728
2.17728
2.17728
2.17728
2.12605
2.12605
2.12605
2.12605
2.12605
2.12605
2.12605
2.12605
2.12605
2.12605
2.07481
2.07481
2.07481
2.07481
2.07481
2.07482
2.07482
2.07482
2.07482
2.07482
2.02352
2.02352
2.02352
2.02352
2.02352
2.02352
2.02352
2.02352
2.02352
2.02352
1.97212
1.97212
1.97212
1.97212
1.97212
1.97212
1.97213
1.97213
1.97213
1.97213
1.92058
1.92058
1.92058
1.92058
1.92058
1.92058
1.92058
1.92058
1.92058
1.92058
1.86885
1.86885
1.86885
1.86885
1.86885
1.86885
1.86885
1.86885
1.86885
1.86885
1.81689
1.81689
1.81689
1.81689
1.81689
1.81689
1.81689
1.81689
1.81689
1.81689
1.76468
1.76468
1.76468
1.76468
1.76468
1.76468
1.76468
1.76468
1.76468
1.76468
1.71217
1.71217
1.71217
1.71217
1.71217
1.71217
1.71217
1.71217
1.71217
1.71217
1.65933
1.65933
1.65933
1.65933
1.65933
1.65933
1.65933
1.65933
1.65933
1.65934
1.60614
1.60614
1.60614
1.60614
1.60614
1.60614
1.60614
1.60614
1.60614
1.60614
1.55257
1.55257
1.55257
1.55257
1.55257
1.55257
1.55257
1.55257
1.55257
1.55257
1.49859
1.49859
1.49859
1.49859
1.49859
1.49859
1.49859
1.49859
1.49859
1.49859
1.44418
1.44418
1.44418
1.44418
1.44418
1.44418
1.44418
1.44418
1.44418
1.44418
1.38934
1.38934
1.38934
1.38934
1.38934
1.38934
1.38934
1.38934
1.38934
1.38934
1.33406
1.33406
1.33406
1.33406
1.33406
1.33406
1.33407
1.33407
1.33407
1.33407
1.27838
1.27838
1.27838
1.27838
1.27838
1.27838
1.27838
1.27838
1.27838
1.27838
1.22233
1.22233
1.22233
1.22233
1.22233
1.22233
1.22233
1.22233
1.22233
1.22233
1.166
1.166
1.166
1.166
1.166
1.166
1.166
1.166
1.166
1.166
1.10949
1.10949
1.10949
1.10949
1.10949
1.10949
1.10949
1.10949
1.10949
1.10949
1.05301
1.05301
1.05301
1.05301
1.05301
1.053
1.053
1.053
1.053
1.053
0.996784
0.996784
0.996784
0.996784
0.996784
0.996784
0.996784
0.996784
0.996784
0.996784
0.941176
0.941176
0.941176
0.941176
0.941176
0.941176
0.941176
0.941176
0.941176
0.941176
0.886637
0.886637
0.886637
0.886637
0.886637
0.886637
0.886637
0.886636
0.886636
0.886636
0.833747
0.833747
0.833747
0.833747
0.833747
0.833747
0.833747
0.833746
0.833746
0.833746
0.783218
0.783218
0.783218
0.783218
0.783218
0.783218
0.783217
0.783217
0.783217
0.783217
0.735883
0.735883
0.735882
0.735882
0.735882
0.735882
0.735882
0.735881
0.735881
0.735881
0.692662
0.692662
0.692662
0.692662
0.692662
0.692661
0.692661
0.692661
0.692661
0.69266
0.654515
0.654515
0.654515
0.654515
0.654514
0.654514
0.654514
0.654514
0.654513
0.654513
0.622371
0.622371
0.62237
0.62237
0.62237
0.62237
0.62237
0.622369
0.622369
0.622369
0.597082
0.597082
0.597082
0.597082
0.597081
0.597081
0.597081
0.597081
0.59708
0.59708
0.579424
0.579423
0.579423
0.579423
0.579423
0.579422
0.579422
0.579422
0.579422
0.579421
0.570157
0.570157
0.570156
0.570156
0.570156
0.570156
0.570155
0.570155
0.570155
0.570154
3.07429
3.07429
3.07429
3.07429
3.07429
3.07429
3.07429
3.07429
3.07429
3.07429
3.21651
3.21651
3.21651
3.21651
3.21651
3.21651
3.21651
3.21651
3.21651
3.21652
3.04551
3.04551
3.04551
3.04552
3.04552
3.04552
3.04552
3.04552
3.04552
3.04552
2.93533
2.93533
2.93534
2.93534
2.93534
2.93534
2.93534
2.93534
2.93534
2.93534
2.85109
2.85109
2.85109
2.85109
2.85109
2.85109
2.85109
2.85109
2.85109
2.8511
2.77969
2.77969
2.77969
2.77969
2.77969
2.77969
2.7797
2.7797
2.7797
2.7797
2.71543
2.71543
2.71543
2.71543
2.71543
2.71544
2.71544
2.71544
2.71544
2.71544
2.65549
2.65549
2.65549
2.65549
2.65549
2.65549
2.65549
2.65549
2.6555
2.6555
2.59832
2.59832
2.59833
2.59833
2.59833
2.59833
2.59833
2.59833
2.59833
2.59833
2.54303
2.54303
2.54303
2.54303
2.54303
2.54303
2.54303
2.54303
2.54303
2.54304
2.48903
2.48903
2.48904
2.48904
2.48904
2.48904
2.48904
2.48904
2.48904
2.48904
2.43596
2.43596
2.43596
2.43596
2.43596
2.43596
2.43596
2.43596
2.43596
2.43597
2.38354
2.38354
2.38354
2.38354
2.38355
2.38355
2.38355
2.38355
2.38355
2.38355
2.33159
2.33159
2.33159
2.33159
2.3316
2.3316
2.3316
2.3316
2.3316
2.3316
2.27997
2.27997
2.27997
2.27997
2.27997
2.27997
2.27997
2.27997
2.27997
2.27997
2.22856
2.22856
2.22856
2.22856
2.22856
2.22856
2.22856
2.22856
2.22856
2.22856
2.17728
2.17728
2.17728
2.17728
2.17728
2.17728
2.17728
2.17728
2.17728
2.17728
2.12605
2.12605
2.12605
2.12605
2.12605
2.12605
2.12605
2.12605
2.12605
2.12605
2.07481
2.07481
2.07481
2.07481
2.07481
2.07481
2.07481
2.07482
2.07482
2.07482
2.02352
2.02352
2.02352
2.02352
2.02352
2.02352
2.02352
2.02352
2.02352
2.02352
1.97212
1.97212
1.97212
1.97212
1.97212
1.97212
1.97212
1.97212
1.97213
1.97213
1.92058
1.92058
1.92058
1.92058
1.92058
1.92058
1.92058
1.92058
1.92058
1.92058
1.86885
1.86885
1.86885
1.86885
1.86885
1.86885
1.86885
1.86885
1.86885
1.86885
1.81689
1.81689
1.81689
1.81689
1.81689
1.81689
1.81689
1.81689
1.81689
1.81689
1.76467
1.76467
1.76468
1.76468
1.76468
1.76468
1.76468
1.76468
1.76468
1.76468
1.71217
1.71217
1.71217
1.71217
1.71217
1.71217
1.71217
1.71217
1.71217
1.71217
1.65933
1.65933
1.65933
1.65933
1.65933
1.65933
1.65933
1.65933
1.65933
1.65934
1.60614
1.60614
1.60614
1.60614
1.60614
1.60614
1.60614
1.60614
1.60614
1.60614
1.55257
1.55257
1.55257
1.55257
1.55257
1.55257
1.55257
1.55257
1.55257
1.55257
1.49859
1.49859
1.49859
1.49859
1.49859
1.49859
1.49859
1.49859
1.49859
1.49859
1.44418
1.44418
1.44418
1.44418
1.44418
1.44418
1.44418
1.44418
1.44418
1.44418
1.38934
1.38934
1.38934
1.38934
1.38934
1.38934
1.38934
1.38934
1.38934
1.38934
1.33406
1.33406
1.33406
1.33406
1.33406
1.33406
1.33407
1.33407
1.33407
1.33407
1.27838
1.27838
1.27838
1.27838
1.27838
1.27838
1.27838
1.27838
1.27838
1.27838
1.22233
1.22233
1.22233
1.22233
1.22233
1.22233
1.22233
1.22233
1.22233
1.22233
1.166
1.166
1.166
1.166
1.166
1.166
1.166
1.166
1.166
1.166
1.10949
1.10949
1.10949
1.10949
1.10949
1.10949
1.10949
1.10949
1.10949
1.10949
1.05301
1.05301
1.05301
1.05301
1.05301
1.053
1.053
1.053
1.053
1.053
0.996784
0.996784
0.996784
0.996784
0.996784
0.996784
0.996784
0.996784
0.996784
0.996784
0.941176
0.941176
0.941176
0.941176
0.941176
0.941176
0.941176
0.941176
0.941176
0.941176
0.886637
0.886637
0.886637
0.886637
0.886637
0.886637
0.886637
0.886636
0.886636
0.886636
0.833747
0.833747
0.833747
0.833747
0.833747
0.833747
0.833747
0.833746
0.833746
0.833746
0.783218
0.783218
0.783218
0.783218
0.783218
0.783218
0.783218
0.783217
0.783217
0.783217
0.735883
0.735883
0.735882
0.735882
0.735882
0.735882
0.735882
0.735882
0.735881
0.735881
0.692662
0.692662
0.692662
0.692662
0.692662
0.692662
0.692661
0.692661
0.692661
0.692661
0.654515
0.654515
0.654515
0.654515
0.654514
0.654514
0.654514
0.654514
0.654514
0.654513
0.622371
0.622371
0.622371
0.62237
0.62237
0.62237
0.62237
0.622369
0.622369
0.622369
0.597082
0.597082
0.597082
0.597082
0.597082
0.597081
0.597081
0.597081
0.597081
0.59708
0.579424
0.579424
0.579423
0.579423
0.579423
0.579423
0.579422
0.579422
0.579422
0.579421
0.570157
0.570157
0.570157
0.570156
0.570156
0.570156
0.570156
0.570155
0.570155
0.570155
3.07429
3.07429
3.07429
3.07429
3.07429
3.07429
3.07429
3.07429
3.07429
3.07429
3.2165
3.2165
3.21651
3.21651
3.21651
3.21651
3.21651
3.21651
3.21651
3.21651
3.04551
3.04551
3.04551
3.04551
3.04551
3.04552
3.04552
3.04552
3.04552
3.04552
2.93533
2.93533
2.93533
2.93533
2.93534
2.93534
2.93534
2.93534
2.93534
2.93534
2.85109
2.85109
2.85109
2.85109
2.85109
2.85109
2.85109
2.85109
2.85109
2.8511
2.77969
2.77969
2.77969
2.77969
2.77969
2.77969
2.77969
2.7797
2.7797
2.7797
2.71543
2.71543
2.71543
2.71543
2.71543
2.71543
2.71544
2.71544
2.71544
2.71544
2.65549
2.65549
2.65549
2.65549
2.65549
2.65549
2.65549
2.65549
2.65549
2.6555
2.59832
2.59832
2.59832
2.59832
2.59833
2.59833
2.59833
2.59833
2.59833
2.59833
2.54303
2.54303
2.54303
2.54303
2.54303
2.54303
2.54303
2.54303
2.54303
2.54304
2.48903
2.48903
2.48903
2.48903
2.48904
2.48904
2.48904
2.48904
2.48904
2.48904
2.43596
2.43596
2.43596
2.43596
2.43596
2.43596
2.43596
2.43596
2.43596
2.43596
2.38354
2.38354
2.38354
2.38354
2.38354
2.38354
2.38355
2.38355
2.38355
2.38355
2.33159
2.33159
2.33159
2.33159
2.33159
2.3316
2.3316
2.3316
2.3316
2.3316
2.27997
2.27997
2.27997
2.27997
2.27997
2.27997
2.27997
2.27997
2.27997
2.27997
2.22856
2.22856
2.22856
2.22856
2.22856
2.22856
2.22856
2.22856
2.22856
2.22856
2.17727
2.17727
2.17727
2.17728
2.17728
2.17728
2.17728
2.17728
2.17728
2.17728
2.12605
2.12605
2.12605
2.12605
2.12605
2.12605
2.12605
2.12605
2.12605
2.12605
2.07481
2.07481
2.07481
2.07481
2.07481
2.07481
2.07481
2.07481
2.07481
2.07482
2.02352
2.02352
2.02352
2.02352
2.02352
2.02352
2.02352
2.02352
2.02352
2.02352
1.97212
1.97212
1.97212
1.97212
1.97212
1.97212
1.97212
1.97212
1.97212
1.97213
1.92058
1.92058
1.92058
1.92058
1.92058
1.92058
1.92058
1.92058
1.92058
1.92058
1.86884
1.86885
1.86885
1.86885
1.86885
1.86885
1.86885
1.86885
1.86885
1.86885
1.81689
1.81689
1.81689
1.81689
1.81689
1.81689
1.81689
1.81689
1.81689
1.81689
1.76467
1.76467
1.76467
1.76468
1.76468
1.76468
1.76468
1.76468
1.76468
1.76468
1.71217
1.71217
1.71217
1.71217
1.71217
1.71217
1.71217
1.71217
1.71217
1.71217
1.65933
1.65933
1.65933
1.65933
1.65933
1.65933
1.65933
1.65933
1.65933
1.65933
1.60614
1.60614
1.60614
1.60614
1.60614
1.60614
1.60614
1.60614
1.60614
1.60614
1.55257
1.55257
1.55257
1.55257
1.55257
1.55257
1.55257
1.55257
1.55257
1.55257
1.49859
1.49859
1.49859
1.49859
1.49859
1.49859
1.49859
1.49859
1.49859
1.49859
1.44418
1.44418
1.44418
1.44418
1.44418
1.44418
1.44418
1.44418
1.44418
1.44418
1.38934
1.38934
1.38934
1.38934
1.38934
1.38934
1.38934
1.38934
1.38934
1.38934
1.33406
1.33406
1.33406
1.33406
1.33406
1.33406
1.33407
1.33407
1.33407
1.33407
1.27838
1.27838
1.27838
1.27838
1.27838
1.27838
1.27838
1.27838
1.27838
1.27838
1.22233
1.22233
1.22233
1.22233
1.22233
1.22233
1.22233
1.22233
1.22233
1.22233
1.166
1.166
1.166
1.166
1.166
1.166
1.166
1.166
1.166
1.166
1.10949
1.10949
1.10949
1.10949
1.10949
1.10949
1.10949
1.10949
1.10949
1.10949
1.05301
1.05301
1.05301
1.05301
1.05301
1.05301
1.05301
1.05301
1.05301
1.053
0.996784
0.996784
0.996784
0.996784
0.996784
0.996784
0.996784
0.996784
0.996784
0.996784
0.941177
0.941176
0.941176
0.941176
0.941176
0.941176
0.941176
0.941176
0.941176
0.941176
0.886637
0.886637
0.886637
0.886637
0.886637
0.886637
0.886637
0.886637
0.886636
0.886636
0.833747
0.833747
0.833747
0.833747
0.833747
0.833747
0.833747
0.833747
0.833746
0.833746
0.783218
0.783218
0.783218
0.783218
0.783218
0.783218
0.783218
0.783217
0.783217
0.783217
0.735883
0.735883
0.735883
0.735882
0.735882
0.735882
0.735882
0.735882
0.735882
0.735881
0.692663
0.692662
0.692662
0.692662
0.692662
0.692662
0.692661
0.692661
0.692661
0.692661
0.654515
0.654515
0.654515
0.654515
0.654515
0.654514
0.654514
0.654514
0.654514
0.654513
0.622371
0.622371
0.622371
0.622371
0.62237
0.62237
0.62237
0.62237
0.622369
0.622369
0.597083
0.597082
0.597082
0.597082
0.597082
0.597081
0.597081
0.597081
0.597081
0.59708
0.579424
0.579424
0.579424
0.579423
0.579423
0.579423
0.579423
0.579422
0.579422
0.579422
0.570157
0.570157
0.570157
0.570156
0.570156
0.570156
0.570156
0.570155
0.570155
0.570155
3.07429
3.07429
3.07429
3.07429
3.07429
3.07429
3.07428
3.07428
3.07428
3.07428
3.2165
3.2165
3.2165
3.2165
3.21651
3.21651
3.21651
3.21651
3.21651
3.21651
3.04551
3.04551
3.04551
3.04551
3.04551
3.04551
3.04552
3.04552
3.04552
3.04552
2.93533
2.93533
2.93533
2.93533
2.93533
2.93534
2.93534
2.93534
2.93534
2.93534
2.85108
2.85109
2.85109
2.85109
2.85109
2.85109
2.85109
2.85109
2.85109
2.85109
2.77969
2.77969
2.77969
2.77969
2.77969
2.77969
2.77969
2.77969
2.77969
2.7797
2.71543
2.71543
2.71543
2.71543
2.71543
2.71543
2.71543
2.71543
2.71544
2.71544
2.65549
2.65549
2.65549
2.65549
2.65549
2.65549
2.65549
2.65549
2.65549
2.65549
2.59832
2.59832
2.59832
2.59832
2.59832
2.59832
2.59833
2.59833
2.59833
2.59833
2.54303
2.54303
2.54303
2.54303
2.54303
2.54303
2.54303
2.54303
2.54303
2.54303
2.48903
2.48903
2.48903
2.48903
2.48903
2.48903
2.48904
2.48904
2.48904
2.48904
2.43596
2.43596
2.43596
2.43596
2.43596
2.43596
2.43596
2.43596
2.43596
2.43596
2.38354
2.38354
2.38354
2.38354
2.38354
2.38354
2.38354
2.38354
2.38355
2.38355
2.33159
2.33159
2.33159
2.33159
2.33159
2.33159
2.33159
2.3316
2.3316
2.3316
2.27997
2.27997
2.27997
2.27997
2.27997
2.27997
2.27997
2.27997
2.27997
2.27997
2.22856
2.22856
2.22856
2.22856
2.22856
2.22856
2.22856
2.22856
2.22856
2.22856
2.17727
2.17727
2.17727
2.17727
2.17727
2.17728
2.17728
2.17728
2.17728
2.17728
2.12604
2.12605
2.12605
2.12605
2.12605
2.12605
2.12605
2.12605
2.12605
2.12605
2.07481
2.07481
2.07481
2.07481
2.07481
2.07481
2.07481
2.07481
2.07481
2.07481
2.02352
2.02352
2.02352
2.02352
2.02352
2.02352
2.02352
2.02352
2.02352
2.02352
1.97212
1.97212
1.97212
1.97212
1.97212
1.97212
1.97212
1.97212
1.97212
1.97212
1.92058
1.92058
1.92058
1.92058
1.92058
1.92058
1.92058
1.92058
1.92058
1.92058
1.86884
1.86884
1.86884
1.86885
1.86885
1.86885
1.86885
1.86885
1.86885
1.86885
1.81689
1.81689
1.81689
1.81689
1.81689
1.81689
1.81689
1.81689
1.81689
1.81689
1.76467
1.76467
1.76467
1.76467
1.76468
1.76468
1.76468
1.76468
1.76468
1.76468
1.71217
1.71217
1.71217
1.71217
1.71217
1.71217
1.71217
1.71217
1.71217
1.71217
1.65933
1.65933
1.65933
1.65933
1.65933
1.65933
1.65933
1.65933
1.65933
1.65933
1.60614
1.60614
1.60614
1.60614
1.60614
1.60614
1.60614
1.60614
1.60614
1.60614
1.55257
1.55257
1.55257
1.55257
1.55257
1.55257
1.55257
1.55257
1.55257
1.55257
1.49859
1.49859
1.49859
1.49859
1.49859
1.49859
1.49859
1.49859
1.49859
1.49859
1.44418
1.44418
1.44418
1.44418
1.44418
1.44418
1.44418
1.44418
1.44418
1.44418
1.38934
1.38934
1.38934
1.38934
1.38934
1.38934
1.38934
1.38934
1.38934
1.38934
1.33406
1.33406
1.33406
1.33406
1.33407
1.33407
1.33407
1.33407
1.33407
1.33407
1.27838
1.27838
1.27838
1.27838
1.27838
1.27838
1.27838
1.27838
1.27838
1.27838
1.22233
1.22233
1.22233
1.22233
1.22233
1.22233
1.22233
1.22233
1.22233
1.22233
1.166
1.166
1.166
1.166
1.166
1.166
1.166
1.166
1.166
1.166
1.10949
1.10949
1.10949
1.10949
1.10949
1.10949
1.10949
1.10949
1.10949
1.10949
1.05301
1.05301
1.05301
1.05301
1.05301
1.05301
1.05301
1.05301
1.05301
1.05301
0.996785
0.996785
0.996785
0.996785
0.996784
0.996784
0.996784
0.996784
0.996784
0.996784
0.941177
0.941177
0.941177
0.941177
0.941176
0.941176
0.941176
0.941176
0.941176
0.941176
0.886638
0.886637
0.886637
0.886637
0.886637
0.886637
0.886637
0.886637
0.886637
0.886636
0.833748
0.833748
0.833747
0.833747
0.833747
0.833747
0.833747
0.833747
0.833747
0.833746
0.783219
0.783219
0.783218
0.783218
0.783218
0.783218
0.783218
0.783218
0.783217
0.783217
0.735883
0.735883
0.735883
0.735883
0.735882
0.735882
0.735882
0.735882
0.735882
0.735881
0.692663
0.692663
0.692662
0.692662
0.692662
0.692662
0.692662
0.692661
0.692661
0.692661
0.654515
0.654515
0.654515
0.654515
0.654515
0.654515
0.654514
0.654514
0.654514
0.654513
0.622371
0.622371
0.622371
0.622371
0.62237
0.62237
0.62237
0.62237
0.62237
0.622369
0.597083
0.597083
0.597082
0.597082
0.597082
0.597082
0.597081
0.597081
0.597081
0.59708
0.579424
0.579424
0.579424
0.579423
0.579423
0.579423
0.579423
0.579422
0.579422
0.579422
0.570157
0.570157
0.570157
0.570157
0.570156
0.570156
0.570156
0.570156
0.570155
0.570155
3.07428
3.07428
3.07428
3.07428
3.07428
3.07428
3.07428
3.07428
3.07428
3.07428
3.2165
3.2165
3.2165
3.2165
3.2165
3.2165
3.21651
3.21651
3.21651
3.21651
3.04551
3.04551
3.04551
3.04551
3.04551
3.04551
3.04551
3.04551
3.04552
3.04552
2.93533
2.93533
2.93533
2.93533
2.93533
2.93533
2.93534
2.93534
2.93534
2.93534
2.85108
2.85108
2.85108
2.85109
2.85109
2.85109
2.85109
2.85109
2.85109
2.85109
2.77969
2.77969
2.77969
2.77969
2.77969
2.77969
2.77969
2.77969
2.77969
2.77969
2.71543
2.71543
2.71543
2.71543
2.71543
2.71543
2.71543
2.71543
2.71543
2.71544
2.65549
2.65549
2.65549
2.65549
2.65549
2.65549
2.65549
2.65549
2.65549
2.65549
2.59832
2.59832
2.59832
2.59832
2.59832
2.59832
2.59832
2.59832
2.59833
2.59833
2.54303
2.54303
2.54303
2.54303
2.54303
2.54303
2.54303
2.54303
2.54303
2.54303
2.48903
2.48903
2.48903
2.48903
2.48903
2.48903
2.48903
2.48903
2.48904
2.48904
2.43596
2.43596
2.43596
2.43596
2.43596
2.43596
2.43596
2.43596
2.43596
2.43596
2.38354
2.38354
2.38354
2.38354
2.38354
2.38354
2.38354
2.38354
2.38354
2.38355
2.33159
2.33159
2.33159
2.33159
2.33159
2.33159
2.33159
2.33159
2.33159
2.3316
2.27997
2.27997
2.27997
2.27997
2.27997
2.27997
2.27997
2.27997
2.27997
2.27997
2.22856
2.22856
2.22856
2.22856
2.22856
2.22856
2.22856
2.22856
2.22856
2.22856
2.17727
2.17727
2.17727
2.17727
2.17727
2.17727
2.17727
2.17728
2.17728
2.17728
2.12604
2.12604
2.12604
2.12604
2.12605
2.12605
2.12605
2.12605
2.12605
2.12605
2.07481
2.07481
2.07481
2.07481
2.07481
2.07481
2.07481
2.07481
2.07481
2.07481
2.02352
2.02352
2.02352
2.02352
2.02352
2.02352
2.02352
2.02352
2.02352
2.02352
1.97212
1.97212
1.97212
1.97212
1.97212
1.97212
1.97212
1.97212
1.97212
1.97212
1.92058
1.92058
1.92058
1.92058
1.92058
1.92058
1.92058
1.92058
1.92058
1.92058
1.86884
1.86884
1.86884
1.86884
1.86885
1.86885
1.86885
1.86885
1.86885
1.86885
1.81689
1.81689
1.81689
1.81689
1.81689
1.81689
1.81689
1.81689
1.81689
1.81689
1.76467
1.76467
1.76467
1.76467
1.76467
1.76468
1.76468
1.76468
1.76468
1.76468
1.71217
1.71217
1.71217
1.71217
1.71217
1.71217
1.71217
1.71217
1.71217
1.71217
1.65933
1.65933
1.65933
1.65933
1.65933
1.65933
1.65933
1.65933
1.65933
1.65933
1.60614
1.60614
1.60614
1.60614
1.60614
1.60614
1.60614
1.60614
1.60614
1.60614
1.55257
1.55257
1.55257
1.55257
1.55257
1.55257
1.55257
1.55257
1.55257
1.55257
1.49859
1.49859
1.49859
1.49859
1.49859
1.49859
1.49859
1.49859
1.49859
1.49859
1.44418
1.44418
1.44418
1.44418
1.44418
1.44418
1.44418
1.44418
1.44418
1.44418
1.38934
1.38934
1.38934
1.38934
1.38934
1.38934
1.38934
1.38934
1.38934
1.38934
1.33406
1.33406
1.33406
1.33407
1.33407
1.33407
1.33407
1.33407
1.33407
1.33407
1.27838
1.27838
1.27838
1.27838
1.27838
1.27838
1.27838
1.27838
1.27838
1.27838
1.22233
1.22233
1.22233
1.22233
1.22233
1.22233
1.22233
1.22233
1.22233
1.22233
1.166
1.166
1.166
1.166
1.166
1.166
1.166
1.166
1.166
1.166
1.10949
1.10949
1.10949
1.10949
1.10949
1.10949
1.10949
1.10949
1.10949
1.10949
1.05301
1.05301
1.05301
1.05301
1.05301
1.05301
1.05301
1.05301
1.05301
1.05301
0.996785
0.996785
0.996785
0.996785
0.996785
0.996785
0.996785
0.996785
0.996784
0.996784
0.941177
0.941177
0.941177
0.941177
0.941177
0.941177
0.941177
0.941176
0.941176
0.941176
0.886638
0.886638
0.886638
0.886638
0.886637
0.886637
0.886637
0.886637
0.886637
0.886637
0.833748
0.833748
0.833748
0.833748
0.833747
0.833747
0.833747
0.833747
0.833747
0.833747
0.783219
0.783219
0.783219
0.783219
0.783218
0.783218
0.783218
0.783218
0.783218
0.783217
0.735883
0.735883
0.735883
0.735883
0.735883
0.735882
0.735882
0.735882
0.735882
0.735882
0.692663
0.692663
0.692663
0.692662
0.692662
0.692662
0.692662
0.692662
0.692661
0.692661
0.654516
0.654516
0.654515
0.654515
0.654515
0.654515
0.654515
0.654514
0.654514
0.654514
0.622371
0.622371
0.622371
0.622371
0.622371
0.62237
0.62237
0.62237
0.62237
0.622369
0.597083
0.597083
0.597082
0.597082
0.597082
0.597082
0.597082
0.597081
0.597081
0.597081
0.579424
0.579424
0.579424
0.579424
0.579423
0.579423
0.579423
0.579423
0.579422
0.579422
0.570157
0.570157
0.570157
0.570157
0.570156
0.570156
0.570156
0.570156
0.570155
0.570155
3.07428
3.07428
3.07428
3.07428
3.07428
3.07428
3.07428
3.07428
3.07428
3.07428
3.2165
3.2165
3.2165
3.2165
3.2165
3.2165
3.2165
3.21651
3.21651
3.21651
3.04551
3.04551
3.04551
3.04551
3.04551
3.04551
3.04551
3.04551
3.04551
3.04552
2.93533
2.93533
2.93533
2.93533
2.93533
2.93533
2.93533
2.93533
2.93534
2.93534
2.85108
2.85108
2.85108
2.85108
2.85108
2.85109
2.85109
2.85109
2.85109
2.85109
2.77969
2.77969
2.77969
2.77969
2.77969
2.77969
2.77969
2.77969
2.77969
2.77969
2.71543
2.71543
2.71543
2.71543
2.71543
2.71543
2.71543
2.71543
2.71543
2.71543
2.65548
2.65548
2.65548
2.65549
2.65549
2.65549
2.65549
2.65549
2.65549
2.65549
2.59832
2.59832
2.59832
2.59832
2.59832
2.59832
2.59832
2.59832
2.59832
2.59833
2.54302
2.54302
2.54302
2.54303
2.54303
2.54303
2.54303
2.54303
2.54303
2.54303
2.48903
2.48903
2.48903
2.48903
2.48903
2.48903
2.48903
2.48903
2.48903
2.48904
2.43595
2.43596
2.43596
2.43596
2.43596
2.43596
2.43596
2.43596
2.43596
2.43596
2.38354
2.38354
2.38354
2.38354
2.38354
2.38354
2.38354
2.38354
2.38354
2.38354
2.33159
2.33159
2.33159
2.33159
2.33159
2.33159
2.33159
2.33159
2.33159
2.33159
2.27996
2.27996
2.27996
2.27997
2.27997
2.27997
2.27997
2.27997
2.27997
2.27997
2.22855
2.22855
2.22855
2.22856
2.22856
2.22856
2.22856
2.22856
2.22856
2.22856
2.17727
2.17727
2.17727
2.17727
2.17727
2.17727
2.17727
2.17727
2.17727
2.17728
2.12604
2.12604
2.12604
2.12604
2.12604
2.12605
2.12605
2.12605
2.12605
2.12605
2.07481
2.07481
2.07481
2.07481
2.07481
2.07481
2.07481
2.07481
2.07481
2.07481
2.02352
2.02352
2.02352
2.02352
2.02352
2.02352
2.02352
2.02352
2.02352
2.02352
1.97212
1.97212
1.97212
1.97212
1.97212
1.97212
1.97212
1.97212
1.97212
1.97212
1.92057
1.92057
1.92058
1.92058
1.92058
1.92058
1.92058
1.92058
1.92058
1.92058
1.86884
1.86884
1.86884
1.86884
1.86884
1.86884
1.86885
1.86885
1.86885
1.86885
1.81689
1.81689
1.81689
1.81689
1.81689
1.81689
1.81689
1.81689
1.81689
1.81689
1.76467
1.76467
1.76467
1.76467
1.76467
1.76467
1.76467
1.76468
1.76468
1.76468
1.71217
1.71217
1.71217
1.71217
1.71217
1.71217
1.71217
1.71217
1.71217
1.71217
1.65933
1.65933
1.65933
1.65933
1.65933
1.65933
1.65933
1.65933
1.65933
1.65933
1.60614
1.60614
1.60614
1.60614
1.60614
1.60614
1.60614
1.60614
1.60614
1.60614
1.55257
1.55257
1.55257
1.55257
1.55257
1.55257
1.55257
1.55257
1.55257
1.55257
1.49859
1.49859
1.49859
1.49859
1.49859
1.49859
1.49859
1.49859
1.49859
1.49859
1.44418
1.44418
1.44418
1.44418
1.44418
1.44418
1.44418
1.44418
1.44418
1.44418
1.38934
1.38934
1.38934
1.38934
1.38934
1.38934
1.38934
1.38934
1.38934
1.38934
1.33406
1.33406
1.33407
1.33407
1.33407
1.33407
1.33407
1.33407
1.33407
1.33407
1.27838
1.27838
1.27838
1.27838
1.27838
1.27838
1.27838
1.27838
1.27838
1.27838
1.22233
1.22233
1.22233
1.22233
1.22233
1.22233
1.22233
1.22233
1.22233
1.22233
1.166
1.166
1.166
1.166
1.166
1.166
1.166
1.166
1.166
1.166
1.10949
1.10949
1.10949
1.10949
1.10949
1.10949
1.10949
1.10949
1.10949
1.10949
1.05301
1.05301
1.05301
1.05301
1.05301
1.05301
1.05301
1.05301
1.05301
1.05301
0.996785
0.996785
0.996785
0.996785
0.996785
0.996785
0.996785
0.996785
0.996785
0.996785
0.941177
0.941177
0.941177
0.941177
0.941177
0.941177
0.941177
0.941177
0.941177
0.941176
0.886638
0.886638
0.886638
0.886638
0.886638
0.886638
0.886637
0.886637
0.886637
0.886637
0.833748
0.833748
0.833748
0.833748
0.833748
0.833748
0.833747
0.833747
0.833747
0.833747
0.783219
0.783219
0.783219
0.783219
0.783219
0.783218
0.783218
0.783218
0.783218
0.783218
0.735883
0.735883
0.735883
0.735883
0.735883
0.735883
0.735883
0.735882
0.735882
0.735882
0.692663
0.692663
0.692663
0.692663
0.692662
0.692662
0.692662
0.692662
0.692662
0.692661
0.654516
0.654516
0.654516
0.654515
0.654515
0.654515
0.654515
0.654514
0.654514
0.654514
0.622372
0.622371
0.622371
0.622371
0.622371
0.622371
0.62237
0.62237
0.62237
0.622369
0.597083
0.597083
0.597083
0.597082
0.597082
0.597082
0.597082
0.597081
0.597081
0.597081
0.579424
0.579424
0.579424
0.579424
0.579423
0.579423
0.579423
0.579423
0.579422
0.579422
0.570157
0.570157
0.570157
0.570157
0.570157
0.570156
0.570156
0.570156
0.570156
0.570155
3.07428
3.07428
3.07428
3.07428
3.07428
3.07428
3.07428
3.07428
3.07428
3.07428
3.2165
3.2165
3.2165
3.2165
3.2165
3.2165
3.2165
3.21651
3.21651
3.21651
3.0455
3.04551
3.04551
3.04551
3.04551
3.04551
3.04551
3.04551
3.04551
3.04552
2.93533
2.93533
2.93533
2.93533
2.93533
2.93533
2.93533
2.93533
2.93533
2.93534
2.85108
2.85108
2.85108
2.85108
2.85108
2.85108
2.85108
2.85109
2.85109
2.85109
2.77968
2.77968
2.77968
2.77969
2.77969
2.77969
2.77969
2.77969
2.77969
2.77969
2.71542
2.71543
2.71543
2.71543
2.71543
2.71543
2.71543
2.71543
2.71543
2.71543
2.65548
2.65548
2.65548
2.65548
2.65548
2.65549
2.65549
2.65549
2.65549
2.65549
2.59832
2.59832
2.59832
2.59832
2.59832
2.59832
2.59832
2.59832
2.59832
2.59832
2.54302
2.54302
2.54302
2.54302
2.54302
2.54303
2.54303
2.54303
2.54303
2.54303
2.48903
2.48903
2.48903
2.48903
2.48903
2.48903
2.48903
2.48903
2.48903
2.48903
2.43595
2.43595
2.43595
2.43595
2.43596
2.43596
2.43596
2.43596
2.43596
2.43596
2.38354
2.38354
2.38354
2.38354
2.38354
2.38354
2.38354
2.38354
2.38354
2.38354
2.33159
2.33159
2.33159
2.33159
2.33159
2.33159
2.33159
2.33159
2.33159
2.33159
2.27996
2.27996
2.27996
2.27996
2.27996
2.27997
2.27997
2.27997
2.27997
2.27997
2.22855
2.22855
2.22855
2.22855
2.22855
2.22856
2.22856
2.22856
2.22856
2.22856
2.17727
2.17727
2.17727
2.17727
2.17727
2.17727
2.17727
2.17727
2.17727
2.17728
2.12604
2.12604
2.12604
2.12604
2.12604
2.12604
2.12604
2.12605
2.12605
2.12605
2.07481
2.07481
2.07481
2.07481
2.07481
2.07481
2.07481
2.07481
2.07481
2.07481
2.02352
2.02352
2.02352
2.02352
2.02352
2.02352
2.02352
2.02352
2.02352
2.02352
1.97212
1.97212
1.97212
1.97212
1.97212
1.97212
1.97212
1.97212
1.97212
1.97212
1.92057
1.92057
1.92057
1.92057
1.92058
1.92058
1.92058
1.92058
1.92058
1.92058
1.86884
1.86884
1.86884
1.86884
1.86884
1.86884
1.86884
1.86885
1.86885
1.86885
1.81689
1.81689
1.81689
1.81689
1.81689
1.81689
1.81689
1.81689
1.81689
1.81689
1.76467
1.76467
1.76467
1.76467
1.76467
1.76467
1.76467
1.76467
1.76468
1.76468
1.71216
1.71217
1.71217
1.71217
1.71217
1.71217
1.71217
1.71217
1.71217
1.71217
1.65933
1.65933
1.65933
1.65933
1.65933
1.65933
1.65933
1.65933
1.65933
1.65933
1.60614
1.60614
1.60614
1.60614
1.60614
1.60614
1.60614
1.60614
1.60614
1.60614
1.55257
1.55257
1.55257
1.55257
1.55257
1.55257
1.55257
1.55257
1.55257
1.55257
1.49859
1.49859
1.49859
1.49859
1.49859
1.49859
1.49859
1.49859
1.49859
1.49859
1.44418
1.44418
1.44418
1.44418
1.44418
1.44418
1.44418
1.44418
1.44418
1.44418
1.38934
1.38934
1.38934
1.38934
1.38934
1.38934
1.38934
1.38934
1.38934
1.38934
1.33406
1.33407
1.33407
1.33407
1.33407
1.33407
1.33407
1.33407
1.33407
1.33407
1.27838
1.27838
1.27838
1.27838
1.27838
1.27838
1.27838
1.27838
1.27838
1.27838
1.22233
1.22233
1.22233
1.22233
1.22233
1.22233
1.22233
1.22233
1.22233
1.22233
1.166
1.166
1.166
1.166
1.166
1.166
1.166
1.166
1.166
1.166
1.10949
1.10949
1.10949
1.10949
1.10949
1.10949
1.10949
1.10949
1.10949
1.10949
1.05301
1.05301
1.05301
1.05301
1.05301
1.05301
1.05301
1.05301
1.05301
1.05301
0.996785
0.996785
0.996785
0.996785
0.996785
0.996785
0.996785
0.996785
0.996785
0.996785
0.941178
0.941177
0.941177
0.941177
0.941177
0.941177
0.941177
0.941177
0.941177
0.941177
0.886638
0.886638
0.886638
0.886638
0.886638
0.886638
0.886638
0.886638
0.886637
0.886637
0.833748
0.833748
0.833748
0.833748
0.833748
0.833748
0.833748
0.833748
0.833747
0.833747
0.783219
0.783219
0.783219
0.783219
0.783219
0.783219
0.783219
0.783218
0.783218
0.783218
0.735884
0.735884
0.735883
0.735883
0.735883
0.735883
0.735883
0.735883
0.735882
0.735882
0.692663
0.692663
0.692663
0.692663
0.692663
0.692662
0.692662
0.692662
0.692662
0.692661
0.654516
0.654516
0.654516
0.654516
0.654515
0.654515
0.654515
0.654515
0.654514
0.654514
0.622372
0.622372
0.622371
0.622371
0.622371
0.622371
0.62237
0.62237
0.62237
0.62237
0.597083
0.597083
0.597083
0.597083
0.597082
0.597082
0.597082
0.597082
0.597081
0.597081
0.579424
0.579424
0.579424
0.579424
0.579424
0.579423
0.579423
0.579423
0.579423
0.579422
0.570157
0.570157
0.570157
0.570157
0.570157
0.570156
0.570156
0.570156
0.570156
0.570155
3.07428
3.07428
3.07428
3.07428
3.07428
3.07428
3.07428
3.07428
3.07428
3.07428
3.2165
3.2165
3.2165
3.2165
3.2165
3.2165
3.2165
3.21651
3.21651
3.21651
3.0455
3.0455
3.0455
3.04551
3.04551
3.04551
3.04551
3.04551
3.04551
3.04552
2.93533
2.93533
2.93533
2.93533
2.93533
2.93533
2.93533
2.93533
2.93533
2.93534
2.85108
2.85108
2.85108
2.85108
2.85108
2.85108
2.85108
2.85109
2.85109
2.85109
2.77968
2.77968
2.77968
2.77968
2.77968
2.77969
2.77969
2.77969
2.77969
2.77969
2.71542
2.71542
2.71542
2.71542
2.71543
2.71543
2.71543
2.71543
2.71543
2.71543
2.65548
2.65548
2.65548
2.65548
2.65548
2.65548
2.65549
2.65549
2.65549
2.65549
2.59832
2.59832
2.59832
2.59832
2.59832
2.59832
2.59832
2.59832
2.59832
2.59832
2.54302
2.54302
2.54302
2.54302
2.54302
2.54302
2.54303
2.54303
2.54303
2.54303
2.48903
2.48903
2.48903
2.48903
2.48903
2.48903
2.48903
2.48903
2.48903
2.48903
2.43595
2.43595
2.43595
2.43595
2.43595
2.43596
2.43596
2.43596
2.43596
2.43596
2.38354
2.38354
2.38354
2.38354
2.38354
2.38354
2.38354
2.38354
2.38354
2.38354
2.33159
2.33159
2.33159
2.33159
2.33159
2.33159
2.33159
2.33159
2.33159
2.33159
2.27996
2.27996
2.27996
2.27996
2.27996
2.27996
2.27997
2.27997
2.27997
2.27997
2.22855
2.22855
2.22855
2.22855
2.22855
2.22855
2.22856
2.22856
2.22856
2.22856
2.17727
2.17727
2.17727
2.17727
2.17727
2.17727
2.17727
2.17727
2.17727
2.17727
2.12604
2.12604
2.12604
2.12604
2.12604
2.12604
2.12604
2.12604
2.12605
2.12605
2.07481
2.07481
2.07481
2.07481
2.07481
2.07481
2.07481
2.07481
2.07481
2.07481
2.02352
2.02352
2.02352
2.02352
2.02352
2.02352
2.02352
2.02352
2.02352
2.02352
1.97212
1.97212
1.97212
1.97212
1.97212
1.97212
1.97212
1.97212
1.97212
1.97212
1.92057
1.92057
1.92057
1.92057
1.92057
1.92058
1.92058
1.92058
1.92058
1.92058
1.86884
1.86884
1.86884
1.86884
1.86884
1.86884
1.86884
1.86884
1.86885
1.86885
1.81689
1.81689
1.81689
1.81689
1.81689
1.81689
1.81689
1.81689
1.81689
1.81689
1.76467
1.76467
1.76467
1.76467
1.76467
1.76467
1.76467
1.76467
1.76467
1.76468
1.71216
1.71216
1.71217
1.71217
1.71217
1.71217
1.71217
1.71217
1.71217
1.71217
1.65933
1.65933
1.65933
1.65933
1.65933
1.65933
1.65933
1.65933
1.65933
1.65933
1.60614
1.60614
1.60614
1.60614
1.60614
1.60614
1.60614
1.60614
1.60614
1.60614
1.55257
1.55257
1.55257
1.55257
1.55257
1.55257
1.55257
1.55257
1.55257
1.55257
1.49859
1.49859
1.49859
1.49859
1.49859
1.49859
1.49859
1.49859
1.49859
1.49859
1.44418
1.44418
1.44418
1.44418
1.44418
1.44418
1.44418
1.44418
1.44418
1.44418
1.38934
1.38934
1.38934
1.38934
1.38934
1.38934
1.38934
1.38934
1.38934
1.38934
1.33407
1.33407
1.33407
1.33407
1.33407
1.33407
1.33407
1.33407
1.33407
1.33407
1.27838
1.27838
1.27838
1.27838
1.27838
1.27838
1.27838
1.27838
1.27838
1.27838
1.22233
1.22233
1.22233
1.22233
1.22233
1.22233
1.22233
1.22233
1.22233
1.22233
1.166
1.166
1.166
1.166
1.166
1.166
1.166
1.166
1.166
1.166
1.10949
1.10949
1.10949
1.10949
1.10949
1.10949
1.10949
1.10949
1.10949
1.10949
1.05301
1.05301
1.05301
1.05301
1.05301
1.05301
1.05301
1.05301
1.05301
1.05301
0.996786
0.996786
0.996786
0.996785
0.996785
0.996785
0.996785
0.996785
0.996785
0.996785
0.941178
0.941178
0.941178
0.941178
0.941177
0.941177
0.941177
0.941177
0.941177
0.941177
0.886639
0.886638
0.886638
0.886638
0.886638
0.886638
0.886638
0.886638
0.886638
0.886637
0.833749
0.833749
0.833748
0.833748
0.833748
0.833748
0.833748
0.833748
0.833748
0.833747
0.78322
0.78322
0.783219
0.783219
0.783219
0.783219
0.783219
0.783219
0.783218
0.783218
0.735884
0.735884
0.735884
0.735883
0.735883
0.735883
0.735883
0.735883
0.735883
0.735882
0.692663
0.692663
0.692663
0.692663
0.692663
0.692663
0.692662
0.692662
0.692662
0.692662
0.654516
0.654516
0.654516
0.654516
0.654515
0.654515
0.654515
0.654515
0.654515
0.654514
0.622372
0.622372
0.622372
0.622371
0.622371
0.622371
0.622371
0.62237
0.62237
0.62237
0.597083
0.597083
0.597083
0.597083
0.597082
0.597082
0.597082
0.597082
0.597081
0.597081
0.579424
0.579424
0.579424
0.579424
0.579424
0.579423
0.579423
0.579423
0.579423
0.579422
0.570158
0.570157
0.570157
0.570157
0.570157
0.570156
0.570156
0.570156
0.570156
0.570155
3.07428
3.07428
3.07428
3.07428
3.07428
3.07428
3.07428
3.07428
3.07428
3.07428
3.21649
3.2165
3.2165
3.2165
3.2165
3.2165
3.2165
3.21651
3.21651
3.21651
3.0455
3.0455
3.0455
3.0455
3.04551
3.04551
3.04551
3.04551
3.04551
3.04552
2.93532
2.93532
2.93533
2.93533
2.93533
2.93533
2.93533
2.93533
2.93533
2.93534
2.85108
2.85108
2.85108
2.85108
2.85108
2.85108
2.85108
2.85109
2.85109
2.85109
2.77968
2.77968
2.77968
2.77968
2.77968
2.77969
2.77969
2.77969
2.77969
2.77969
2.71542
2.71542
2.71542
2.71542
2.71543
2.71543
2.71543
2.71543
2.71543
2.71543
2.65548
2.65548
2.65548
2.65548
2.65548
2.65548
2.65548
2.65549
2.65549
2.65549
2.59831
2.59831
2.59832
2.59832
2.59832
2.59832
2.59832
2.59832
2.59832
2.59832
2.54302
2.54302
2.54302
2.54302
2.54302
2.54302
2.54303
2.54303
2.54303
2.54303
2.48903
2.48903
2.48903
2.48903
2.48903
2.48903
2.48903
2.48903
2.48903
2.48903
2.43595
2.43595
2.43595
2.43595
2.43595
2.43595
2.43596
2.43596
2.43596
2.43596
2.38353
2.38354
2.38354
2.38354
2.38354
2.38354
2.38354
2.38354
2.38354
2.38354
2.33159
2.33159
2.33159
2.33159
2.33159
2.33159
2.33159
2.33159
2.33159
2.33159
2.27996
2.27996
2.27996
2.27996
2.27996
2.27996
2.27997
2.27997
2.27997
2.27997
2.22855
2.22855
2.22855
2.22855
2.22855
2.22855
2.22856
2.22856
2.22856
2.22856
2.17727
2.17727
2.17727
2.17727
2.17727
2.17727
2.17727
2.17727
2.17727
2.17727
2.12604
2.12604
2.12604
2.12604
2.12604
2.12604
2.12604
2.12604
2.12604
2.12605
2.07481
2.07481
2.07481
2.07481
2.07481
2.07481
2.07481
2.07481
2.07481
2.07481
2.02351
2.02351
2.02352
2.02352
2.02352
2.02352
2.02352
2.02352
2.02352
2.02352
1.97212
1.97212
1.97212
1.97212
1.97212
1.97212
1.97212
1.97212
1.97212
1.97212
1.92057
1.92057
1.92057
1.92057
1.92057
1.92057
1.92058
1.92058
1.92058
1.92058
1.86884
1.86884
1.86884
1.86884
1.86884
1.86884
1.86884
1.86884
1.86884
1.86885
1.81689
1.81689
1.81689
1.81689
1.81689
1.81689
1.81689
1.81689
1.81689
1.81689
1.76467
1.76467
1.76467
1.76467
1.76467
1.76467
1.76467
1.76467
1.76467
1.76468
1.71216
1.71216
1.71216
1.71217
1.71217
1.71217
1.71217
1.71217
1.71217
1.71217
1.65933
1.65933
1.65933
1.65933
1.65933
1.65933
1.65933
1.65933
1.65933
1.65933
1.60614
1.60614
1.60614
1.60614
1.60614
1.60614
1.60614
1.60614
1.60614
1.60614
1.55257
1.55257
1.55257
1.55257
1.55257
1.55257
1.55257
1.55257
1.55257
1.55257
1.49859
1.49859
1.49859
1.49859
1.49859
1.49859
1.49859
1.49859
1.49859
1.49859
1.44418
1.44418
1.44418
1.44418
1.44418
1.44418
1.44418
1.44418
1.44418
1.44418
1.38934
1.38934
1.38934
1.38934
1.38934
1.38934
1.38934
1.38934
1.38934
1.38934
1.33407
1.33407
1.33407
1.33407
1.33407
1.33407
1.33407
1.33407
1.33407
1.33407
1.27838
1.27838
1.27838
1.27838
1.27838
1.27838
1.27838
1.27838
1.27838
1.27838
1.22233
1.22233
1.22233
1.22233
1.22233
1.22233
1.22233
1.22233
1.22233
1.22233
1.166
1.166
1.166
1.166
1.166
1.166
1.166
1.166
1.166
1.166
1.10949
1.10949
1.10949
1.10949
1.10949
1.10949
1.10949
1.10949
1.10949
1.10949
1.05301
1.05301
1.05301
1.05301
1.05301
1.05301
1.05301
1.05301
1.05301
1.05301
0.996786
0.996786
0.996786
0.996786
0.996786
0.996785
0.996785
0.996785
0.996785
0.996785
0.941178
0.941178
0.941178
0.941178
0.941178
0.941178
0.941177
0.941177
0.941177
0.941177
0.886639
0.886639
0.886639
0.886638
0.886638
0.886638
0.886638
0.886638
0.886638
0.886638
0.833749
0.833749
0.833749
0.833748
0.833748
0.833748
0.833748
0.833748
0.833748
0.833747
0.78322
0.78322
0.78322
0.783219
0.783219
0.783219
0.783219
0.783219
0.783219
0.783218
0.735884
0.735884
0.735884
0.735884
0.735883
0.735883
0.735883
0.735883
0.735883
0.735882
0.692664
0.692663
0.692663
0.692663
0.692663
0.692663
0.692663
0.692662
0.692662
0.692662
0.654516
0.654516
0.654516
0.654516
0.654516
0.654515
0.654515
0.654515
0.654515
0.654514
0.622372
0.622372
0.622372
0.622371
0.622371
0.622371
0.622371
0.62237
0.62237
0.62237
0.597083
0.597083
0.597083
0.597083
0.597082
0.597082
0.597082
0.597082
0.597081
0.597081
0.579424
0.579424
0.579424
0.579424
0.579424
0.579423
0.579423
0.579423
0.579423
0.579422
0.570158
0.570157
0.570157
0.570157
0.570157
0.570157
0.570156
0.570156
0.570156
0.570155
3.07428
3.07428
3.07428
3.07428
3.07428
3.07428
3.07428
3.07428
3.07428
3.07428
3.21649
3.21649
3.2165
3.2165
3.2165
3.2165
3.2165
3.21651
3.21651
3.21651
3.0455
3.0455
3.0455
3.04551
3.04551
3.04551
3.04551
3.04551
3.04551
3.04552
2.93532
2.93532
2.93532
2.93533
2.93533
2.93533
2.93533
2.93533
2.93534
2.93534
2.85108
2.85108
2.85108
2.85108
2.85108
2.85108
2.85108
2.85109
2.85109
2.85109
2.77968
2.77968
2.77968
2.77968
2.77968
2.77969
2.77969
2.77969
2.77969
2.77969
2.71542
2.71542
2.71542
2.71542
2.71543
2.71543
2.71543
2.71543
2.71543
2.71543
2.65548
2.65548
2.65548
2.65548
2.65548
2.65548
2.65549
2.65549
2.65549
2.65549
2.59831
2.59831
2.59832
2.59832
2.59832
2.59832
2.59832
2.59832
2.59832
2.59832
2.54302
2.54302
2.54302
2.54302
2.54302
2.54302
2.54303
2.54303
2.54303
2.54303
2.48902
2.48903
2.48903
2.48903
2.48903
2.48903
2.48903
2.48903
2.48903
2.48903
2.43595
2.43595
2.43595
2.43595
2.43595
2.43596
2.43596
2.43596
2.43596
2.43596
2.38353
2.38353
2.38354
2.38354
2.38354
2.38354
2.38354
2.38354
2.38354
2.38354
2.33158
2.33159
2.33159
2.33159
2.33159
2.33159
2.33159
2.33159
2.33159
2.33159
2.27996
2.27996
2.27996
2.27996
2.27996
2.27996
2.27997
2.27997
2.27997
2.27997
2.22855
2.22855
2.22855
2.22855
2.22855
2.22855
2.22856
2.22856
2.22856
2.22856
2.17727
2.17727
2.17727
2.17727
2.17727
2.17727
2.17727
2.17727
2.17727
2.17727
2.12604
2.12604
2.12604
2.12604
2.12604
2.12604
2.12604
2.12604
2.12605
2.12605
2.07481
2.07481
2.07481
2.07481
2.07481
2.07481
2.07481
2.07481
2.07481
2.07481
2.02351
2.02351
2.02351
2.02352
2.02352
2.02352
2.02352
2.02352
2.02352
2.02352
1.97212
1.97212
1.97212
1.97212
1.97212
1.97212
1.97212
1.97212
1.97212
1.97212
1.92057
1.92057
1.92057
1.92057
1.92057
1.92057
1.92058
1.92058
1.92058
1.92058
1.86884
1.86884
1.86884
1.86884
1.86884
1.86884
1.86884
1.86884
1.86885
1.86885
1.81689
1.81689
1.81689
1.81689
1.81689
1.81689
1.81689
1.81689
1.81689
1.81689
1.76467
1.76467
1.76467
1.76467
1.76467
1.76467
1.76467
1.76467
1.76467
1.76468
1.71216
1.71216
1.71216
1.71217
1.71217
1.71217
1.71217
1.71217
1.71217
1.71217
1.65933
1.65933
1.65933
1.65933
1.65933
1.65933
1.65933
1.65933
1.65933
1.65933
1.60614
1.60614
1.60614
1.60614
1.60614
1.60614
1.60614
1.60614
1.60614
1.60614
1.55257
1.55257
1.55257
1.55257
1.55257
1.55257
1.55257
1.55257
1.55257
1.55257
1.49859
1.49859
1.49859
1.49859
1.49859
1.49859
1.49859
1.49859
1.49859
1.49859
1.44418
1.44418
1.44418
1.44418
1.44418
1.44418
1.44418
1.44418
1.44418
1.44418
1.38934
1.38934
1.38934
1.38934
1.38934
1.38934
1.38934
1.38934
1.38934
1.38934
1.33406
1.33407
1.33407
1.33407
1.33407
1.33407
1.33407
1.33407
1.33407
1.33407
1.27838
1.27838
1.27838
1.27838
1.27838
1.27838
1.27838
1.27838
1.27838
1.27838
1.22233
1.22233
1.22233
1.22233
1.22233
1.22233
1.22233
1.22233
1.22233
1.22233
1.166
1.166
1.166
1.166
1.166
1.166
1.166
1.166
1.166
1.166
1.10949
1.10949
1.10949
1.10949
1.10949
1.10949
1.10949
1.10949
1.10949
1.10949
1.05301
1.05301
1.05301
1.05301
1.05301
1.05301
1.05301
1.05301
1.05301
1.05301
0.996786
0.996786
0.996786
0.996786
0.996786
0.996786
0.996785
0.996785
0.996785
0.996785
0.941178
0.941178
0.941178
0.941178
0.941178
0.941178
0.941177
0.941177
0.941177
0.941177
0.886639
0.886639
0.886639
0.886638
0.886638
0.886638
0.886638
0.886638
0.886638
0.886638
0.833749
0.833749
0.833749
0.833749
0.833748
0.833748
0.833748
0.833748
0.833748
0.833747
0.78322
0.78322
0.78322
0.783219
0.783219
0.783219
0.783219
0.783219
0.783219
0.783218
0.735884
0.735884
0.735884
0.735884
0.735883
0.735883
0.735883
0.735883
0.735883
0.735882
0.692664
0.692664
0.692663
0.692663
0.692663
0.692663
0.692662
0.692662
0.692662
0.692662
0.654516
0.654516
0.654516
0.654516
0.654516
0.654515
0.654515
0.654515
0.654515
0.654514
0.622372
0.622372
0.622372
0.622371
0.622371
0.622371
0.622371
0.62237
0.62237
0.62237
0.597083
0.597083
0.597083
0.597083
0.597082
0.597082
0.597082
0.597082
0.597081
0.597081
0.579424
0.579424
0.579424
0.579424
0.579424
0.579423
0.579423
0.579423
0.579423
0.579422
0.570158
0.570157
0.570157
0.570157
0.570157
0.570156
0.570156
0.570156
0.570156
0.570155
)
;

boundaryField
{
    inlet
    {
        type            zeroGradient;
    }
    outlet
    {
        type            zeroGradient;
    }
    sideLeft
    {
        type            zeroGradient;
    }
    sideRight
    {
        type            zeroGradient;
    }
    top
    {
        type            symmetryPlane;
        value           nonuniform List<scalar> 
100
(
0.570157
0.570157
0.570157
0.570157
0.570157
0.570157
0.570157
0.570158
0.570158
0.570158
0.570157
0.570157
0.570157
0.570157
0.570157
0.570157
0.570157
0.570157
0.570157
0.570157
0.570156
0.570157
0.570157
0.570157
0.570157
0.570157
0.570157
0.570157
0.570157
0.570157
0.570156
0.570156
0.570156
0.570157
0.570157
0.570157
0.570157
0.570157
0.570157
0.570157
0.570156
0.570156
0.570156
0.570156
0.570156
0.570157
0.570157
0.570157
0.570157
0.570157
0.570156
0.570156
0.570156
0.570156
0.570156
0.570156
0.570156
0.570156
0.570157
0.570156
0.570155
0.570156
0.570156
0.570156
0.570156
0.570156
0.570156
0.570156
0.570156
0.570156
0.570155
0.570155
0.570155
0.570156
0.570156
0.570156
0.570156
0.570156
0.570156
0.570156
0.570155
0.570155
0.570155
0.570155
0.570155
0.570156
0.570156
0.570156
0.570156
0.570156
0.570154
0.570155
0.570155
0.570155
0.570155
0.570155
0.570155
0.570155
0.570155
0.570155
)
;
    }
    bottomRoughWall
    {
        type            kqRWallFunction;
        value           nonuniform List<scalar> 
100
(
3.0743
3.07429
3.07429
3.07429
3.07428
3.07428
3.07428
3.07428
3.07428
3.07428
3.0743
3.07429
3.07429
3.07429
3.07428
3.07428
3.07428
3.07428
3.07428
3.07428
3.0743
3.07429
3.07429
3.07429
3.07428
3.07428
3.07428
3.07428
3.07428
3.07428
3.0743
3.07429
3.07429
3.07429
3.07428
3.07428
3.07428
3.07428
3.07428
3.07428
3.0743
3.07429
3.07429
3.07429
3.07428
3.07428
3.07428
3.07428
3.07428
3.07428
3.0743
3.07429
3.07429
3.07429
3.07428
3.07428
3.07428
3.07428
3.07428
3.07428
3.0743
3.07429
3.07429
3.07428
3.07428
3.07428
3.07428
3.07428
3.07428
3.07428
3.0743
3.07429
3.07429
3.07428
3.07428
3.07428
3.07428
3.07428
3.07428
3.07428
3.0743
3.07429
3.07429
3.07428
3.07428
3.07428
3.07428
3.07428
3.07428
3.07428
3.0743
3.07429
3.07429
3.07428
3.07428
3.07428
3.07428
3.07428
3.07428
3.07428
)
;
    }
}


// ************************************************************************* //
