/*--------------------------------*- C++ -*----------------------------------*\
| =========                 |                                                 |
| \\      /  F ield         | foam-extend: Open Source CFD                    |
|  \\    /   O peration     | Version:     3.2                                |
|   \\  /    A nd           | Web:         http://www.foam-extend.org         |
|    \\/     M anipulation  | For copyright notice see file Copyright         |
\*---------------------------------------------------------------------------*/
FoamFile
{
    version     2.0;
    format      ascii;
    class       volScalarField;
    location    "1500000";
    object      nut;
}
// * * * * * * * * * * * * * * * * * * * * * * * * * * * * * * * * * * * * * //

dimensions      [0 2 -1 0 0 0 0];

internalField   nonuniform List<scalar> 
5000
(
0.00303747
0.00303747
0.00303747
0.00303747
0.00303747
0.00303747
0.00303747
0.00303747
0.00303747
0.00303747
0.00811685
0.00811685
0.00811685
0.00811685
0.00811685
0.00811686
0.00811686
0.00811686
0.00811687
0.00811688
0.0131135
0.0131135
0.0131135
0.0131135
0.0131135
0.0131135
0.0131135
0.0131135
0.0131135
0.0131135
0.0183076
0.0183076
0.0183076
0.0183076
0.0183076
0.0183076
0.0183076
0.0183076
0.0183076
0.0183076
0.0235658
0.0235658
0.0235658
0.0235658
0.0235658
0.0235658
0.0235658
0.0235658
0.0235658
0.0235658
0.0288364
0.0288364
0.0288364
0.0288364
0.0288364
0.0288364
0.0288364
0.0288364
0.0288364
0.0288364
0.0340979
0.0340979
0.0340979
0.0340979
0.0340979
0.0340979
0.0340979
0.0340979
0.0340979
0.0340979
0.0393407
0.0393407
0.0393407
0.0393407
0.0393407
0.0393407
0.0393407
0.0393407
0.0393407
0.0393407
0.0445597
0.0445598
0.0445598
0.0445598
0.0445598
0.0445598
0.0445598
0.0445598
0.0445598
0.0445598
0.0497522
0.0497522
0.0497522
0.0497522
0.0497522
0.0497522
0.0497522
0.0497522
0.0497522
0.0497522
0.0549155
0.0549155
0.0549155
0.0549155
0.0549155
0.0549155
0.0549155
0.0549155
0.0549155
0.0549156
0.0600472
0.0600472
0.0600472
0.0600472
0.0600472
0.0600473
0.0600473
0.0600473
0.0600473
0.0600473
0.0651445
0.0651445
0.0651445
0.0651445
0.0651445
0.0651445
0.0651445
0.0651445
0.0651445
0.0651445
0.0702038
0.0702038
0.0702038
0.0702038
0.0702038
0.0702038
0.0702038
0.0702038
0.0702038
0.0702038
0.0752211
0.0752211
0.0752211
0.0752211
0.0752211
0.0752211
0.0752211
0.0752211
0.0752211
0.0752211
0.0801915
0.0801915
0.0801915
0.0801915
0.0801915
0.0801915
0.0801915
0.0801915
0.0801915
0.0801915
0.0851094
0.0851094
0.0851094
0.0851094
0.0851094
0.0851094
0.0851094
0.0851094
0.0851094
0.0851094
0.0899685
0.0899685
0.0899685
0.0899685
0.0899685
0.0899685
0.0899685
0.0899685
0.0899685
0.0899685
0.0947616
0.0947616
0.0947616
0.0947616
0.0947616
0.0947616
0.0947616
0.0947616
0.0947616
0.0947616
0.0994806
0.0994806
0.0994806
0.0994806
0.0994806
0.0994806
0.0994806
0.0994806
0.0994806
0.0994806
0.104117
0.104117
0.104117
0.104117
0.104117
0.104117
0.104117
0.104117
0.104117
0.104117
0.10866
0.10866
0.10866
0.10866
0.10866
0.10866
0.10866
0.10866
0.10866
0.10866
0.113101
0.113101
0.113101
0.113101
0.113101
0.113101
0.113101
0.113101
0.113101
0.113101
0.117428
0.117428
0.117428
0.117428
0.117428
0.117428
0.117428
0.117428
0.117428
0.117428
0.121629
0.121629
0.121629
0.121629
0.121629
0.121629
0.121629
0.121629
0.121629
0.121629
0.125692
0.125692
0.125692
0.125692
0.125692
0.125692
0.125692
0.125692
0.125692
0.125692
0.129605
0.129605
0.129605
0.129605
0.129605
0.129605
0.129605
0.129605
0.129605
0.129605
0.133354
0.133354
0.133354
0.133354
0.133354
0.133354
0.133354
0.133354
0.133354
0.133354
0.136929
0.136929
0.136929
0.136929
0.136929
0.136929
0.136929
0.136929
0.136929
0.136929
0.140317
0.140317
0.140317
0.140317
0.140317
0.140317
0.140317
0.140317
0.140317
0.140317
0.143508
0.143508
0.143508
0.143508
0.143508
0.143508
0.143508
0.143508
0.143508
0.143508
0.146495
0.146495
0.146495
0.146495
0.146495
0.146495
0.146495
0.146495
0.146495
0.146495
0.149273
0.149273
0.149273
0.149273
0.149273
0.149273
0.149273
0.149273
0.149273
0.149273
0.151842
0.151842
0.151842
0.151842
0.151842
0.151842
0.151842
0.151842
0.151842
0.151842
0.154209
0.154209
0.154209
0.154209
0.154209
0.154209
0.154209
0.154209
0.154209
0.154209
0.156389
0.156389
0.156389
0.156389
0.156389
0.156389
0.156389
0.156389
0.156389
0.156389
0.158408
0.158408
0.158408
0.158408
0.158408
0.158408
0.158408
0.158408
0.158408
0.158408
0.160307
0.160307
0.160307
0.160307
0.160307
0.160307
0.160307
0.160307
0.160306
0.160306
0.162143
0.162143
0.162143
0.162143
0.162143
0.162143
0.162143
0.162143
0.162143
0.162143
0.163996
0.163996
0.163996
0.163996
0.163996
0.163996
0.163996
0.163996
0.163996
0.163996
0.165968
0.165968
0.165968
0.165967
0.165967
0.165967
0.165967
0.165967
0.165967
0.165967
0.168181
0.168181
0.168181
0.168181
0.168181
0.16818
0.16818
0.16818
0.16818
0.16818
0.170772
0.170772
0.170772
0.170772
0.170772
0.170772
0.170772
0.170772
0.170772
0.170772
0.173872
0.173872
0.173872
0.173872
0.173872
0.173872
0.173872
0.173872
0.173871
0.173871
0.177566
0.177566
0.177566
0.177566
0.177566
0.177566
0.177566
0.177566
0.177566
0.177566
0.181837
0.181837
0.181837
0.181837
0.181837
0.181836
0.181836
0.181836
0.181836
0.181836
0.186486
0.186486
0.186486
0.186486
0.186486
0.186486
0.186486
0.186486
0.186486
0.186486
0.191073
0.191073
0.191073
0.191073
0.191073
0.191073
0.191073
0.191073
0.191073
0.191072
0.194908
0.194908
0.194908
0.194908
0.194908
0.194908
0.194908
0.194908
0.194908
0.194908
0.197173
0.197173
0.197173
0.197173
0.197173
0.197173
0.197173
0.197173
0.197173
0.197173
0.00303746
0.00303746
0.00303746
0.00303746
0.00303746
0.00303746
0.00303746
0.00303746
0.00303746
0.00303746
0.00811685
0.00811685
0.00811685
0.00811685
0.00811685
0.00811685
0.00811686
0.00811686
0.00811686
0.00811687
0.0131135
0.0131135
0.0131135
0.0131135
0.0131135
0.0131135
0.0131135
0.0131135
0.0131135
0.0131135
0.0183076
0.0183076
0.0183076
0.0183076
0.0183076
0.0183076
0.0183076
0.0183076
0.0183076
0.0183076
0.0235658
0.0235658
0.0235658
0.0235658
0.0235658
0.0235658
0.0235658
0.0235658
0.0235658
0.0235658
0.0288364
0.0288364
0.0288364
0.0288364
0.0288364
0.0288364
0.0288364
0.0288364
0.0288364
0.0288364
0.0340979
0.0340979
0.0340979
0.0340979
0.0340979
0.0340979
0.0340979
0.0340979
0.0340979
0.0340979
0.0393407
0.0393407
0.0393407
0.0393407
0.0393407
0.0393407
0.0393407
0.0393407
0.0393407
0.0393407
0.0445598
0.0445598
0.0445598
0.0445598
0.0445598
0.0445598
0.0445598
0.0445598
0.0445598
0.0445598
0.0497522
0.0497522
0.0497522
0.0497522
0.0497522
0.0497522
0.0497522
0.0497522
0.0497522
0.0497522
0.0549155
0.0549155
0.0549155
0.0549155
0.0549155
0.0549155
0.0549155
0.0549155
0.0549156
0.0549156
0.0600473
0.0600473
0.0600473
0.0600473
0.0600473
0.0600473
0.0600473
0.0600473
0.0600473
0.0600473
0.0651445
0.0651445
0.0651445
0.0651445
0.0651445
0.0651445
0.0651445
0.0651445
0.0651445
0.0651445
0.0702038
0.0702038
0.0702038
0.0702038
0.0702038
0.0702038
0.0702038
0.0702038
0.0702038
0.0702039
0.0752211
0.0752211
0.0752211
0.0752211
0.0752211
0.0752211
0.0752211
0.0752211
0.0752211
0.0752211
0.0801915
0.0801915
0.0801915
0.0801915
0.0801915
0.0801915
0.0801915
0.0801915
0.0801915
0.0801915
0.0851094
0.0851094
0.0851094
0.0851094
0.0851095
0.0851095
0.0851095
0.0851095
0.0851095
0.0851095
0.0899685
0.0899685
0.0899685
0.0899685
0.0899685
0.0899686
0.0899686
0.0899686
0.0899686
0.0899686
0.0947616
0.0947616
0.0947616
0.0947616
0.0947616
0.0947616
0.0947616
0.0947616
0.0947616
0.0947616
0.0994806
0.0994806
0.0994806
0.0994806
0.0994806
0.0994806
0.0994806
0.0994806
0.0994806
0.0994806
0.104117
0.104117
0.104117
0.104117
0.104117
0.104117
0.104117
0.104117
0.104117
0.104117
0.10866
0.10866
0.10866
0.10866
0.10866
0.10866
0.10866
0.10866
0.10866
0.10866
0.113101
0.113101
0.113101
0.113101
0.113101
0.113101
0.113101
0.113101
0.113101
0.113101
0.117428
0.117428
0.117428
0.117428
0.117428
0.117428
0.117428
0.117428
0.117428
0.117428
0.121629
0.121629
0.121629
0.121629
0.121629
0.121629
0.121629
0.121629
0.121629
0.121629
0.125692
0.125692
0.125692
0.125692
0.125692
0.125692
0.125692
0.125692
0.125692
0.125692
0.129605
0.129605
0.129605
0.129605
0.129605
0.129605
0.129605
0.129605
0.129605
0.129605
0.133354
0.133354
0.133354
0.133354
0.133354
0.133354
0.133354
0.133354
0.133354
0.133354
0.136929
0.136929
0.136929
0.136929
0.136929
0.136929
0.136929
0.136929
0.136929
0.136929
0.140317
0.140317
0.140317
0.140317
0.140317
0.140317
0.140317
0.140317
0.140317
0.140317
0.143508
0.143508
0.143508
0.143508
0.143508
0.143508
0.143508
0.143508
0.143508
0.143508
0.146495
0.146495
0.146495
0.146495
0.146495
0.146495
0.146495
0.146495
0.146495
0.146495
0.149273
0.149273
0.149273
0.149273
0.149273
0.149273
0.149273
0.149273
0.149273
0.149273
0.151842
0.151842
0.151842
0.151842
0.151842
0.151842
0.151842
0.151842
0.151842
0.151842
0.154209
0.154209
0.154209
0.154209
0.154209
0.154209
0.154209
0.154209
0.154209
0.154209
0.156389
0.156389
0.156389
0.156389
0.156389
0.156389
0.156389
0.156389
0.156389
0.156389
0.158408
0.158408
0.158408
0.158408
0.158408
0.158408
0.158408
0.158408
0.158408
0.158408
0.160307
0.160307
0.160307
0.160307
0.160307
0.160307
0.160307
0.160307
0.160307
0.160306
0.162143
0.162143
0.162143
0.162143
0.162143
0.162143
0.162143
0.162143
0.162143
0.162143
0.163996
0.163996
0.163996
0.163996
0.163996
0.163996
0.163996
0.163996
0.163996
0.163996
0.165968
0.165968
0.165968
0.165968
0.165968
0.165967
0.165967
0.165967
0.165967
0.165967
0.168181
0.168181
0.168181
0.168181
0.168181
0.168181
0.16818
0.16818
0.16818
0.16818
0.170772
0.170772
0.170772
0.170772
0.170772
0.170772
0.170772
0.170772
0.170772
0.170772
0.173872
0.173872
0.173872
0.173872
0.173872
0.173872
0.173872
0.173872
0.173872
0.173871
0.177566
0.177566
0.177566
0.177566
0.177566
0.177566
0.177566
0.177566
0.177566
0.177566
0.181837
0.181837
0.181837
0.181837
0.181837
0.181837
0.181836
0.181836
0.181836
0.181836
0.186486
0.186486
0.186486
0.186486
0.186486
0.186486
0.186486
0.186486
0.186486
0.186486
0.191073
0.191073
0.191073
0.191073
0.191073
0.191073
0.191073
0.191073
0.191073
0.191072
0.194908
0.194908
0.194908
0.194908
0.194908
0.194908
0.194908
0.194908
0.194908
0.194908
0.197173
0.197173
0.197173
0.197173
0.197173
0.197173
0.197173
0.197173
0.197173
0.197173
0.00303746
0.00303746
0.00303746
0.00303746
0.00303746
0.00303746
0.00303746
0.00303746
0.00303746
0.00303746
0.00811685
0.00811685
0.00811685
0.00811685
0.00811685
0.00811685
0.00811685
0.00811686
0.00811686
0.00811687
0.0131135
0.0131135
0.0131135
0.0131135
0.0131135
0.0131135
0.0131135
0.0131135
0.0131135
0.0131135
0.0183076
0.0183076
0.0183076
0.0183076
0.0183076
0.0183076
0.0183076
0.0183076
0.0183076
0.0183076
0.0235658
0.0235658
0.0235658
0.0235658
0.0235658
0.0235658
0.0235658
0.0235658
0.0235658
0.0235658
0.0288364
0.0288364
0.0288364
0.0288364
0.0288364
0.0288364
0.0288364
0.0288364
0.0288364
0.0288364
0.0340979
0.0340979
0.0340979
0.0340979
0.0340979
0.0340979
0.0340979
0.0340979
0.0340979
0.0340979
0.0393407
0.0393407
0.0393407
0.0393407
0.0393407
0.0393407
0.0393407
0.0393407
0.0393407
0.0393407
0.0445598
0.0445598
0.0445598
0.0445598
0.0445598
0.0445598
0.0445598
0.0445598
0.0445598
0.0445598
0.0497522
0.0497522
0.0497522
0.0497522
0.0497522
0.0497522
0.0497522
0.0497522
0.0497522
0.0497522
0.0549155
0.0549155
0.0549155
0.0549155
0.0549155
0.0549155
0.0549155
0.0549156
0.0549156
0.0549156
0.0600473
0.0600473
0.0600473
0.0600473
0.0600473
0.0600473
0.0600473
0.0600473
0.0600473
0.0600473
0.0651445
0.0651445
0.0651445
0.0651445
0.0651445
0.0651445
0.0651445
0.0651445
0.0651445
0.0651446
0.0702038
0.0702038
0.0702038
0.0702038
0.0702038
0.0702038
0.0702038
0.0702039
0.0702039
0.0702039
0.0752211
0.0752211
0.0752211
0.0752211
0.0752211
0.0752211
0.0752211
0.0752211
0.0752211
0.0752211
0.0801915
0.0801915
0.0801915
0.0801915
0.0801915
0.0801915
0.0801915
0.0801915
0.0801915
0.0801916
0.0851095
0.0851095
0.0851095
0.0851095
0.0851095
0.0851095
0.0851095
0.0851095
0.0851095
0.0851095
0.0899686
0.0899686
0.0899686
0.0899686
0.0899686
0.0899686
0.0899686
0.0899686
0.0899686
0.0899686
0.0947616
0.0947616
0.0947616
0.0947616
0.0947616
0.0947616
0.0947616
0.0947616
0.0947616
0.0947616
0.0994806
0.0994806
0.0994806
0.0994806
0.0994806
0.0994806
0.0994807
0.0994807
0.0994807
0.0994807
0.104117
0.104117
0.104117
0.104117
0.104117
0.104117
0.104117
0.104117
0.104117
0.104117
0.10866
0.10866
0.10866
0.10866
0.10866
0.10866
0.10866
0.10866
0.10866
0.10866
0.113101
0.113101
0.113101
0.113101
0.113101
0.113101
0.113101
0.113101
0.113101
0.113101
0.117428
0.117428
0.117428
0.117428
0.117428
0.117428
0.117428
0.117428
0.117428
0.117428
0.121629
0.121629
0.121629
0.121629
0.121629
0.121629
0.121629
0.121629
0.121629
0.121629
0.125692
0.125692
0.125692
0.125692
0.125692
0.125692
0.125692
0.125692
0.125692
0.125692
0.129605
0.129605
0.129605
0.129605
0.129605
0.129605
0.129605
0.129605
0.129605
0.129605
0.133354
0.133354
0.133354
0.133354
0.133354
0.133354
0.133354
0.133354
0.133354
0.133354
0.136929
0.136929
0.136929
0.136929
0.136929
0.136929
0.136929
0.136929
0.136929
0.136929
0.140317
0.140317
0.140317
0.140317
0.140317
0.140317
0.140317
0.140317
0.140317
0.140317
0.143508
0.143508
0.143508
0.143508
0.143508
0.143508
0.143508
0.143508
0.143508
0.143508
0.146495
0.146495
0.146495
0.146495
0.146495
0.146495
0.146495
0.146495
0.146495
0.146495
0.149273
0.149273
0.149273
0.149273
0.149273
0.149273
0.149273
0.149273
0.149273
0.149273
0.151842
0.151842
0.151842
0.151842
0.151842
0.151842
0.151842
0.151842
0.151842
0.151842
0.154209
0.154209
0.154209
0.154209
0.154209
0.154209
0.154209
0.154209
0.154209
0.154209
0.156389
0.156389
0.156389
0.156389
0.156389
0.156389
0.156389
0.156389
0.156389
0.156389
0.158408
0.158408
0.158408
0.158408
0.158408
0.158408
0.158408
0.158408
0.158408
0.158408
0.160307
0.160307
0.160307
0.160307
0.160307
0.160307
0.160307
0.160307
0.160307
0.160307
0.162143
0.162143
0.162143
0.162143
0.162143
0.162143
0.162143
0.162143
0.162143
0.162143
0.163996
0.163996
0.163996
0.163996
0.163996
0.163996
0.163996
0.163996
0.163996
0.163996
0.165968
0.165968
0.165968
0.165968
0.165968
0.165968
0.165967
0.165967
0.165967
0.165967
0.168181
0.168181
0.168181
0.168181
0.168181
0.168181
0.168181
0.16818
0.16818
0.16818
0.170772
0.170772
0.170772
0.170772
0.170772
0.170772
0.170772
0.170772
0.170772
0.170772
0.173872
0.173872
0.173872
0.173872
0.173872
0.173872
0.173872
0.173872
0.173872
0.173872
0.177566
0.177566
0.177566
0.177566
0.177566
0.177566
0.177566
0.177566
0.177566
0.177566
0.181837
0.181837
0.181837
0.181837
0.181837
0.181837
0.181837
0.181836
0.181836
0.181836
0.186486
0.186486
0.186486
0.186486
0.186486
0.186486
0.186486
0.186486
0.186486
0.186486
0.191073
0.191073
0.191073
0.191073
0.191073
0.191073
0.191073
0.191073
0.191073
0.191073
0.194908
0.194908
0.194908
0.194908
0.194908
0.194908
0.194908
0.194908
0.194908
0.194908
0.197173
0.197173
0.197173
0.197173
0.197173
0.197173
0.197173
0.197173
0.197173
0.197173
0.00303746
0.00303746
0.00303746
0.00303746
0.00303746
0.00303746
0.00303746
0.00303746
0.00303746
0.00303746
0.00811684
0.00811684
0.00811685
0.00811685
0.00811685
0.00811685
0.00811685
0.00811686
0.00811686
0.00811687
0.0131135
0.0131135
0.0131135
0.0131135
0.0131135
0.0131135
0.0131135
0.0131135
0.0131135
0.0131135
0.0183076
0.0183076
0.0183076
0.0183076
0.0183076
0.0183076
0.0183076
0.0183076
0.0183076
0.0183076
0.0235658
0.0235658
0.0235658
0.0235658
0.0235658
0.0235658
0.0235658
0.0235658
0.0235658
0.0235658
0.0288364
0.0288364
0.0288364
0.0288364
0.0288364
0.0288364
0.0288364
0.0288364
0.0288364
0.0288364
0.0340979
0.0340979
0.0340979
0.0340979
0.0340979
0.0340979
0.0340979
0.0340979
0.0340979
0.0340979
0.0393407
0.0393407
0.0393407
0.0393407
0.0393407
0.0393407
0.0393407
0.0393407
0.0393407
0.0393407
0.0445598
0.0445598
0.0445598
0.0445598
0.0445598
0.0445598
0.0445598
0.0445598
0.0445598
0.0445598
0.0497522
0.0497522
0.0497522
0.0497522
0.0497522
0.0497522
0.0497522
0.0497522
0.0497522
0.0497522
0.0549155
0.0549155
0.0549155
0.0549155
0.0549155
0.0549155
0.0549156
0.0549156
0.0549156
0.0549156
0.0600473
0.0600473
0.0600473
0.0600473
0.0600473
0.0600473
0.0600473
0.0600473
0.0600473
0.0600473
0.0651445
0.0651445
0.0651445
0.0651445
0.0651445
0.0651445
0.0651445
0.0651445
0.0651445
0.0651446
0.0702038
0.0702038
0.0702038
0.0702038
0.0702038
0.0702038
0.0702039
0.0702039
0.0702039
0.0702039
0.0752211
0.0752211
0.0752211
0.0752211
0.0752211
0.0752211
0.0752211
0.0752211
0.0752211
0.0752212
0.0801915
0.0801915
0.0801915
0.0801915
0.0801915
0.0801915
0.0801915
0.0801915
0.0801915
0.0801916
0.0851095
0.0851095
0.0851095
0.0851095
0.0851095
0.0851095
0.0851095
0.0851095
0.0851095
0.0851095
0.0899686
0.0899686
0.0899686
0.0899686
0.0899686
0.0899686
0.0899686
0.0899686
0.0899686
0.0899686
0.0947616
0.0947616
0.0947616
0.0947616
0.0947616
0.0947616
0.0947616
0.0947617
0.0947617
0.0947617
0.0994807
0.0994807
0.0994807
0.0994807
0.0994807
0.0994807
0.0994807
0.0994807
0.0994807
0.0994807
0.104117
0.104117
0.104117
0.104117
0.104117
0.104117
0.104117
0.104117
0.104117
0.104117
0.10866
0.10866
0.10866
0.10866
0.10866
0.10866
0.10866
0.10866
0.10866
0.10866
0.113101
0.113101
0.113101
0.113101
0.113101
0.113101
0.113101
0.113101
0.113101
0.113101
0.117428
0.117428
0.117428
0.117428
0.117428
0.117428
0.117428
0.117428
0.117428
0.117428
0.121629
0.121629
0.121629
0.121629
0.121629
0.121629
0.121629
0.121629
0.121629
0.121629
0.125692
0.125692
0.125692
0.125692
0.125692
0.125692
0.125692
0.125692
0.125692
0.125692
0.129605
0.129605
0.129605
0.129605
0.129605
0.129605
0.129605
0.129605
0.129605
0.129605
0.133355
0.133355
0.133355
0.133355
0.133355
0.133355
0.133355
0.133354
0.133354
0.133354
0.136929
0.136929
0.136929
0.136929
0.136929
0.136929
0.136929
0.136929
0.136929
0.136929
0.140317
0.140317
0.140317
0.140317
0.140317
0.140317
0.140317
0.140317
0.140317
0.140317
0.143508
0.143508
0.143508
0.143508
0.143508
0.143508
0.143508
0.143508
0.143508
0.143508
0.146495
0.146495
0.146495
0.146495
0.146495
0.146495
0.146495
0.146495
0.146495
0.146495
0.149273
0.149273
0.149273
0.149273
0.149273
0.149273
0.149273
0.149273
0.149273
0.149273
0.151842
0.151842
0.151842
0.151842
0.151842
0.151842
0.151842
0.151842
0.151842
0.151842
0.154209
0.154209
0.154209
0.154209
0.154209
0.154209
0.154209
0.154209
0.154209
0.154209
0.156389
0.156389
0.156389
0.156389
0.156389
0.156389
0.156389
0.156389
0.156389
0.156389
0.158408
0.158408
0.158408
0.158408
0.158408
0.158408
0.158408
0.158408
0.158408
0.158408
0.160307
0.160307
0.160307
0.160307
0.160307
0.160307
0.160307
0.160307
0.160307
0.160307
0.162143
0.162143
0.162143
0.162143
0.162143
0.162143
0.162143
0.162143
0.162143
0.162143
0.163996
0.163996
0.163996
0.163996
0.163996
0.163996
0.163996
0.163996
0.163996
0.163996
0.165968
0.165968
0.165968
0.165968
0.165968
0.165968
0.165968
0.165968
0.165967
0.165967
0.168181
0.168181
0.168181
0.168181
0.168181
0.168181
0.168181
0.168181
0.168181
0.16818
0.170772
0.170772
0.170772
0.170772
0.170772
0.170772
0.170772
0.170772
0.170772
0.170772
0.173872
0.173872
0.173872
0.173872
0.173872
0.173872
0.173872
0.173872
0.173872
0.173872
0.177566
0.177566
0.177566
0.177566
0.177566
0.177566
0.177566
0.177566
0.177566
0.177566
0.181837
0.181837
0.181837
0.181837
0.181837
0.181837
0.181837
0.181836
0.181836
0.181836
0.186486
0.186486
0.186486
0.186486
0.186486
0.186486
0.186486
0.186486
0.186486
0.186486
0.191073
0.191073
0.191073
0.191073
0.191073
0.191073
0.191073
0.191073
0.191073
0.191073
0.194909
0.194908
0.194908
0.194908
0.194908
0.194908
0.194908
0.194908
0.194908
0.194908
0.197173
0.197173
0.197173
0.197173
0.197173
0.197173
0.197173
0.197173
0.197173
0.197173
0.00303746
0.00303746
0.00303746
0.00303746
0.00303746
0.00303746
0.00303746
0.00303746
0.00303746
0.00303746
0.00811684
0.00811684
0.00811684
0.00811684
0.00811684
0.00811685
0.00811685
0.00811685
0.00811686
0.00811687
0.0131135
0.0131135
0.0131135
0.0131135
0.0131135
0.0131135
0.0131135
0.0131135
0.0131135
0.0131135
0.0183076
0.0183076
0.0183076
0.0183076
0.0183076
0.0183076
0.0183076
0.0183076
0.0183076
0.0183076
0.0235657
0.0235657
0.0235658
0.0235658
0.0235658
0.0235658
0.0235658
0.0235658
0.0235658
0.0235658
0.0288364
0.0288364
0.0288364
0.0288364
0.0288364
0.0288364
0.0288364
0.0288364
0.0288364
0.0288364
0.0340979
0.0340979
0.0340979
0.0340979
0.0340979
0.0340979
0.0340979
0.0340979
0.0340979
0.0340979
0.0393407
0.0393407
0.0393407
0.0393407
0.0393407
0.0393407
0.0393407
0.0393407
0.0393407
0.0393407
0.0445598
0.0445598
0.0445598
0.0445598
0.0445598
0.0445598
0.0445598
0.0445598
0.0445598
0.0445598
0.0497522
0.0497522
0.0497522
0.0497522
0.0497522
0.0497522
0.0497522
0.0497522
0.0497522
0.0497522
0.0549155
0.0549155
0.0549155
0.0549155
0.0549155
0.0549155
0.0549156
0.0549156
0.0549156
0.0549156
0.0600473
0.0600473
0.0600473
0.0600473
0.0600473
0.0600473
0.0600473
0.0600473
0.0600473
0.0600473
0.0651445
0.0651445
0.0651445
0.0651445
0.0651445
0.0651445
0.0651445
0.0651445
0.0651445
0.0651446
0.0702038
0.0702038
0.0702038
0.0702038
0.0702038
0.0702038
0.0702039
0.0702039
0.0702039
0.0702039
0.0752211
0.0752211
0.0752211
0.0752211
0.0752211
0.0752211
0.0752211
0.0752211
0.0752211
0.0752212
0.0801915
0.0801915
0.0801915
0.0801915
0.0801915
0.0801915
0.0801915
0.0801915
0.0801916
0.0801916
0.0851095
0.0851095
0.0851095
0.0851095
0.0851095
0.0851095
0.0851095
0.0851095
0.0851095
0.0851095
0.0899686
0.0899686
0.0899686
0.0899686
0.0899686
0.0899686
0.0899686
0.0899686
0.0899686
0.0899686
0.0947616
0.0947616
0.0947616
0.0947616
0.0947617
0.0947617
0.0947617
0.0947617
0.0947617
0.0947617
0.0994807
0.0994807
0.0994807
0.0994807
0.0994807
0.0994807
0.0994807
0.0994807
0.0994807
0.0994807
0.104117
0.104117
0.104117
0.104117
0.104117
0.104117
0.104117
0.104117
0.104117
0.104117
0.10866
0.10866
0.10866
0.10866
0.10866
0.10866
0.10866
0.10866
0.10866
0.10866
0.113101
0.113101
0.113101
0.113101
0.113101
0.113101
0.113101
0.113101
0.113101
0.113101
0.117428
0.117428
0.117428
0.117428
0.117428
0.117428
0.117428
0.117428
0.117428
0.117428
0.121629
0.121629
0.121629
0.121629
0.121629
0.121629
0.121629
0.121629
0.121629
0.121629
0.125692
0.125692
0.125692
0.125692
0.125692
0.125692
0.125692
0.125692
0.125692
0.125692
0.129605
0.129605
0.129605
0.129605
0.129605
0.129605
0.129605
0.129605
0.129605
0.129605
0.133355
0.133355
0.133355
0.133355
0.133355
0.133355
0.133355
0.133355
0.133355
0.133355
0.136929
0.136929
0.136929
0.136929
0.136929
0.136929
0.136929
0.136929
0.136929
0.136929
0.140317
0.140317
0.140317
0.140317
0.140317
0.140317
0.140317
0.140317
0.140317
0.140317
0.143508
0.143508
0.143508
0.143508
0.143508
0.143508
0.143508
0.143508
0.143508
0.143508
0.146495
0.146495
0.146495
0.146495
0.146495
0.146495
0.146495
0.146495
0.146495
0.146495
0.149273
0.149273
0.149273
0.149273
0.149273
0.149273
0.149273
0.149273
0.149273
0.149273
0.151842
0.151842
0.151842
0.151842
0.151842
0.151842
0.151842
0.151842
0.151842
0.151842
0.154209
0.154209
0.154209
0.154209
0.154209
0.154209
0.154209
0.154209
0.154209
0.154209
0.156389
0.156389
0.156389
0.156389
0.156389
0.156389
0.156389
0.156389
0.156389
0.156389
0.158408
0.158408
0.158408
0.158408
0.158408
0.158408
0.158408
0.158408
0.158408
0.158408
0.160307
0.160307
0.160307
0.160307
0.160307
0.160307
0.160307
0.160307
0.160307
0.160307
0.162143
0.162143
0.162143
0.162143
0.162143
0.162143
0.162143
0.162143
0.162143
0.162143
0.163996
0.163996
0.163996
0.163996
0.163996
0.163996
0.163996
0.163996
0.163996
0.163996
0.165968
0.165968
0.165968
0.165968
0.165968
0.165968
0.165968
0.165968
0.165968
0.165967
0.168181
0.168181
0.168181
0.168181
0.168181
0.168181
0.168181
0.168181
0.168181
0.16818
0.170772
0.170772
0.170772
0.170772
0.170772
0.170772
0.170772
0.170772
0.170772
0.170772
0.173872
0.173872
0.173872
0.173872
0.173872
0.173872
0.173872
0.173872
0.173872
0.173872
0.177566
0.177566
0.177566
0.177566
0.177566
0.177566
0.177566
0.177566
0.177566
0.177566
0.181837
0.181837
0.181837
0.181837
0.181837
0.181837
0.181837
0.181837
0.181836
0.181836
0.186486
0.186486
0.186486
0.186486
0.186486
0.186486
0.186486
0.186486
0.186486
0.186486
0.191073
0.191073
0.191073
0.191073
0.191073
0.191073
0.191073
0.191073
0.191073
0.191073
0.194909
0.194909
0.194908
0.194908
0.194908
0.194908
0.194908
0.194908
0.194908
0.194908
0.197173
0.197173
0.197173
0.197173
0.197173
0.197173
0.197173
0.197173
0.197173
0.197173
0.00303746
0.00303746
0.00303746
0.00303746
0.00303746
0.00303746
0.00303746
0.00303746
0.00303746
0.00303746
0.00811684
0.00811684
0.00811684
0.00811684
0.00811684
0.00811685
0.00811685
0.00811685
0.00811686
0.00811687
0.0131135
0.0131135
0.0131135
0.0131135
0.0131135
0.0131135
0.0131135
0.0131135
0.0131135
0.0131135
0.0183076
0.0183076
0.0183076
0.0183076
0.0183076
0.0183076
0.0183076
0.0183076
0.0183076
0.0183076
0.0235657
0.0235657
0.0235657
0.0235658
0.0235658
0.0235658
0.0235658
0.0235658
0.0235658
0.0235658
0.0288363
0.0288363
0.0288364
0.0288364
0.0288364
0.0288364
0.0288364
0.0288364
0.0288364
0.0288364
0.0340979
0.0340979
0.0340979
0.0340979
0.0340979
0.0340979
0.0340979
0.0340979
0.0340979
0.0340979
0.0393407
0.0393407
0.0393407
0.0393407
0.0393407
0.0393407
0.0393407
0.0393407
0.0393407
0.0393407
0.0445598
0.0445598
0.0445598
0.0445598
0.0445598
0.0445598
0.0445598
0.0445598
0.0445598
0.0445598
0.0497522
0.0497522
0.0497522
0.0497522
0.0497522
0.0497522
0.0497522
0.0497522
0.0497522
0.0497522
0.0549155
0.0549155
0.0549155
0.0549155
0.0549155
0.0549155
0.0549155
0.0549156
0.0549156
0.0549156
0.0600473
0.0600473
0.0600473
0.0600473
0.0600473
0.0600473
0.0600473
0.0600473
0.0600473
0.0600473
0.0651445
0.0651445
0.0651445
0.0651445
0.0651445
0.0651445
0.0651445
0.0651445
0.0651445
0.0651446
0.0702038
0.0702038
0.0702038
0.0702038
0.0702038
0.0702039
0.0702039
0.0702039
0.0702039
0.0702039
0.0752211
0.0752211
0.0752211
0.0752211
0.0752211
0.0752211
0.0752211
0.0752211
0.0752211
0.0752212
0.0801915
0.0801915
0.0801915
0.0801915
0.0801915
0.0801915
0.0801915
0.0801915
0.0801916
0.0801916
0.0851095
0.0851095
0.0851095
0.0851095
0.0851095
0.0851095
0.0851095
0.0851095
0.0851095
0.0851095
0.0899686
0.0899686
0.0899686
0.0899686
0.0899686
0.0899686
0.0899686
0.0899686
0.0899686
0.0899686
0.0947616
0.0947616
0.0947617
0.0947617
0.0947617
0.0947617
0.0947617
0.0947617
0.0947617
0.0947617
0.0994807
0.0994807
0.0994807
0.0994807
0.0994807
0.0994807
0.0994807
0.0994807
0.0994807
0.0994807
0.104117
0.104117
0.104117
0.104117
0.104117
0.104117
0.104117
0.104117
0.104117
0.104117
0.10866
0.10866
0.10866
0.10866
0.10866
0.10866
0.10866
0.10866
0.10866
0.10866
0.113101
0.113101
0.113101
0.113101
0.113101
0.113101
0.113101
0.113101
0.113101
0.113101
0.117428
0.117428
0.117428
0.117428
0.117428
0.117428
0.117428
0.117428
0.117428
0.117428
0.121629
0.121629
0.121629
0.121629
0.121629
0.121629
0.121629
0.121629
0.121629
0.121629
0.125692
0.125692
0.125692
0.125692
0.125692
0.125692
0.125692
0.125692
0.125692
0.125692
0.129605
0.129605
0.129605
0.129605
0.129605
0.129605
0.129605
0.129605
0.129605
0.129605
0.133355
0.133355
0.133355
0.133355
0.133355
0.133355
0.133355
0.133355
0.133355
0.133355
0.136929
0.136929
0.136929
0.136929
0.136929
0.136929
0.136929
0.136929
0.136929
0.136929
0.140317
0.140317
0.140317
0.140317
0.140317
0.140317
0.140317
0.140317
0.140317
0.140317
0.143508
0.143508
0.143508
0.143508
0.143508
0.143508
0.143508
0.143508
0.143508
0.143508
0.146495
0.146495
0.146495
0.146495
0.146495
0.146495
0.146495
0.146495
0.146495
0.146495
0.149273
0.149273
0.149273
0.149273
0.149273
0.149273
0.149273
0.149273
0.149273
0.149273
0.151842
0.151842
0.151842
0.151842
0.151842
0.151842
0.151842
0.151842
0.151842
0.151842
0.154209
0.154209
0.154209
0.154209
0.154209
0.154209
0.154209
0.154209
0.154209
0.154209
0.156389
0.156389
0.156389
0.156389
0.156389
0.156389
0.156389
0.156389
0.156389
0.156389
0.158408
0.158408
0.158408
0.158408
0.158408
0.158408
0.158408
0.158408
0.158408
0.158408
0.160307
0.160307
0.160307
0.160307
0.160307
0.160307
0.160307
0.160307
0.160307
0.160307
0.162143
0.162143
0.162143
0.162143
0.162143
0.162143
0.162143
0.162143
0.162143
0.162143
0.163996
0.163996
0.163996
0.163996
0.163996
0.163996
0.163996
0.163996
0.163996
0.163996
0.165968
0.165968
0.165968
0.165968
0.165968
0.165968
0.165968
0.165968
0.165968
0.165968
0.168181
0.168181
0.168181
0.168181
0.168181
0.168181
0.168181
0.168181
0.168181
0.168181
0.170772
0.170772
0.170772
0.170772
0.170772
0.170772
0.170772
0.170772
0.170772
0.170772
0.173872
0.173872
0.173872
0.173872
0.173872
0.173872
0.173872
0.173872
0.173872
0.173872
0.177566
0.177566
0.177566
0.177566
0.177566
0.177566
0.177566
0.177566
0.177566
0.177566
0.181837
0.181837
0.181837
0.181837
0.181837
0.181837
0.181837
0.181837
0.181837
0.181836
0.186486
0.186486
0.186486
0.186486
0.186486
0.186486
0.186486
0.186486
0.186486
0.186486
0.191073
0.191073
0.191073
0.191073
0.191073
0.191073
0.191073
0.191073
0.191073
0.191073
0.194909
0.194909
0.194908
0.194908
0.194908
0.194908
0.194908
0.194908
0.194908
0.194908
0.197173
0.197173
0.197173
0.197173
0.197173
0.197173
0.197173
0.197173
0.197173
0.197173
0.00303746
0.00303746
0.00303746
0.00303746
0.00303746
0.00303746
0.00303746
0.00303746
0.00303746
0.00303746
0.00811684
0.00811684
0.00811684
0.00811684
0.00811684
0.00811685
0.00811685
0.00811686
0.00811686
0.00811687
0.0131135
0.0131135
0.0131135
0.0131135
0.0131135
0.0131135
0.0131135
0.0131135
0.0131135
0.0131135
0.0183076
0.0183076
0.0183076
0.0183076
0.0183076
0.0183076
0.0183076
0.0183076
0.0183076
0.0183076
0.0235657
0.0235657
0.0235657
0.0235657
0.0235658
0.0235658
0.0235658
0.0235658
0.0235658
0.0235658
0.0288363
0.0288363
0.0288364
0.0288364
0.0288364
0.0288364
0.0288364
0.0288364
0.0288364
0.0288364
0.0340979
0.0340979
0.0340979
0.0340979
0.0340979
0.0340979
0.0340979
0.0340979
0.0340979
0.0340979
0.0393407
0.0393407
0.0393407
0.0393407
0.0393407
0.0393407
0.0393407
0.0393407
0.0393407
0.0393407
0.0445598
0.0445598
0.0445598
0.0445598
0.0445598
0.0445598
0.0445598
0.0445598
0.0445598
0.0445598
0.0497522
0.0497522
0.0497522
0.0497522
0.0497522
0.0497522
0.0497522
0.0497522
0.0497522
0.0497522
0.0549155
0.0549155
0.0549155
0.0549155
0.0549155
0.0549155
0.0549155
0.0549156
0.0549156
0.0549156
0.0600473
0.0600473
0.0600473
0.0600473
0.0600473
0.0600473
0.0600473
0.0600473
0.0600473
0.0600473
0.0651445
0.0651445
0.0651445
0.0651445
0.0651445
0.0651445
0.0651445
0.0651445
0.0651445
0.0651446
0.0702038
0.0702038
0.0702038
0.0702038
0.0702038
0.0702038
0.0702039
0.0702039
0.0702039
0.0702039
0.0752211
0.0752211
0.0752211
0.0752211
0.0752211
0.0752211
0.0752211
0.0752211
0.0752211
0.0752212
0.0801915
0.0801915
0.0801915
0.0801915
0.0801915
0.0801915
0.0801915
0.0801915
0.0801916
0.0801916
0.0851095
0.0851095
0.0851095
0.0851095
0.0851095
0.0851095
0.0851095
0.0851095
0.0851095
0.0851095
0.0899686
0.0899686
0.0899686
0.0899686
0.0899686
0.0899686
0.0899686
0.0899686
0.0899686
0.0899686
0.0947617
0.0947617
0.0947617
0.0947617
0.0947617
0.0947617
0.0947617
0.0947617
0.0947617
0.0947617
0.0994807
0.0994807
0.0994807
0.0994807
0.0994807
0.0994807
0.0994807
0.0994807
0.0994807
0.0994807
0.104117
0.104117
0.104117
0.104117
0.104117
0.104117
0.104117
0.104117
0.104117
0.104117
0.108661
0.108661
0.108661
0.108661
0.108661
0.108661
0.108661
0.108661
0.108661
0.108661
0.113101
0.113101
0.113101
0.113101
0.113101
0.113101
0.113101
0.113101
0.113101
0.113101
0.117428
0.117428
0.117428
0.117428
0.117428
0.117428
0.117428
0.117428
0.117428
0.117428
0.121629
0.121629
0.121629
0.121629
0.121629
0.121629
0.121629
0.121629
0.121629
0.121629
0.125692
0.125692
0.125692
0.125692
0.125692
0.125692
0.125692
0.125692
0.125692
0.125692
0.129605
0.129605
0.129605
0.129605
0.129605
0.129605
0.129605
0.129605
0.129605
0.129605
0.133355
0.133355
0.133355
0.133355
0.133355
0.133355
0.133355
0.133355
0.133355
0.133355
0.136929
0.136929
0.136929
0.136929
0.136929
0.136929
0.136929
0.136929
0.136929
0.136929
0.140317
0.140317
0.140317
0.140317
0.140317
0.140317
0.140317
0.140317
0.140317
0.140317
0.143508
0.143508
0.143508
0.143508
0.143508
0.143508
0.143508
0.143508
0.143508
0.143508
0.146495
0.146495
0.146495
0.146495
0.146495
0.146495
0.146495
0.146495
0.146495
0.146495
0.149273
0.149273
0.149273
0.149273
0.149273
0.149273
0.149273
0.149273
0.149273
0.149273
0.151842
0.151842
0.151842
0.151842
0.151842
0.151842
0.151842
0.151842
0.151842
0.151842
0.154209
0.154209
0.154209
0.154209
0.154209
0.154209
0.154209
0.154209
0.154209
0.154209
0.156389
0.156389
0.156389
0.156389
0.156389
0.156389
0.156389
0.156389
0.156389
0.156389
0.158408
0.158408
0.158408
0.158408
0.158408
0.158408
0.158408
0.158408
0.158408
0.158408
0.160307
0.160307
0.160307
0.160307
0.160307
0.160307
0.160307
0.160307
0.160307
0.160307
0.162143
0.162143
0.162143
0.162143
0.162143
0.162143
0.162143
0.162143
0.162143
0.162143
0.163997
0.163996
0.163996
0.163996
0.163996
0.163996
0.163996
0.163996
0.163996
0.163996
0.165968
0.165968
0.165968
0.165968
0.165968
0.165968
0.165968
0.165968
0.165968
0.165968
0.168181
0.168181
0.168181
0.168181
0.168181
0.168181
0.168181
0.168181
0.168181
0.168181
0.170772
0.170772
0.170772
0.170772
0.170772
0.170772
0.170772
0.170772
0.170772
0.170772
0.173872
0.173872
0.173872
0.173872
0.173872
0.173872
0.173872
0.173872
0.173872
0.173872
0.177566
0.177566
0.177566
0.177566
0.177566
0.177566
0.177566
0.177566
0.177566
0.177566
0.181837
0.181837
0.181837
0.181837
0.181837
0.181837
0.181837
0.181837
0.181837
0.181836
0.186486
0.186486
0.186486
0.186486
0.186486
0.186486
0.186486
0.186486
0.186486
0.186486
0.191073
0.191073
0.191073
0.191073
0.191073
0.191073
0.191073
0.191073
0.191073
0.191073
0.194909
0.194909
0.194908
0.194908
0.194908
0.194908
0.194908
0.194908
0.194908
0.194908
0.197173
0.197173
0.197173
0.197173
0.197173
0.197173
0.197173
0.197173
0.197173
0.197173
0.00303746
0.00303746
0.00303746
0.00303746
0.00303746
0.00303746
0.00303746
0.00303746
0.00303746
0.00303746
0.00811684
0.00811684
0.00811684
0.00811684
0.00811684
0.00811685
0.00811685
0.00811686
0.00811686
0.00811687
0.0131135
0.0131135
0.0131135
0.0131135
0.0131135
0.0131135
0.0131135
0.0131135
0.0131135
0.0131135
0.0183076
0.0183076
0.0183076
0.0183076
0.0183076
0.0183076
0.0183076
0.0183076
0.0183076
0.0183076
0.0235657
0.0235657
0.0235657
0.0235657
0.0235658
0.0235658
0.0235658
0.0235658
0.0235658
0.0235658
0.0288363
0.0288363
0.0288363
0.0288364
0.0288364
0.0288364
0.0288364
0.0288364
0.0288364
0.0288364
0.0340979
0.0340979
0.0340979
0.0340979
0.0340979
0.0340979
0.0340979
0.0340979
0.0340979
0.0340979
0.0393407
0.0393407
0.0393407
0.0393407
0.0393407
0.0393407
0.0393407
0.0393407
0.0393407
0.0393407
0.0445598
0.0445598
0.0445598
0.0445598
0.0445598
0.0445598
0.0445598
0.0445598
0.0445598
0.0445598
0.0497522
0.0497522
0.0497522
0.0497522
0.0497522
0.0497522
0.0497522
0.0497522
0.0497522
0.0497522
0.0549155
0.0549155
0.0549155
0.0549155
0.0549155
0.0549155
0.0549155
0.0549156
0.0549156
0.0549156
0.0600473
0.0600473
0.0600473
0.0600473
0.0600473
0.0600473
0.0600473
0.0600473
0.0600473
0.0600473
0.0651445
0.0651445
0.0651445
0.0651445
0.0651445
0.0651445
0.0651445
0.0651445
0.0651445
0.0651446
0.0702038
0.0702038
0.0702038
0.0702038
0.0702038
0.0702038
0.0702039
0.0702039
0.0702039
0.0702039
0.0752211
0.0752211
0.0752211
0.0752211
0.0752211
0.0752211
0.0752211
0.0752211
0.0752211
0.0752212
0.0801915
0.0801915
0.0801915
0.0801915
0.0801915
0.0801915
0.0801915
0.0801915
0.0801916
0.0801916
0.0851095
0.0851095
0.0851095
0.0851095
0.0851095
0.0851095
0.0851095
0.0851095
0.0851095
0.0851095
0.0899686
0.0899686
0.0899686
0.0899686
0.0899686
0.0899686
0.0899686
0.0899686
0.0899686
0.0899686
0.0947617
0.0947617
0.0947617
0.0947617
0.0947617
0.0947617
0.0947617
0.0947617
0.0947617
0.0947617
0.0994807
0.0994807
0.0994807
0.0994807
0.0994807
0.0994807
0.0994807
0.0994807
0.0994807
0.0994807
0.104117
0.104117
0.104117
0.104117
0.104117
0.104117
0.104117
0.104117
0.104117
0.104117
0.108661
0.108661
0.108661
0.108661
0.108661
0.108661
0.108661
0.108661
0.108661
0.108661
0.113101
0.113101
0.113101
0.113101
0.113101
0.113101
0.113101
0.113101
0.113101
0.113101
0.117428
0.117428
0.117428
0.117428
0.117428
0.117428
0.117428
0.117428
0.117428
0.117428
0.121629
0.121629
0.121629
0.121629
0.121629
0.121629
0.121629
0.121629
0.121629
0.121629
0.125692
0.125692
0.125692
0.125692
0.125692
0.125692
0.125692
0.125692
0.125692
0.125692
0.129605
0.129605
0.129605
0.129605
0.129605
0.129605
0.129605
0.129605
0.129605
0.129605
0.133355
0.133355
0.133355
0.133355
0.133355
0.133355
0.133355
0.133355
0.133355
0.133355
0.136929
0.136929
0.136929
0.136929
0.136929
0.136929
0.136929
0.136929
0.136929
0.136929
0.140317
0.140317
0.140317
0.140317
0.140317
0.140317
0.140317
0.140317
0.140317
0.140317
0.143508
0.143508
0.143508
0.143508
0.143508
0.143508
0.143508
0.143508
0.143508
0.143508
0.146495
0.146495
0.146495
0.146495
0.146495
0.146495
0.146495
0.146495
0.146495
0.146495
0.149273
0.149273
0.149273
0.149273
0.149273
0.149273
0.149273
0.149273
0.149273
0.149273
0.151842
0.151842
0.151842
0.151842
0.151842
0.151842
0.151842
0.151842
0.151842
0.151842
0.15421
0.15421
0.154209
0.154209
0.154209
0.154209
0.154209
0.154209
0.154209
0.154209
0.156389
0.156389
0.156389
0.156389
0.156389
0.156389
0.156389
0.156389
0.156389
0.156389
0.158408
0.158408
0.158408
0.158408
0.158408
0.158408
0.158408
0.158408
0.158408
0.158408
0.160307
0.160307
0.160307
0.160307
0.160307
0.160307
0.160307
0.160307
0.160307
0.160307
0.162143
0.162143
0.162143
0.162143
0.162143
0.162143
0.162143
0.162143
0.162143
0.162143
0.163997
0.163997
0.163996
0.163996
0.163996
0.163996
0.163996
0.163996
0.163996
0.163996
0.165968
0.165968
0.165968
0.165968
0.165968
0.165968
0.165968
0.165968
0.165968
0.165968
0.168181
0.168181
0.168181
0.168181
0.168181
0.168181
0.168181
0.168181
0.168181
0.168181
0.170772
0.170772
0.170772
0.170772
0.170772
0.170772
0.170772
0.170772
0.170772
0.170772
0.173872
0.173872
0.173872
0.173872
0.173872
0.173872
0.173872
0.173872
0.173872
0.173872
0.177566
0.177566
0.177566
0.177566
0.177566
0.177566
0.177566
0.177566
0.177566
0.177566
0.181837
0.181837
0.181837
0.181837
0.181837
0.181837
0.181837
0.181837
0.181837
0.181836
0.186486
0.186486
0.186486
0.186486
0.186486
0.186486
0.186486
0.186486
0.186486
0.186486
0.191073
0.191073
0.191073
0.191073
0.191073
0.191073
0.191073
0.191073
0.191073
0.191073
0.194909
0.194909
0.194908
0.194908
0.194908
0.194908
0.194908
0.194908
0.194908
0.194908
0.197173
0.197173
0.197173
0.197173
0.197173
0.197173
0.197173
0.197173
0.197173
0.197173
0.00303746
0.00303746
0.00303746
0.00303746
0.00303746
0.00303746
0.00303746
0.00303746
0.00303746
0.00303746
0.00811684
0.00811684
0.00811684
0.00811684
0.00811684
0.00811685
0.00811686
0.00811686
0.00811687
0.00811688
0.0131135
0.0131135
0.0131135
0.0131135
0.0131135
0.0131135
0.0131135
0.0131135
0.0131135
0.0131135
0.0183076
0.0183076
0.0183076
0.0183076
0.0183076
0.0183076
0.0183076
0.0183076
0.0183076
0.0183076
0.0235657
0.0235657
0.0235657
0.0235658
0.0235658
0.0235658
0.0235658
0.0235658
0.0235658
0.0235658
0.0288363
0.0288363
0.0288363
0.0288364
0.0288364
0.0288364
0.0288364
0.0288364
0.0288364
0.0288364
0.0340979
0.0340979
0.0340979
0.0340979
0.0340979
0.0340979
0.0340979
0.0340979
0.0340979
0.0340979
0.0393407
0.0393407
0.0393407
0.0393407
0.0393407
0.0393407
0.0393407
0.0393407
0.0393407
0.0393407
0.0445598
0.0445598
0.0445598
0.0445598
0.0445598
0.0445598
0.0445598
0.0445598
0.0445598
0.0445598
0.0497522
0.0497522
0.0497522
0.0497522
0.0497522
0.0497522
0.0497522
0.0497522
0.0497522
0.0497522
0.0549155
0.0549155
0.0549155
0.0549155
0.0549155
0.0549155
0.0549155
0.0549156
0.0549156
0.0549156
0.0600473
0.0600473
0.0600473
0.0600473
0.0600473
0.0600473
0.0600473
0.0600473
0.0600473
0.0600473
0.0651445
0.0651445
0.0651445
0.0651445
0.0651445
0.0651445
0.0651445
0.0651445
0.0651445
0.0651446
0.0702038
0.0702038
0.0702038
0.0702038
0.0702038
0.0702038
0.0702038
0.0702039
0.0702039
0.0702039
0.0752211
0.0752211
0.0752211
0.0752211
0.0752211
0.0752211
0.0752211
0.0752211
0.0752211
0.0752212
0.0801915
0.0801915
0.0801915
0.0801915
0.0801915
0.0801915
0.0801915
0.0801915
0.0801916
0.0801916
0.0851095
0.0851095
0.0851095
0.0851095
0.0851095
0.0851095
0.0851095
0.0851095
0.0851095
0.0851095
0.0899686
0.0899686
0.0899686
0.0899686
0.0899686
0.0899686
0.0899686
0.0899686
0.0899686
0.0899686
0.0947617
0.0947617
0.0947617
0.0947617
0.0947617
0.0947617
0.0947617
0.0947617
0.0947617
0.0947617
0.0994807
0.0994807
0.0994807
0.0994807
0.0994807
0.0994807
0.0994807
0.0994807
0.0994807
0.0994807
0.104117
0.104117
0.104117
0.104117
0.104117
0.104117
0.104117
0.104117
0.104117
0.104117
0.108661
0.108661
0.108661
0.108661
0.108661
0.108661
0.108661
0.108661
0.108661
0.108661
0.113101
0.113101
0.113101
0.113101
0.113101
0.113101
0.113101
0.113101
0.113101
0.113101
0.117428
0.117428
0.117428
0.117428
0.117428
0.117428
0.117428
0.117428
0.117428
0.117428
0.121629
0.121629
0.121629
0.121629
0.121629
0.121629
0.121629
0.121629
0.121629
0.121629
0.125692
0.125692
0.125692
0.125692
0.125692
0.125692
0.125692
0.125692
0.125692
0.125692
0.129605
0.129605
0.129605
0.129605
0.129605
0.129605
0.129605
0.129605
0.129605
0.129605
0.133355
0.133355
0.133355
0.133355
0.133355
0.133355
0.133355
0.133355
0.133355
0.133355
0.136929
0.136929
0.136929
0.136929
0.136929
0.136929
0.136929
0.136929
0.136929
0.136929
0.140317
0.140317
0.140317
0.140317
0.140317
0.140317
0.140317
0.140317
0.140317
0.140317
0.143508
0.143508
0.143508
0.143508
0.143508
0.143508
0.143508
0.143508
0.143508
0.143508
0.146495
0.146495
0.146495
0.146495
0.146495
0.146495
0.146495
0.146495
0.146495
0.146495
0.149273
0.149273
0.149273
0.149273
0.149273
0.149273
0.149273
0.149273
0.149273
0.149273
0.151843
0.151842
0.151842
0.151842
0.151842
0.151842
0.151842
0.151842
0.151842
0.151842
0.15421
0.15421
0.15421
0.154209
0.154209
0.154209
0.154209
0.154209
0.154209
0.154209
0.156389
0.156389
0.156389
0.156389
0.156389
0.156389
0.156389
0.156389
0.156389
0.156389
0.158408
0.158408
0.158408
0.158408
0.158408
0.158408
0.158408
0.158408
0.158408
0.158408
0.160307
0.160307
0.160307
0.160307
0.160307
0.160307
0.160307
0.160307
0.160307
0.160307
0.162144
0.162144
0.162143
0.162143
0.162143
0.162143
0.162143
0.162143
0.162143
0.162143
0.163997
0.163997
0.163997
0.163996
0.163996
0.163996
0.163996
0.163996
0.163996
0.163996
0.165968
0.165968
0.165968
0.165968
0.165968
0.165968
0.165968
0.165968
0.165968
0.165968
0.168181
0.168181
0.168181
0.168181
0.168181
0.168181
0.168181
0.168181
0.168181
0.168181
0.170772
0.170772
0.170772
0.170772
0.170772
0.170772
0.170772
0.170772
0.170772
0.170772
0.173872
0.173872
0.173872
0.173872
0.173872
0.173872
0.173872
0.173872
0.173872
0.173872
0.177566
0.177566
0.177566
0.177566
0.177566
0.177566
0.177566
0.177566
0.177566
0.177566
0.181837
0.181837
0.181837
0.181837
0.181837
0.181837
0.181837
0.181837
0.181837
0.181836
0.186486
0.186486
0.186486
0.186486
0.186486
0.186486
0.186486
0.186486
0.186486
0.186486
0.191073
0.191073
0.191073
0.191073
0.191073
0.191073
0.191073
0.191073
0.191073
0.191073
0.194909
0.194908
0.194908
0.194908
0.194908
0.194908
0.194908
0.194908
0.194908
0.194908
0.197173
0.197173
0.197173
0.197173
0.197173
0.197173
0.197173
0.197173
0.197173
0.197173
0.00303746
0.00303746
0.00303746
0.00303746
0.00303746
0.00303746
0.00303746
0.00303746
0.00303746
0.00303746
0.00811684
0.00811684
0.00811684
0.00811684
0.00811685
0.00811685
0.00811686
0.00811686
0.00811687
0.00811688
0.0131135
0.0131135
0.0131135
0.0131135
0.0131135
0.0131135
0.0131135
0.0131135
0.0131135
0.0131135
0.0183076
0.0183076
0.0183076
0.0183076
0.0183076
0.0183076
0.0183076
0.0183076
0.0183076
0.0183077
0.0235657
0.0235657
0.0235657
0.0235658
0.0235658
0.0235658
0.0235658
0.0235658
0.0235658
0.0235658
0.0288363
0.0288363
0.0288363
0.0288364
0.0288364
0.0288364
0.0288364
0.0288364
0.0288364
0.0288364
0.0340979
0.0340979
0.0340979
0.0340979
0.0340979
0.0340979
0.0340979
0.0340979
0.0340979
0.0340979
0.0393406
0.0393407
0.0393407
0.0393407
0.0393407
0.0393407
0.0393407
0.0393407
0.0393407
0.0393407
0.0445597
0.0445598
0.0445598
0.0445598
0.0445598
0.0445598
0.0445598
0.0445598
0.0445598
0.0445598
0.0497522
0.0497522
0.0497522
0.0497522
0.0497522
0.0497522
0.0497522
0.0497522
0.0497522
0.0497522
0.0549155
0.0549155
0.0549155
0.0549155
0.0549155
0.0549155
0.0549155
0.0549156
0.0549156
0.0549156
0.0600472
0.0600473
0.0600473
0.0600473
0.0600473
0.0600473
0.0600473
0.0600473
0.0600473
0.0600473
0.0651445
0.0651445
0.0651445
0.0651445
0.0651445
0.0651445
0.0651445
0.0651445
0.0651445
0.0651446
0.0702038
0.0702038
0.0702038
0.0702038
0.0702038
0.0702038
0.0702039
0.0702039
0.0702039
0.0702039
0.0752211
0.0752211
0.0752211
0.0752211
0.0752211
0.0752211
0.0752211
0.0752211
0.0752211
0.0752212
0.0801915
0.0801915
0.0801915
0.0801915
0.0801915
0.0801915
0.0801915
0.0801915
0.0801916
0.0801916
0.0851095
0.0851095
0.0851095
0.0851095
0.0851095
0.0851095
0.0851095
0.0851095
0.0851095
0.0851095
0.0899686
0.0899686
0.0899686
0.0899686
0.0899686
0.0899686
0.0899686
0.0899686
0.0899686
0.0899686
0.0947617
0.0947617
0.0947617
0.0947617
0.0947617
0.0947617
0.0947617
0.0947617
0.0947617
0.0947617
0.0994807
0.0994807
0.0994807
0.0994807
0.0994807
0.0994807
0.0994807
0.0994807
0.0994807
0.0994807
0.104117
0.104117
0.104117
0.104117
0.104117
0.104117
0.104117
0.104117
0.104117
0.104117
0.108661
0.108661
0.108661
0.108661
0.108661
0.108661
0.108661
0.108661
0.108661
0.108661
0.113101
0.113101
0.113101
0.113101
0.113101
0.113101
0.113101
0.113101
0.113101
0.113101
0.117428
0.117428
0.117428
0.117428
0.117428
0.117428
0.117428
0.117428
0.117428
0.117428
0.121629
0.121629
0.121629
0.121629
0.121629
0.121629
0.121629
0.121629
0.121629
0.121629
0.125692
0.125692
0.125692
0.125692
0.125692
0.125692
0.125692
0.125692
0.125692
0.125692
0.129605
0.129605
0.129605
0.129605
0.129605
0.129605
0.129605
0.129605
0.129605
0.129605
0.133355
0.133355
0.133355
0.133355
0.133355
0.133355
0.133355
0.133355
0.133355
0.133355
0.136929
0.136929
0.136929
0.136929
0.136929
0.136929
0.136929
0.136929
0.136929
0.136929
0.140317
0.140317
0.140317
0.140317
0.140317
0.140317
0.140317
0.140317
0.140317
0.140317
0.143508
0.143508
0.143508
0.143508
0.143508
0.143508
0.143508
0.143508
0.143508
0.143508
0.146495
0.146495
0.146495
0.146495
0.146495
0.146495
0.146495
0.146495
0.146495
0.146495
0.149273
0.149273
0.149273
0.149273
0.149273
0.149273
0.149273
0.149273
0.149273
0.149273
0.151843
0.151843
0.151842
0.151842
0.151842
0.151842
0.151842
0.151842
0.151842
0.151842
0.15421
0.15421
0.15421
0.15421
0.154209
0.154209
0.154209
0.154209
0.154209
0.154209
0.156389
0.156389
0.156389
0.156389
0.156389
0.156389
0.156389
0.156389
0.156389
0.156389
0.158409
0.158409
0.158408
0.158408
0.158408
0.158408
0.158408
0.158408
0.158408
0.158408
0.160307
0.160307
0.160307
0.160307
0.160307
0.160307
0.160307
0.160307
0.160307
0.160307
0.162144
0.162144
0.162143
0.162143
0.162143
0.162143
0.162143
0.162143
0.162143
0.162143
0.163997
0.163997
0.163997
0.163997
0.163996
0.163996
0.163996
0.163996
0.163996
0.163996
0.165968
0.165968
0.165968
0.165968
0.165968
0.165968
0.165968
0.165968
0.165968
0.165968
0.168181
0.168181
0.168181
0.168181
0.168181
0.168181
0.168181
0.168181
0.168181
0.168181
0.170772
0.170772
0.170772
0.170772
0.170772
0.170772
0.170772
0.170772
0.170772
0.170772
0.173872
0.173872
0.173872
0.173872
0.173872
0.173872
0.173872
0.173872
0.173872
0.173872
0.177566
0.177566
0.177566
0.177566
0.177566
0.177566
0.177566
0.177566
0.177566
0.177566
0.181837
0.181837
0.181837
0.181837
0.181837
0.181837
0.181837
0.181837
0.181837
0.181836
0.186486
0.186486
0.186486
0.186486
0.186486
0.186486
0.186486
0.186486
0.186486
0.186486
0.191073
0.191073
0.191073
0.191073
0.191073
0.191073
0.191073
0.191073
0.191073
0.191073
0.194908
0.194908
0.194908
0.194908
0.194908
0.194908
0.194908
0.194908
0.194908
0.194908
0.197173
0.197173
0.197173
0.197173
0.197173
0.197173
0.197173
0.197173
0.197173
0.197173
)
;

boundaryField
{
    inlet
    {
        type            zeroGradient;
    }
    outlet
    {
        type            zeroGradient;
    }
    sideLeft
    {
        type            zeroGradient;
    }
    sideRight
    {
        type            zeroGradient;
    }
    top
    {
        type            symmetryPlane;
        value           nonuniform List<scalar> 
100
(
0.197173
0.197173
0.197173
0.197173
0.197173
0.197173
0.197173
0.197173
0.197173
0.197173
0.197173
0.197173
0.197173
0.197173
0.197173
0.197173
0.197173
0.197173
0.197173
0.197173
0.197173
0.197173
0.197173
0.197173
0.197173
0.197173
0.197173
0.197173
0.197173
0.197173
0.197173
0.197173
0.197173
0.197173
0.197173
0.197173
0.197173
0.197173
0.197173
0.197173
0.197173
0.197173
0.197173
0.197173
0.197173
0.197173
0.197173
0.197173
0.197173
0.197173
0.197173
0.197173
0.197173
0.197173
0.197173
0.197173
0.197173
0.197173
0.197173
0.197173
0.197173
0.197173
0.197173
0.197173
0.197173
0.197173
0.197173
0.197173
0.197173
0.197173
0.197173
0.197173
0.197173
0.197173
0.197173
0.197173
0.197173
0.197173
0.197173
0.197173
0.197173
0.197173
0.197173
0.197173
0.197173
0.197173
0.197173
0.197173
0.197173
0.197173
0.197173
0.197173
0.197173
0.197173
0.197173
0.197173
0.197173
0.197173
0.197173
0.197173
)
;
    }
    bottomRoughWall
    {
        type            nutRoughWallFunction;
        Cmu             0.03;
        kappa           0.41;
        E               9.8;
        Cs              uniform 0.5;
        Ks              uniform 0.0044;
        value           nonuniform List<scalar> 
100
(
0.00078384
0.000783839
0.000783839
0.000783838
0.000783838
0.000783838
0.000783838
0.000783837
0.000783837
0.000783837
0.00078384
0.000783839
0.000783839
0.000783838
0.000783838
0.000783838
0.000783838
0.000783837
0.000783837
0.000783837
0.00078384
0.000783839
0.000783839
0.000783838
0.000783838
0.000783838
0.000783838
0.000783837
0.000783837
0.000783837
0.00078384
0.000783839
0.000783839
0.000783838
0.000783838
0.000783838
0.000783837
0.000783837
0.000783837
0.000783837
0.00078384
0.000783839
0.000783839
0.000783838
0.000783838
0.000783837
0.000783837
0.000783837
0.000783837
0.000783837
0.00078384
0.000783839
0.000783839
0.000783838
0.000783838
0.000783837
0.000783837
0.000783837
0.000783837
0.000783837
0.000783839
0.000783839
0.000783838
0.000783838
0.000783838
0.000783837
0.000783837
0.000783837
0.000783837
0.000783837
0.000783839
0.000783839
0.000783838
0.000783838
0.000783838
0.000783837
0.000783837
0.000783837
0.000783837
0.000783837
0.000783839
0.000783839
0.000783838
0.000783838
0.000783838
0.000783837
0.000783837
0.000783837
0.000783837
0.000783837
0.000783839
0.000783839
0.000783838
0.000783838
0.000783838
0.000783838
0.000783838
0.000783838
0.000783838
0.000783838
)
;
    }
}


// ************************************************************************* //
