/*--------------------------------*- C++ -*----------------------------------*\
| =========                 |                                                 |
| \\      /  F ield         | foam-extend: Open Source CFD                    |
|  \\    /   O peration     | Version:     3.2                                |
|   \\  /    A nd           | Web:         http://www.foam-extend.org         |
|    \\/     M anipulation  | For copyright notice see file Copyright         |
\*---------------------------------------------------------------------------*/
FoamFile
{
    version     2.0;
    format      ascii;
    class       volScalarField;
    location    "1500000";
    object      p;
}
// * * * * * * * * * * * * * * * * * * * * * * * * * * * * * * * * * * * * * //

dimensions      [0 2 -2 0 0 0 0];

internalField   nonuniform List<scalar> 
5000
(
6.71595e-11
0.000105302
0.000165814
0.000262095
0.000328726
0.000423624
0.000488654
0.00058487
0.000638618
0.000750395
2.85683e-07
0.000105416
0.000166115
0.000262469
0.000329138
0.000424028
0.00048906
0.000585341
0.000638919
0.000751012
3.73381e-07
0.000105162
0.000166102
0.000262722
0.000329434
0.000424499
0.00048954
0.000586061
0.00063956
0.000752294
6.22619e-07
0.000104852
0.000166111
0.000263
0.000329789
0.000425028
0.0004901
0.000586927
0.000640393
0.000754089
7.55098e-07
0.000104339
0.000165955
0.000263192
0.000330098
0.000425619
0.000490754
0.000588007
0.000641534
0.000756435
9.54262e-07
0.000103773
0.000165789
0.000263376
0.000330445
0.000426282
0.00049151
0.000589268
0.000642918
0.000759228
1.07954e-06
0.000103085
0.000165539
0.000263505
0.000330785
0.000427006
0.000492371
0.000590726
0.000644579
0.000762452
1.21421e-06
0.000102344
0.000165271
0.000263617
0.000331154
0.000427802
0.000493343
0.000592373
0.00064649
0.000766048
1.29272e-06
0.000101521
0.00016496
0.000263695
0.000331537
0.000428664
0.000494427
0.000594207
0.000648651
0.000769986
1.34714e-06
0.000100647
0.000164631
0.000263753
0.000331949
0.000429596
0.000495625
0.000596222
0.000651046
0.000774224
1.3458e-06
9.97077e-05
0.000164276
0.000263787
0.000332383
0.00043059
0.000496934
0.000598407
0.000653662
0.000778732
1.29807e-06
9.87154e-05
0.000163904
0.0002638
0.000332844
0.000431647
0.00049835
0.000600753
0.000656483
0.000783472
1.18725e-06
9.76636e-05
0.000163511
0.000263791
0.000333329
0.000432758
0.000499868
0.000603244
0.00065949
0.000788415
1.01353e-06
9.65549e-05
0.000163098
0.000263759
0.000333838
0.000433919
0.000501482
0.000605866
0.000662665
0.000793526
7.6686e-07
9.53845e-05
0.000162662
0.000263702
0.000334365
0.000435121
0.000503181
0.0006086
0.000665986
0.000798777
4.44322e-07
9.41502e-05
0.000162198
0.000263616
0.000334907
0.000436354
0.000504955
0.000611428
0.000669433
0.000804133
3.91507e-08
9.28465e-05
0.0001617
0.000263494
0.000335456
0.000437609
0.000506792
0.00061433
0.00067298
0.000809566
-4.51993e-07
9.14678e-05
0.000161162
0.000263331
0.000336003
0.00043887
0.000508677
0.000617283
0.000676605
0.000815041
-1.03374e-06
9.00062e-05
0.000160573
0.000263117
0.00033654
0.000440125
0.000510595
0.000620265
0.000680281
0.000820527
-1.70883e-06
8.84512e-05
0.000159919
0.000262837
0.000337048
0.000441354
0.000512523
0.000623247
0.000683978
0.000825989
-2.47989e-06
8.67898e-05
0.000159186
0.000262479
0.000337515
0.000442539
0.000514443
0.000626204
0.000687667
0.00083139
-3.34844e-06
8.49971e-05
0.000158337
0.000262003
0.000337895
0.000443633
0.000516306
0.000629083
0.000691297
0.000836678
-4.3127e-06
8.31018e-05
0.000157406
0.000261445
0.000338221
0.000444666
0.000518135
0.000631903
0.00069488
0.000841861
-5.37144e-06
8.11042e-05
0.000156383
0.000260792
0.000338477
0.000445616
0.000519906
0.000634637
0.000698388
0.000846911
-6.51934e-06
7.90195e-05
0.000155284
0.000260062
0.000338673
0.00044649
0.000521621
0.00063728
0.000701812
0.00085182
-7.7544e-06
7.68519e-05
0.000154105
0.000259245
0.000338794
0.000447275
0.000523261
0.000639815
0.000705135
0.000856566
-9.07214e-06
7.46084e-05
0.000152848
0.000258349
0.000338845
0.000447971
0.000524823
0.000642233
0.000708344
0.000861138
-1.04654e-05
7.22989e-05
0.000151521
0.000257376
0.000338823
0.000448573
0.000526297
0.000644525
0.000711426
0.000865524
-1.19242e-05
6.99352e-05
0.000150131
0.000256336
0.000338731
0.000449083
0.000527679
0.000646685
0.000714374
0.000869714
-1.34427e-05
6.7525e-05
0.000148681
0.000255229
0.000338564
0.000449496
0.00052896
0.000648702
0.000717174
0.000873697
-1.50072e-05
6.50827e-05
0.000147181
0.000254064
0.000338328
0.000449814
0.000530139
0.000650576
0.000719821
0.000877467
-1.66058e-05
6.26209e-05
0.000145641
0.000252851
0.000338026
0.000450041
0.000531213
0.000652304
0.000722312
0.000881019
-1.82325e-05
6.01472e-05
0.000144062
0.000251589
0.000337656
0.000450174
0.000532177
0.00065388
0.000724636
0.000884344
-1.98735e-05
5.7676e-05
0.000142457
0.000250289
0.000337222
0.000450216
0.00053303
0.000655304
0.000726792
0.000887439
-2.15115e-05
5.52252e-05
0.00014084
0.000248965
0.000336735
0.000450178
0.000533779
0.000656583
0.000728784
0.000890311
-2.31366e-05
5.28061e-05
0.00013922
0.000247625
0.0003362
0.000450065
0.000534427
0.000657724
0.000730614
0.000892961
-2.47351e-05
5.0432e-05
0.000137609
0.000246277
0.000335624
0.000449884
0.000534977
0.000658729
0.000732285
0.000895395
-2.62991e-05
4.8113e-05
0.000136016
0.000244931
0.000335016
0.000449643
0.000535435
0.000659608
0.000733803
0.000897623
-2.78078e-05
4.5869e-05
0.000134461
0.000243604
0.000334389
0.000449356
0.000535815
0.000660376
0.00073518
0.000899661
-2.92572e-05
4.37061e-05
0.000132953
0.000242301
0.000333751
0.000449031
0.000536123
0.000661043
0.000736426
0.000901524
-3.06281e-05
4.16423e-05
0.000131509
0.00024104
0.000333118
0.000448683
0.000536372
0.000661626
0.000737556
0.000903234
-3.1919e-05
3.96807e-05
0.000130138
0.000239824
0.000332497
0.000448319
0.000536569
0.000662134
0.000738576
0.000904805
-3.31135e-05
3.78373e-05
0.000128857
0.000238671
0.000331904
0.000447955
0.00053673
0.000662586
0.000739504
0.00090626
-3.42121e-05
3.6113e-05
0.00012767
0.000237579
0.000331338
0.000447586
0.000536848
0.000662974
0.000740332
0.000907593
-3.52023e-05
3.45249e-05
0.000126594
0.000236568
0.000330817
0.000447234
0.000536944
0.000663321
0.000741083
0.000908829
-3.60815e-05
3.30782e-05
0.000125628
0.00023563
0.000330331
0.000446874
0.000536991
0.000663581
0.000741705
0.000909892
-3.68373e-05
3.18078e-05
0.000124798
0.000234807
0.00032991
0.000446553
0.000537026
0.000663806
0.00074225
0.000910837
-3.74537e-05
3.07347e-05
0.000124106
0.000234085
0.000329535
0.000446214
0.000536995
0.000663864
0.00074259
0.000911412
-3.79015e-05
2.99473e-05
0.000123607
0.000233568
0.000329269
0.000445985
0.000536983
0.000663941
0.000742872
0.000911887
-3.81447e-05
2.94682e-05
0.000123313
0.000233221
0.000329108
0.000445748
0.000536939
0.00066372
0.000742917
0.000911428
-1.35875e-05
9.38662e-05
0.000154411
0.000251395
0.000318415
0.000414343
0.000479942
0.000577572
0.000631619
0.000745081
-1.32515e-05
9.40255e-05
0.000154736
0.000251793
0.000318849
0.000414771
0.000480371
0.000578065
0.000631972
0.00074576
-1.32154e-05
9.37257e-05
0.000154648
0.000251974
0.000319063
0.000415161
0.000480764
0.000578691
0.000632552
0.00074698
-1.302e-05
9.33685e-05
0.000154575
0.000252177
0.000319331
0.000415605
0.000481235
0.000579463
0.000633322
0.000748711
-1.30071e-05
9.27511e-05
0.000154284
0.000252247
0.000319505
0.000416064
0.000481751
0.000580399
0.00063435
0.00075094
-1.29464e-05
9.20671e-05
0.000153971
0.0002523
0.000319708
0.000416589
0.000482366
0.000581512
0.000635616
0.000753609
-1.30008e-05
9.12242e-05
0.000153545
0.000252275
0.000319884
0.000417158
0.000483069
0.000582806
0.000637142
0.000756692
-1.30666e-05
9.03103e-05
0.000153091
0.000252227
0.000320087
0.000417799
0.000483887
0.000584292
0.00063892
0.000760148
-1.32148e-05
8.92892e-05
0.000152581
0.000252135
0.000320301
0.000418505
0.000484818
0.000585968
0.00064095
0.000763948
-1.34035e-05
8.81996e-05
0.000152051
0.000252024
0.000320549
0.000419288
0.000485875
0.000587836
0.000643226
0.00076806
-1.36626e-05
8.70291e-05
0.000151492
0.000251889
0.000320828
0.000420144
0.000487055
0.000589889
0.000645736
0.000772453
-1.39767e-05
8.57944e-05
0.00015092
0.000251741
0.000321148
0.000421076
0.000488362
0.00059212
0.00064847
0.000777098
-1.43587e-05
8.44916e-05
0.000150333
0.000251579
0.000321508
0.00042208
0.00048979
0.000594519
0.000651411
0.000781966
-1.48033e-05
8.31277e-05
0.000149735
0.000251406
0.000321909
0.000423152
0.000491337
0.000597072
0.000654543
0.000787026
-1.53165e-05
8.17011e-05
0.000149125
0.000251222
0.000322349
0.000424287
0.000492993
0.000599763
0.000657846
0.000792248
-1.58967e-05
8.02141e-05
0.000148503
0.000251024
0.000322824
0.000425475
0.000494748
0.000602572
0.000661297
0.000797601
-1.6547e-05
7.8665e-05
0.000147862
0.000250809
0.000323327
0.000426704
0.000496588
0.000605478
0.000664874
0.000803053
-1.72667e-05
7.70532e-05
0.000147198
0.000250568
0.000323848
0.000427961
0.000498496
0.000608457
0.000668546
0.000808569
-1.80579e-05
7.53756e-05
0.000146501
0.000250293
0.000324375
0.000429227
0.000500454
0.000611482
0.000672286
0.000814113
-1.8919e-05
7.36278e-05
0.000145754
0.000249965
0.000324882
0.000430476
0.000502427
0.000614517
0.000676051
0.000819641
-1.98521e-05
7.18081e-05
0.000144948
0.000249573
0.000325356
0.000431689
0.000504398
0.000617536
0.000679814
0.000825123
-2.08462e-05
6.98999e-05
0.000144035
0.000249062
0.000325731
0.000432799
0.000506288
0.000620462
0.000683487
0.000830484
-2.1912e-05
6.79206e-05
0.000143055
0.00024848
0.000326056
0.000433851
0.000508144
0.000623331
0.00068711
0.000835745
-2.30377e-05
6.58771e-05
0.000142006
0.00024782
0.000326317
0.000434825
0.000509941
0.000626116
0.000690653
0.000840878
-2.42257e-05
6.37757e-05
0.000140899
0.000247097
0.000326529
0.000435738
0.00051169
0.000628825
0.000694122
0.000845883
-2.54622e-05
6.16301e-05
0.000139744
0.00024632
0.000326693
0.000436585
0.000513383
0.000631445
0.000697504
0.00085075
-2.67452e-05
5.94469e-05
0.000138546
0.000245495
0.00032681
0.000437366
0.000515017
0.000633971
0.000700791
0.000855469
-2.80682e-05
5.72331e-05
0.00013731
0.000244623
0.00032688
0.000438079
0.000516584
0.000636392
0.00070397
0.000860025
-2.94241e-05
5.49971e-05
0.000136039
0.000243711
0.000326903
0.000438723
0.000518079
0.000638704
0.000707034
0.000864411
-3.08097e-05
5.27425e-05
0.000134735
0.000242758
0.000326874
0.000439291
0.000519492
0.000640893
0.000709969
0.00086861
-3.22159e-05
5.04793e-05
0.000133403
0.000241767
0.000326794
0.000439783
0.000520818
0.000642955
0.000712766
0.000872614
-3.36323e-05
4.82156e-05
0.000132047
0.000240744
0.000326663
0.000440198
0.000522053
0.000644886
0.000715418
0.000876415
-3.50616e-05
4.59539e-05
0.000130668
0.000239683
0.000326472
0.000440528
0.000523185
0.000646672
0.000717911
0.000879997
-3.64924e-05
4.37047e-05
0.000129271
0.000238595
0.000326226
0.000440774
0.000524211
0.000648311
0.000720237
0.000883354
-3.7903e-05
4.14897e-05
0.000127876
0.000237492
0.000325937
0.000440948
0.00052514
0.000649812
0.000722405
0.000886493
-3.92904e-05
3.93142e-05
0.000126486
0.000236381
0.000325606
0.000441052
0.000525971
0.000651176
0.000724413
0.000889413
-4.06453e-05
3.71864e-05
0.000125108
0.000235262
0.000325234
0.000441086
0.000526702
0.000652402
0.000726257
0.000892113
-4.19653e-05
3.51122e-05
0.000123747
0.000234143
0.000324826
0.000441056
0.000527338
0.000653497
0.000727943
0.000894602
-4.32257e-05
3.3114e-05
0.000122424
0.000233042
0.000324399
0.000440977
0.000527892
0.000654477
0.000729484
0.000896897
-4.44353e-05
3.1188e-05
0.00012114
0.000231957
0.000323953
0.000440853
0.000528366
0.000655349
0.000730886
0.000899012
-4.55729e-05
2.93522e-05
0.000119912
0.000230903
0.000323502
0.000440695
0.00052877
0.000656125
0.00073216
0.000900962
-4.66503e-05
2.75997e-05
0.000118738
0.000229878
0.000323045
0.000440504
0.000529107
0.000656812
0.00073331
0.000902761
-4.76505e-05
2.59456e-05
0.000117636
0.000228896
0.000322598
0.000440294
0.000529387
0.000657423
0.000734347
0.000904427
-4.85861e-05
2.43812e-05
0.0001166
0.000227948
0.000322152
0.000440055
0.000529601
0.000657948
0.00073526
0.00090595
-4.94467e-05
2.29221e-05
0.000115646
0.000227052
0.000321725
0.000439805
0.000529764
0.000658405
0.000736067
0.000907351
-5.0229e-05
2.1573e-05
0.000114772
0.000226201
0.000321303
0.000439519
0.000529851
0.000658748
0.000736718
0.000908556
-5.09231e-05
2.03698e-05
0.000114006
0.000225436
0.000320921
0.000439247
0.000529904
0.000659032
0.000737271
0.000909619
-5.14918e-05
1.93481e-05
0.000113364
0.000224758
0.000320572
0.000438943
0.000529878
0.000659134
0.000737607
0.000910296
-5.19189e-05
1.8588e-05
0.000112891
0.000224263
0.000320314
0.00043873
0.000529859
0.000659237
0.000737875
0.000910848
-5.21365e-05
1.81501e-05
0.000112643
0.000223957
0.000320183
0.000438528
0.000529832
0.00065906
0.000737931
0.000910503
-1.96416e-05
9.12175e-05
0.000152517
0.000251076
0.000318805
0.000415708
0.000481879
0.000580319
0.000634582
0.000748998
-1.93544e-05
9.13808e-05
0.000152828
0.000251446
0.000319207
0.000416098
0.000482262
0.000580769
0.000634896
0.000749628
-1.93356e-05
9.11177e-05
0.000152769
0.00025165
0.000319445
0.000416503
0.00048266
0.000581392
0.000635475
0.000750825
-1.91943e-05
9.07685e-05
0.000152702
0.000251847
0.000319703
0.00041693
0.000483106
0.000582136
0.000636222
0.000752509
-1.92032e-05
9.01678e-05
0.00015243
0.000251927
0.000319885
0.00041739
0.000483615
0.000583056
0.000637236
0.000754695
-1.91667e-05
8.94826e-05
0.000152126
0.000251976
0.000320081
0.000417898
0.000484208
0.000584137
0.000638473
0.000757306
-1.92147e-05
8.86399e-05
0.000151713
0.00025195
0.000320251
0.000418454
0.000484893
0.000585399
0.000639968
0.000760331
-1.92586e-05
8.77174e-05
0.000151267
0.000251892
0.00032044
0.000419072
0.000485684
0.000586842
0.000641706
0.00076372
-1.93552e-05
8.6688e-05
0.000150764
0.000251787
0.000320636
0.00041975
0.000486585
0.000588469
0.000643692
0.000767448
-1.94683e-05
8.55871e-05
0.000150236
0.000251655
0.000320859
0.000420497
0.000487602
0.000590279
0.000645913
0.000771481
-1.96225e-05
8.44068e-05
0.000149677
0.000251494
0.000321106
0.00042131
0.000488736
0.000592268
0.000648361
0.000775789
-1.98045e-05
8.31636e-05
0.000149102
0.000251312
0.000321387
0.000422191
0.000489988
0.000594427
0.000651024
0.00078034
-2.00254e-05
8.18563e-05
0.00014851
0.000251111
0.000321701
0.000423138
0.000491354
0.000596746
0.000653886
0.000785107
-2.02813e-05
8.04929e-05
0.000147907
0.000250895
0.000322052
0.000424146
0.000492831
0.000599213
0.000656932
0.000790058
-2.05784e-05
7.90738e-05
0.000147293
0.000250665
0.000322437
0.000425212
0.000494412
0.000601812
0.000660141
0.000795165
-2.09161e-05
7.76033e-05
0.000146668
0.00025042
0.000322855
0.000426328
0.000496088
0.000604527
0.000663494
0.000800399
-2.12989e-05
7.60821e-05
0.000146032
0.000250161
0.000323303
0.000427487
0.000497849
0.00060734
0.00066697
0.000805731
-2.17266e-05
7.45143e-05
0.000145382
0.000249886
0.000323777
0.00042868
0.000499684
0.000610231
0.000670547
0.000811131
-2.22044e-05
7.28996e-05
0.000144715
0.000249591
0.000324268
0.000429894
0.000501578
0.00061318
0.000674201
0.00081657
-2.27294e-05
7.12486e-05
0.000144031
0.000249276
0.000324772
0.000431122
0.000503518
0.000616168
0.000677909
0.000822022
-2.3311e-05
6.95565e-05
0.000143318
0.000248929
0.000325274
0.000432345
0.000505484
0.000619169
0.000681646
0.000827459
-2.39304e-05
6.7864e-05
0.000142589
0.000248559
0.00032577
0.000433558
0.000507462
0.000622171
0.000685383
0.000832872
-2.46079e-05
6.61394e-05
0.000141833
0.000248159
0.000326258
0.000434755
0.000509447
0.000625158
0.000689114
0.000838228
-2.53301e-05
6.43944e-05
0.000141054
0.000247734
0.000326735
0.000435929
0.000511427
0.000628117
0.000692822
0.000843515
-2.61034e-05
6.26196e-05
0.000140248
0.000247279
0.000327196
0.000437073
0.000513393
0.000631033
0.000696492
0.000848711
-2.69171e-05
6.08223e-05
0.000139417
0.000246797
0.000327636
0.000438181
0.000515334
0.000633893
0.000700107
0.000853801
-2.77745e-05
5.8999e-05
0.000138555
0.000246283
0.000328047
0.000439242
0.000517235
0.000636678
0.000703648
0.000858763
-2.8669e-05
5.71541e-05
0.000137665
0.000245735
0.000328424
0.000440249
0.000519085
0.000639375
0.0007071
0.000863581
-2.95981e-05
5.529e-05
0.000136745
0.000245152
0.000328761
0.000441194
0.00052087
0.000641971
0.000710445
0.000868235
-3.05545e-05
5.34137e-05
0.000135798
0.000244536
0.000329054
0.000442073
0.000522584
0.000644454
0.000713671
0.000872714
-3.15358e-05
5.15263e-05
0.000134821
0.000243884
0.000329297
0.000442877
0.000524212
0.000646812
0.000716762
0.000876999
-3.2542e-05
4.96301e-05
0.000133812
0.00024319
0.00032948
0.000443596
0.000525741
0.000649031
0.0007197
0.000881073
-3.35571e-05
4.77377e-05
0.000132781
0.000242463
0.000329605
0.00044423
0.000527167
0.000651104
0.000722478
0.000884927
-3.45827e-05
4.585e-05
0.000131724
0.000241698
0.000329667
0.000444774
0.000528481
0.000653026
0.000725086
0.000888552
-3.55942e-05
4.399e-05
0.000130662
0.000240914
0.00032968
0.00044524
0.000529692
0.000654803
0.000727528
0.000891951
-3.65975e-05
4.21557e-05
0.000129591
0.000240106
0.000329637
0.000445623
0.000530792
0.00065643
0.000729798
0.000895119
-3.75771e-05
4.03603e-05
0.000128521
0.000239283
0.000329543
0.000445926
0.000531783
0.00065791
0.000731894
0.000898056
-3.85321e-05
3.86093e-05
0.00012746
0.000238449
0.000329405
0.000446156
0.00053267
0.000659252
0.000733826
0.000900776
-3.94373e-05
3.69245e-05
0.000126427
0.000237623
0.000329236
0.000446327
0.000533463
0.000660467
0.000735601
0.000903291
-4.03051e-05
3.52998e-05
0.00012542
0.000236802
0.000329038
0.000446443
0.000534168
0.000661566
0.000737231
0.000905618
-4.11078e-05
3.37585e-05
0.000124463
0.000236005
0.000328827
0.000446517
0.000534796
0.000662564
0.000738725
0.000907776
-4.1863e-05
3.22895e-05
0.00012355
0.000235227
0.000328603
0.000446553
0.000535351
0.000663467
0.000740091
0.000909777
-4.25472e-05
3.09135e-05
0.000122704
0.000234488
0.000328384
0.000446565
0.000535844
0.000664288
0.000741335
0.000911635
-4.31733e-05
2.96221e-05
0.00012192
0.000233781
0.000328165
0.000446548
0.000536269
0.000665021
0.000742454
0.000913348
-4.37299e-05
2.84327e-05
0.000121216
0.000233125
0.000327963
0.000446517
0.000536641
0.000665681
0.000743462
0.000914937
-4.42147e-05
2.73473e-05
0.000120587
0.000232508
0.000327761
0.000446444
0.000536931
0.000666223
0.000744312
0.000916328
-4.46287e-05
2.63956e-05
0.000120057
0.000231968
0.00032759
0.000446376
0.000537178
0.000666699
0.000745055
0.00091757
-4.49463e-05
2.55924e-05
0.000119615
0.000231481
0.00032742
0.000446247
0.00053732
0.000666969
0.000745558
0.000918406
-4.51789e-05
2.50022e-05
0.000119301
0.000231136
0.000327304
0.000446173
0.000537434
0.000667204
0.000745958
0.000919083
-4.53026e-05
2.46326e-05
0.000119111
0.000230887
0.000327226
0.000446025
0.000537458
0.000667082
0.000746068
0.000918793
-3.22394e-05
8.1433e-05
0.000143487
0.000243278
0.000311529
0.000409496
0.000476355
0.000575816
0.000630936
0.000746896
-3.19493e-05
8.16153e-05
0.000143825
0.000243662
0.000311953
0.000409911
0.00047676
0.00057629
0.000631289
0.000747549
-3.19226e-05
8.13513e-05
0.000143767
0.000243885
0.000312203
0.000410325
0.000477159
0.000576919
0.000631885
0.000748749
-3.17871e-05
8.09979e-05
0.000143704
0.000244085
0.000312469
0.000410761
0.000477609
0.000577672
0.000632645
0.00075043
-3.18021e-05
8.03815e-05
0.000143417
0.000244157
0.000312645
0.000411212
0.000478104
0.000578586
0.000633649
0.00075259
-3.17811e-05
7.96699e-05
0.000143089
0.000244184
0.000312823
0.0004117
0.000478673
0.000579652
0.000634865
0.000755166
-3.18496e-05
7.87898e-05
0.000142637
0.000244121
0.000312961
0.000412219
0.000479318
0.000580885
0.00063632
0.000758139
-3.19228e-05
7.78176e-05
0.000142141
0.000244012
0.000313105
0.000412787
0.000480059
0.000582287
0.000638005
0.000761467
-3.20557e-05
7.67276e-05
0.000141575
0.000243843
0.000313244
0.000413402
0.000480898
0.000583862
0.000639924
0.000765125
-3.2213e-05
7.55551e-05
0.000140974
0.000243636
0.000313399
0.000414077
0.000481845
0.000585609
0.000642069
0.000769082
-3.24178e-05
7.42939e-05
0.000140335
0.00024339
0.000313571
0.000414811
0.000482903
0.000587527
0.000644437
0.00077331
-3.26558e-05
7.29618e-05
0.000139673
0.000243119
0.000313771
0.000415609
0.000484075
0.000589611
0.000647015
0.000777779
-3.29366e-05
7.15597e-05
0.00013899
0.000242824
0.000314003
0.000416471
0.000485361
0.000591854
0.000649794
0.000782464
-3.32545e-05
7.00975e-05
0.000138295
0.000242513
0.000314271
0.000417396
0.00048676
0.000594247
0.000652757
0.000787335
-3.36136e-05
6.85782e-05
0.000137589
0.000242189
0.000314576
0.000418382
0.000488268
0.000596776
0.000655891
0.000792366
-3.40117e-05
6.70086e-05
0.000136877
0.000241855
0.000314921
0.000419425
0.000489878
0.000599428
0.000659175
0.000797528
-3.44507e-05
6.53919e-05
0.000136157
0.000241512
0.000315301
0.000420519
0.000491581
0.000602187
0.000662591
0.000802795
-3.49295e-05
6.37348e-05
0.000135432
0.000241162
0.000315717
0.000421657
0.000493369
0.000605035
0.000666118
0.000808139
-3.54496e-05
6.20402e-05
0.000134698
0.0002408
0.000316159
0.000422827
0.000495227
0.000607952
0.000669735
0.000813533
-3.60093e-05
6.03219e-05
0.000133961
0.000240433
0.000316629
0.000424027
0.000497148
0.000610925
0.000673424
0.000818959
-3.661e-05
5.85776e-05
0.0001332
0.000240038
0.0003171
0.000425228
0.000499103
0.000613922
0.000677153
0.000824386
-3.72397e-05
5.68593e-05
0.000132459
0.000239658
0.000317604
0.000426456
0.000501106
0.000616956
0.000680922
0.000829828
-3.79119e-05
5.51299e-05
0.000131708
0.000239265
0.000318115
0.000427684
0.000503133
0.000619991
0.000684704
0.000835236
-3.86156e-05
5.3402e-05
0.000130959
0.000238871
0.000318638
0.000428911
0.000505177
0.000623019
0.000688486
0.000840598
-3.93544e-05
5.16646e-05
0.0001302
0.000238465
0.00031916
0.000430124
0.000507222
0.000626018
0.000692245
0.000845887
-4.01208e-05
4.99224e-05
0.000129434
0.000238049
0.000319679
0.000431315
0.000509256
0.000628975
0.000695963
0.000851084
-4.09144e-05
4.81727e-05
0.000128655
0.000237618
0.000320184
0.000432475
0.000511264
0.00063187
0.000699621
0.000856167
-4.17286e-05
4.64199e-05
0.000127865
0.00023717
0.000320671
0.000433595
0.000513234
0.000634691
0.000703201
0.000861118
-4.25619e-05
4.4664e-05
0.00012706
0.000236702
0.000321129
0.000434664
0.00051515
0.000637419
0.000706683
0.000865914
-4.34035e-05
4.29143e-05
0.000126245
0.000236217
0.00032156
0.000435681
0.000517007
0.000640048
0.000710058
0.000870545
-4.42545e-05
4.11688e-05
0.000125414
0.000235708
0.00032195
0.000436632
0.000518786
0.000642557
0.000713303
0.000874987
-4.51191e-05
3.94235e-05
0.000124559
0.000235165
0.000322286
0.000437503
0.000520469
0.00064493
0.000716397
0.000879218
-4.59785e-05
3.76944e-05
0.000123693
0.000234597
0.000322573
0.000438296
0.000522055
0.000647163
0.000719336
0.000883233
-4.68398e-05
3.59771e-05
0.000122807
0.000233998
0.000322801
0.000439003
0.000523532
0.000649244
0.000722105
0.000887016
-4.76797e-05
3.42922e-05
0.000121919
0.00023338
0.000322979
0.000439629
0.000524903
0.000651177
0.000724703
0.000890568
-4.85101e-05
3.26326e-05
0.00012102
0.000232737
0.000323098
0.000440168
0.000526157
0.000652954
0.000727122
0.000893881
-4.93047e-05
3.10213e-05
0.000120131
0.000232083
0.00032317
0.000440628
0.000527301
0.000654582
0.000729365
0.000896959
-5.00737e-05
2.94545e-05
0.000119249
0.00023142
0.000323196
0.000441016
0.000528341
0.00065607
0.000731441
0.000899817
-5.07881e-05
2.79558e-05
0.000118396
0.000230761
0.000323187
0.000441338
0.000529279
0.000657423
0.000733352
0.000902459
-5.14772e-05
2.65073e-05
0.00011756
0.000230099
0.000323142
0.000441596
0.000530121
0.000658654
0.000735111
0.000904908
-5.20978e-05
2.51424e-05
0.000116771
0.000229459
0.000323079
0.000441808
0.00053088
0.000659775
0.000736725
0.000907178
-5.26857e-05
2.38366e-05
0.000116014
0.000228827
0.000322992
0.000441973
0.000531556
0.000660796
0.000738207
0.000909289
-5.32064e-05
2.26185e-05
0.000115319
0.000228226
0.000322903
0.000442106
0.000532163
0.000661723
0.000739556
0.000911244
-5.36824e-05
2.14734e-05
0.000114674
0.000227649
0.000322805
0.000442203
0.000532697
0.000662558
0.000740775
0.000913051
-5.41e-05
2.0422e-05
0.000114103
0.000227119
0.000322722
0.000442281
0.000533171
0.000663312
0.000741873
0.000914724
-5.44521e-05
1.94682e-05
0.000113602
0.000226622
0.000322632
0.000442312
0.000533557
0.000663942
0.000742806
0.000916193
-5.47554e-05
1.86358e-05
0.000113191
0.000226194
0.000322567
0.00044234
0.000533891
0.000664496
0.000743622
0.000917504
-5.49578e-05
1.79463e-05
0.000112861
0.000225812
0.000322495
0.000442299
0.000534115
0.000664841
0.000744194
0.000918406
-5.51114e-05
1.74397e-05
0.00011263
0.000225545
0.000322452
0.000442291
0.000534287
0.00066513
0.000744643
0.000919129
-5.51727e-05
1.71441e-05
0.000112519
0.00022537
0.000322445
0.000442209
0.000534374
0.000665068
0.000744814
0.000918899
-3.8986e-05
7.7472e-05
0.000140963
0.000242698
0.000312442
0.000411586
0.000480042
0.000580057
0.000636327
0.000753595
-3.87064e-05
7.76504e-05
0.000141298
0.000243075
0.000312859
0.000412
0.000480431
0.000580521
0.000636693
0.000754231
-3.86825e-05
7.73921e-05
0.000141242
0.000243299
0.000313103
0.000412422
0.000480828
0.000581146
0.000637291
0.000755427
-3.85718e-05
7.70195e-05
0.000141163
0.000243475
0.000313338
0.000412841
0.000481238
0.000581871
0.000638028
0.000757065
-3.86034e-05
7.6391e-05
0.000140865
0.000243529
0.000313484
0.00041328
0.00048169
0.000582753
0.000638999
0.00075917
-3.86049e-05
7.56604e-05
0.000140521
0.00024353
0.000313623
0.000413744
0.000482195
0.000583779
0.000640161
0.000761659
-3.8687e-05
7.47676e-05
0.000140057
0.000243446
0.000313726
0.000414239
0.000482774
0.000584972
0.000641551
0.000764525
-3.87698e-05
7.37835e-05
0.000139549
0.000243316
0.000313833
0.000414779
0.000483439
0.000586329
0.000643154
0.000767723
-3.89006e-05
7.26878e-05
0.000138976
0.000243129
0.000313937
0.000415366
0.000484203
0.000587858
0.000644978
0.000771234
-3.90442e-05
7.15145e-05
0.000138371
0.000242906
0.000314059
0.00041601
0.000485072
0.000589553
0.000647016
0.000775028
-3.92188e-05
7.02602e-05
0.000137733
0.000242648
0.000314199
0.000416712
0.00048605
0.000591415
0.000649267
0.000779083
-3.94088e-05
6.89434e-05
0.000137078
0.000242368
0.000314369
0.000417478
0.000487142
0.000593436
0.00065172
0.000783372
-3.96206e-05
6.75668e-05
0.000136409
0.000242067
0.000314573
0.000418307
0.000488348
0.000595611
0.000654367
0.000787872
-3.98474e-05
6.61417e-05
0.000135735
0.000241756
0.000314815
0.0004192
0.000489666
0.000597926
0.000657191
0.000792555
-4.00913e-05
6.46724e-05
0.00013506
0.000241435
0.000315097
0.000420153
0.000491094
0.000600376
0.000660182
0.000797396
-4.03495e-05
6.31669e-05
0.000134387
0.00024111
0.000315421
0.000421162
0.000492623
0.000602941
0.000663317
0.000802363
-4.06232e-05
6.163e-05
0.000133719
0.000240783
0.000315786
0.000422224
0.000494246
0.000605614
0.000666588
0.000807436
-4.09117e-05
6.00695e-05
0.000133059
0.000240458
0.000316193
0.000423335
0.000495958
0.000608377
0.000669971
0.000812586
-4.12164e-05
5.84908e-05
0.000132405
0.000240134
0.000316638
0.000424486
0.000497748
0.000611215
0.000673455
0.000817801
-4.15372e-05
5.69091e-05
0.000131767
0.000239822
0.000317126
0.000425681
0.000499619
0.000614125
0.000677031
0.000823064
-4.18749e-05
5.53295e-05
0.000131133
0.000239509
0.00031764
0.000426896
0.000501537
0.000617064
0.000680654
0.000828346
-4.22206e-05
5.38e-05
0.000130543
0.000239235
0.000318214
0.000428169
0.000503547
0.000620088
0.000684381
0.000833719
-4.25873e-05
5.22842e-05
0.000129969
0.000238974
0.000318821
0.000429465
0.000505608
0.00062314
0.000688154
0.000839101
-4.29674e-05
5.07916e-05
0.000129418
0.000238734
0.000319466
0.000430787
0.000507719
0.00062622
0.000691969
0.000844487
-4.33653e-05
4.93092e-05
0.000128878
0.000238504
0.000320133
0.000432117
0.000509856
0.000629296
0.00069579
0.000849836
-4.37771e-05
4.78379e-05
0.000128347
0.000238281
0.000320815
0.000433445
0.000512005
0.000632354
0.000699599
0.000855125
-4.42043e-05
4.63725e-05
0.000127818
0.000238057
0.0003215
0.000434756
0.000514146
0.00063537
0.000703368
0.000860323
-4.46438e-05
4.49133e-05
0.000127287
0.000237827
0.000322177
0.00043604
0.000516263
0.000638325
0.000707077
0.000865406
-4.50953e-05
4.34586e-05
0.000126748
0.000237585
0.000322836
0.000437282
0.000518337
0.000641199
0.0007107
0.000870348
-4.55543e-05
4.20115e-05
0.000126202
0.000237328
0.000323468
0.000438474
0.000520354
0.000643976
0.000714219
0.000875127
-4.60196e-05
4.05717e-05
0.000125642
0.000237049
0.000324064
0.000439603
0.000522297
0.000646638
0.000717612
0.00087972
-4.64964e-05
3.91344e-05
0.000125061
0.00023674
0.000324608
0.000440655
0.000524148
0.000649164
0.000720857
0.000884104
-4.69733e-05
3.77084e-05
0.000124463
0.000236401
0.000325098
0.000441623
0.000525896
0.000651546
0.000723941
0.000888264
-4.74552e-05
3.6291e-05
0.000123842
0.000236027
0.000325526
0.000442502
0.000527532
0.000653773
0.000726851
0.000892188
-4.79273e-05
3.48944e-05
0.000123207
0.000235622
0.00032589
0.000443286
0.000529047
0.000655836
0.000729577
0.000895864
-4.83985e-05
3.35146e-05
0.000122552
0.000235182
0.000326187
0.000443975
0.000530438
0.000657736
0.000732115
0.000899293
-4.88313e-05
3.21856e-05
0.000121908
0.000234732
0.000326435
0.000444583
0.000531717
0.000659484
0.000734475
0.000902483
-4.92562e-05
3.08854e-05
0.000121255
0.000234256
0.000326622
0.000445105
0.000532878
0.00066108
0.000736659
0.000905441
-4.9627e-05
2.9651e-05
0.000120627
0.00023378
0.00032677
0.000445556
0.000533933
0.000662537
0.000738673
0.000908182
-4.99885e-05
2.84529e-05
0.000120002
0.00023329
0.000326869
0.000445936
0.000534887
0.000663871
0.000740537
0.000910727
-5.02851e-05
2.73335e-05
0.000119419
0.000232814
0.000326946
0.000446264
0.000535753
0.000665092
0.00074226
0.000913107
-5.05677e-05
2.62588e-05
0.000118855
0.000232339
0.000326993
0.000446546
0.000536541
0.000666223
0.000743856
0.000915313
-5.07906e-05
2.52662e-05
0.000118348
0.000231892
0.000327037
0.000446794
0.000537257
0.000667241
0.000745289
0.000917334
-5.09868e-05
2.43347e-05
0.000117883
0.000231467
0.000327074
0.000447015
0.0005379
0.000668156
0.000746582
0.000919195
-5.11395e-05
2.34897e-05
0.00011749
0.000231087
0.000327129
0.0004472
0.00053846
0.000668973
0.000747736
0.00092091
-5.12413e-05
2.27316e-05
0.000117157
0.000230738
0.000327158
0.000447321
0.00053892
0.000669658
0.000748719
0.000922417
-5.1316e-05
2.2097e-05
0.000116925
0.000230448
0.000327203
0.000447432
0.00053932
0.000670264
0.000749578
0.00092376
-5.13041e-05
2.15613e-05
0.000116715
0.00023016
0.000327207
0.000447451
0.000539592
0.000670649
0.000750183
0.000924687
-5.12923e-05
2.11772e-05
0.000116585
0.000229973
0.000327227
0.000447495
0.000539805
0.000670974
0.000750661
0.000925428
-5.1288e-05
2.09172e-05
0.000116496
0.00022981
0.000327227
0.000447415
0.00053989
0.00067091
0.000750826
0.000925189
-4.95341e-05
6.94398e-05
0.000133779
0.000236468
0.000306949
0.000406369
0.000476131
0.000576917
0.000634691
0.000755306
-4.92556e-05
6.96219e-05
0.000134114
0.000236849
0.000307363
0.000406772
0.000476511
0.000577355
0.000635042
0.000755929
-4.92232e-05
6.93722e-05
0.000134058
0.000237075
0.000307602
0.000407191
0.000476916
0.000577958
0.000635619
0.00075711
-4.91059e-05
6.89974e-05
0.000133973
0.000237243
0.000307821
0.000407602
0.000477334
0.000578659
0.000636347
0.000758742
-4.91253e-05
6.83697e-05
0.00013367
0.00023729
0.00030795
0.000408036
0.000477796
0.000579528
0.000637329
0.000760843
-4.91193e-05
6.76371e-05
0.000133317
0.00023728
0.000308066
0.0004085
0.000478303
0.000580534
0.000638503
0.000763318
-4.91955e-05
6.67418e-05
0.000132843
0.000237184
0.000308146
0.000409
0.000478878
0.000581711
0.000639906
0.000766152
-4.92768e-05
6.57522e-05
0.000132321
0.000237039
0.000308227
0.000409543
0.000479527
0.000583049
0.000641514
0.000769289
-4.94076e-05
6.46489e-05
0.000131732
0.000236834
0.000308303
0.000410133
0.000480269
0.000584565
0.00064334
0.00077271
-4.95528e-05
6.34653e-05
0.000131107
0.000236592
0.000308393
0.000410777
0.000481111
0.000586251
0.000645371
0.000776388
-4.97288e-05
6.21985e-05
0.000130447
0.000236313
0.000308501
0.000411479
0.000482059
0.000588108
0.000647611
0.000780318
-4.99198e-05
6.08666e-05
0.000129768
0.000236008
0.000308637
0.000412243
0.000483118
0.000590121
0.000650039
0.000784465
-5.01316e-05
5.94732e-05
0.000129073
0.000235683
0.000308805
0.000413071
0.000484295
0.000592295
0.000652658
0.000788817
-5.03573e-05
5.80293e-05
0.000128373
0.000235345
0.000309012
0.000413964
0.000485591
0.000594603
0.000655438
0.000793337
-5.05987e-05
5.65403e-05
0.000127669
0.000234998
0.000309261
0.000414921
0.000487007
0.000597066
0.000658383
0.000798001
-5.08536e-05
5.50137e-05
0.000126969
0.000234647
0.000309552
0.000415932
0.000488509
0.000599624
0.000661453
0.000802767
-5.11222e-05
5.34556e-05
0.000126274
0.000234296
0.000309886
0.000416993
0.000490093
0.00060229
0.000664663
0.000807636
-5.14052e-05
5.18716e-05
0.000125586
0.000233945
0.00031026
0.000418094
0.000491755
0.000605027
0.000667963
0.000812577
-5.17014e-05
5.02721e-05
0.000124907
0.000233601
0.000310679
0.000419244
0.000493499
0.000607831
0.000671367
0.00081761
-5.20142e-05
4.86606e-05
0.000124235
0.000233254
0.000311123
0.000420409
0.000495313
0.000610699
0.000674875
0.000822733
-5.23346e-05
4.70668e-05
0.000123576
0.000232923
0.000311624
0.000421644
0.000497237
0.000613664
0.000678493
0.000827968
-5.2664e-05
4.55381e-05
0.000122991
0.000232662
0.000312218
0.000422958
0.000499276
0.00061673
0.000682242
0.000833318
-5.30061e-05
4.40375e-05
0.000122437
0.000232431
0.000312869
0.00042432
0.000501396
0.000619857
0.00068607
0.000838722
-5.33574e-05
4.25712e-05
0.000121924
0.00023224
0.000313577
0.000425725
0.000503585
0.000623026
0.000689956
0.000844151
-5.37193e-05
4.11263e-05
0.000121435
0.000232071
0.000314323
0.000427151
0.000505815
0.000626208
0.000693864
0.000849564
-5.40895e-05
3.97015e-05
0.000120966
0.00023192
0.000315096
0.000428585
0.000508069
0.000629381
0.00069777
0.000854929
-5.44677e-05
3.82915e-05
0.000120508
0.000231778
0.000315881
0.000430011
0.000510323
0.000632519
0.000701643
0.000860212
-5.4852e-05
3.68949e-05
0.000120056
0.000231637
0.000316666
0.000431414
0.000512557
0.000635599
0.000705457
0.000865383
-5.52403e-05
3.55107e-05
0.000119604
0.000231489
0.000317437
0.000432779
0.000514753
0.000638601
0.000709188
0.000870414
-5.56319e-05
3.41378e-05
0.000119147
0.000231328
0.000318184
0.000434094
0.000516891
0.000641503
0.000712813
0.00087528
-5.60206e-05
3.27796e-05
0.000118684
0.000231151
0.000318898
0.000435348
0.000518956
0.00064429
0.000716311
0.000879959
-5.64107e-05
3.14317e-05
0.000118206
0.000230947
0.000319563
0.000436525
0.000520929
0.00064694
0.000719659
0.000884425
-5.67976e-05
3.00962e-05
0.000117711
0.000230712
0.000320172
0.000437615
0.000522793
0.000649436
0.000722837
0.000888657
-5.71832e-05
2.87721e-05
0.000117195
0.000230441
0.000320715
0.000438611
0.000524541
0.000651772
0.000725835
0.000892646
-5.75584e-05
2.74665e-05
0.000116661
0.000230134
0.000321188
0.000439502
0.000526156
0.00065393
0.000728633
0.000896371
-5.79324e-05
2.61743e-05
0.000116102
0.000229786
0.000321586
0.000440289
0.000527639
0.000655914
0.000731234
0.000899835
-5.8259e-05
2.49385e-05
0.000115557
0.000229429
0.000321934
0.000440991
0.000529001
0.000657734
0.000733644
0.000903046
-5.85896e-05
2.37204e-05
0.000114993
0.000229036
0.000322209
0.000441593
0.000530233
0.000659389
0.000735866
0.000906013
-5.88514e-05
2.25784e-05
0.000114459
0.000228643
0.000322441
0.000442116
0.000531348
0.00066089
0.000737905
0.000908745
-5.91352e-05
2.14578e-05
0.000113917
0.000228228
0.000322613
0.000442556
0.00053235
0.000662257
0.000739795
0.000911283
-5.93335e-05
2.04271e-05
0.000113423
0.000227827
0.000322758
0.000442935
0.000533253
0.000663497
0.000741532
0.000913639
-5.95349e-05
1.94285e-05
0.000112934
0.000227414
0.000322858
0.000443258
0.000534072
0.000664643
0.000743167
0.000915867
-5.96667e-05
1.85145e-05
0.000112504
0.000227026
0.000322957
0.000443547
0.000534837
0.000665687
0.000744621
0.000917884
-5.97808e-05
1.76559e-05
0.000112105
0.000226659
0.000323045
0.000443816
0.000535541
0.000666647
0.00074594
0.000919743
-5.9854e-05
1.6879e-05
0.000111783
0.000226339
0.000323181
0.000444065
0.000536161
0.000667505
0.000747103
0.000921434
-5.9872e-05
1.61988e-05
0.000111523
0.000226069
0.000323291
0.000444262
0.00053668
0.000668228
0.000748092
0.00092291
-5.98887e-05
1.56429e-05
0.000111399
0.00022588
0.000323435
0.000444457
0.000537132
0.000668872
0.000748951
0.000924213
-5.97529e-05
1.5219e-05
0.000111292
0.000225688
0.000323521
0.000444549
0.000537452
0.000669294
0.000749563
0.000925109
-5.96629e-05
1.49207e-05
0.00011125
0.000225583
0.000323607
0.000444652
0.000537701
0.000669645
0.000750044
0.000925821
-5.96015e-05
1.47278e-05
0.000111232
0.000225486
0.000323667
0.000444628
0.000537832
0.00066962
0.000750239
0.000925595
-5.65993e-05
6.60308e-05
0.000132518
0.000237609
0.000310155
0.000410814
0.000482108
0.00058417
0.000641807
0.000762952
-5.63413e-05
6.62183e-05
0.000132854
0.000237997
0.000310574
0.00041123
0.000482504
0.000584629
0.000642147
0.000763605
-5.63583e-05
6.59692e-05
0.000132795
0.000238249
0.000310856
0.000411671
0.00048296
0.000585295
0.000642797
0.000764998
-5.62892e-05
6.55758e-05
0.00013269
0.000238413
0.000311085
0.000412083
0.000483381
0.000586007
0.000643632
0.000766878
-5.6371e-05
6.49204e-05
0.000132365
0.000238462
0.000311241
0.000412517
0.000483859
0.000586881
0.000644715
0.000769228
-5.64343e-05
6.41626e-05
0.000131992
0.000238445
0.000311362
0.000412963
0.000484364
0.000587855
0.000645971
0.000771902
-5.65834e-05
6.32367e-05
0.000131498
0.000238345
0.00031145
0.000413462
0.000484944
0.000588981
0.000647429
0.000774887
-5.67352e-05
6.22164e-05
0.000130961
0.000238196
0.000311532
0.000414005
0.000485568
0.000590223
0.000649056
0.000778114
-5.69292e-05
6.1084e-05
0.000130362
0.000237993
0.000311609
0.000414599
0.000486297
0.000591629
0.000650876
0.000781557
-5.71256e-05
5.98764e-05
0.000129736
0.000237756
0.000311699
0.000415246
0.000487117
0.000593177
0.000652868
0.000785183
-5.73366e-05
5.85938e-05
0.000129082
0.000237485
0.000311803
0.000415944
0.000488034
0.000594899
0.000655045
0.000788995
-5.75432e-05
5.72567e-05
0.000128418
0.000237192
0.000311932
0.000416693
0.00048905
0.000596731
0.000657367
0.000792981
-5.77475e-05
5.58706e-05
0.000127746
0.000236878
0.000312087
0.000417485
0.000490169
0.0005988
0.000659893
0.000797117
-5.79406e-05
5.44483e-05
0.000127076
0.00023655
0.000312273
0.000418321
0.000491408
0.000600979
0.00066254
0.000801365
-5.8122e-05
5.29959e-05
0.000126411
0.000236211
0.000312488
0.00041921
0.000492749
0.000603511
0.000665388
0.000805697
-5.82881e-05
5.15228e-05
0.000125755
0.000235867
0.000312732
0.000420142
0.00049416
0.000605957
0.00066825
0.000810158
-5.84383e-05
5.00324e-05
0.00012511
0.000235513
0.000313009
0.000421125
0.000495626
0.000608476
0.000671325
0.000814796
-5.85727e-05
4.85359e-05
0.000124475
0.000235155
0.000313329
0.000422154
0.000497174
0.000610955
0.000674442
0.000819547
-5.86908e-05
4.70294e-05
0.000123847
0.000234805
0.000313703
0.000423254
0.000498854
0.000613619
0.000677733
0.00082442
-5.87924e-05
4.55449e-05
0.000123257
0.000234494
0.000314155
0.000424413
0.000500633
0.000616367
0.000681124
0.000829389
-5.88694e-05
4.41382e-05
0.000122737
0.000234242
0.000314692
0.000425665
0.000502557
0.000619292
0.000684717
0.000834584
-5.89319e-05
4.27973e-05
0.000122297
0.000234073
0.000315343
0.000427017
0.000504606
0.000622331
0.00068843
0.000839879
-5.89777e-05
4.15109e-05
0.000121913
0.000233956
0.000316068
0.000428433
0.000506753
0.000625461
0.00069225
0.000845263
-5.90101e-05
4.02703e-05
0.00012158
0.00023389
0.000316862
0.000429904
0.000508976
0.000628648
0.000696135
0.00085068
-5.90302e-05
3.90669e-05
0.000121284
0.000233859
0.000317704
0.000431406
0.000511249
0.000631863
0.000700054
0.000856095
-5.90401e-05
3.78945e-05
0.000121016
0.000233854
0.000318579
0.000432924
0.00051355
0.000635078
0.000703977
0.00086147
-5.90411e-05
3.67475e-05
0.000120767
0.000233864
0.000319472
0.000434439
0.000515854
0.000638265
0.000707874
0.000866769
-5.90351e-05
3.56211e-05
0.000120528
0.00023388
0.000320367
0.000435934
0.00051814
0.000641399
0.000711715
0.000871962
-5.90223e-05
3.45127e-05
0.000120292
0.000233893
0.00032125
0.000437392
0.000520387
0.000644456
0.000715475
0.000877017
-5.90045e-05
3.34191e-05
0.000120054
0.000233894
0.000322108
0.0004388
0.000522575
0.000647413
0.000719127
0.000881907
-5.89781e-05
3.23421e-05
0.000119809
0.000233878
0.000322931
0.000440145
0.000524688
0.000650253
0.000722652
0.000886608
-5.89476e-05
3.12774e-05
0.000119558
0.000233841
0.000323707
0.000441413
0.000526707
0.000652955
0.000726026
0.000891095
-5.89097e-05
3.02264e-05
0.000119292
0.000233771
0.000324425
0.000442591
0.000528616
0.000655502
0.000729228
0.000895346
-5.88775e-05
2.9178e-05
0.000118998
0.000233658
0.000325069
0.000443667
0.000530399
0.000657879
0.000732243
0.000899345
-5.88302e-05
2.81508e-05
0.000118687
0.000233508
0.00032564
0.000444636
0.000532047
0.000660074
0.000735053
0.000903076
-5.87958e-05
2.71215e-05
0.000118338
0.000233303
0.000326123
0.000445486
0.000533548
0.00066208
0.000737654
0.000906533
-5.87148e-05
2.61594e-05
0.000117998
0.000233078
0.000326544
0.000446235
0.000534916
0.000663907
0.00074005
0.000909723
-5.86542e-05
2.52023e-05
0.000117626
0.000232805
0.000326883
0.000446876
0.000536148
0.000665564
0.000742259
0.00091267
-5.85154e-05
2.43236e-05
0.00011728
0.000232526
0.000327173
0.000447428
0.00053726
0.000667058
0.000744291
0.000915405
-5.84175e-05
2.34387e-05
0.000116898
0.000232202
0.000327388
0.000447888
0.000538259
0.00066843
0.000746202
0.000917974
-5.82304e-05
2.26419e-05
0.000116563
0.000231886
0.000327579
0.000448276
0.00053917
0.000669664
0.000748069
0.000920612
-5.8075e-05
2.18586e-05
0.000116212
0.000231557
0.00032772
0.000448645
0.000540054
0.000670954
0.000749856
0.000922944
-5.78576e-05
2.11507e-05
0.000115929
0.00023124
0.000327884
0.000448953
0.000540938
0.000672079
0.00075128
0.000924915
-5.76489e-05
2.04963e-05
0.000115658
0.000230989
0.000328073
0.000449423
0.000541736
0.000673046
0.000752561
0.000926688
-5.74155e-05
1.99065e-05
0.000115505
0.000230751
0.000328416
0.000449754
0.000542322
0.000673881
0.000753661
0.00092828
-5.71529e-05
1.94354e-05
0.000115385
0.000230721
0.000328594
0.000449959
0.000542818
0.000674563
0.000754591
0.000929663
-5.68898e-05
1.92124e-05
0.000115599
0.000230671
0.000328774
0.000450173
0.000543237
0.000675173
0.000755402
0.000930882
-5.64216e-05
1.89456e-05
0.000115552
0.000230526
0.000328866
0.000450257
0.000543529
0.000675561
0.000755974
0.000931704
-5.61012e-05
1.87665e-05
0.000115582
0.000230461
0.000328958
0.000450359
0.000543763
0.000675891
0.000756432
0.000932366
-5.59858e-05
1.85884e-05
0.000115555
0.000230349
0.000328991
0.000450307
0.00054386
0.000675831
0.00075659
0.000932095
-6.3606e-05
6.11156e-05
0.000127124
0.000233037
0.000305479
0.000407236
0.000478733
0.000582484
0.000641631
0.000766237
-6.33787e-05
6.12909e-05
0.000127406
0.000233347
0.000305812
0.00040756
0.000478999
0.000582784
0.000641849
0.000766782
-6.34269e-05
6.10821e-05
0.000127312
0.000233532
0.00030606
0.000407957
0.000479372
0.000583396
0.000642392
0.000767906
-6.33953e-05
6.07648e-05
0.000127171
0.000233618
0.000306224
0.000408332
0.000479759
0.000584053
0.000643076
0.000769552
-6.35157e-05
6.01996e-05
0.000126831
0.000233601
0.000306357
0.000408763
0.000480257
0.000584927
0.000644043
0.000771746
-6.36243e-05
5.95171e-05
0.000126461
0.00023352
0.000306451
0.000409144
0.000480798
0.000585916
0.000645243
0.000774401
-6.38021e-05
5.86551e-05
0.000125978
0.000233357
0.000306514
0.000409583
0.000481464
0.00058711
0.00064673
0.000777493
-6.39711e-05
5.76728e-05
0.000125454
0.000233145
0.000306572
0.000410087
0.00048215
0.000588436
0.000648453
0.000780969
-6.41652e-05
5.65571e-05
0.000124867
0.000232881
0.000306629
0.000410638
0.00048292
0.000589964
0.000650442
0.0007848
-6.43508e-05
5.5342e-05
0.000124249
0.000232583
0.0003067
0.000411251
0.000483815
0.000591631
0.000652645
0.00078892
-6.45412e-05
5.40315e-05
0.000123599
0.000232253
0.000306793
0.000411925
0.000484798
0.000593477
0.00065508
0.000793268
-6.47223e-05
5.26474e-05
0.000122934
0.000231904
0.000306917
0.000412658
0.000485917
0.000595353
0.000657638
0.000797785
-6.4899e-05
5.11994e-05
0.000122261
0.000231543
0.000307081
0.000413437
0.000487067
0.000597402
0.000660479
0.00080245
-6.50659e-05
4.97037e-05
0.00012159
0.000231179
0.000307292
0.00041426
0.00048835
0.000599632
0.000663456
0.000807179
-6.52239e-05
4.81718e-05
0.000120931
0.000230823
0.000307546
0.000415122
0.000489543
0.000602141
0.000666805
0.000811966
-6.53719e-05
4.6618e-05
0.000120293
0.000230489
0.000307864
0.000416081
0.000491014
0.000604926
0.000669815
0.000816768
-6.55075e-05
4.5055e-05
0.000119692
0.000230181
0.000308235
0.000417143
0.000492636
0.000607649
0.000672985
0.000821741
-6.56346e-05
4.35074e-05
0.000119132
0.000229901
0.000308678
0.000418307
0.000494517
0.000610403
0.000676143
0.00082674
-6.57432e-05
4.19969e-05
0.000118602
0.000229646
0.000309186
0.000419536
0.000496454
0.000613233
0.000679573
0.000831792
-6.58395e-05
4.05334e-05
0.000118124
0.000229455
0.000309805
0.000420873
0.000498523
0.000616222
0.000683138
0.000836846
-6.59235e-05
3.9142e-05
0.000117718
0.000229334
0.000310512
0.000422281
0.000500657
0.000619289
0.00068682
0.000841967
-6.59983e-05
3.77969e-05
0.000117355
0.000229262
0.000311298
0.000423758
0.000502874
0.000622445
0.000690599
0.000847159
-6.60647e-05
3.64967e-05
0.000117031
0.000229233
0.000312144
0.000425285
0.00050515
0.000625649
0.000694445
0.000852386
-6.61246e-05
3.5232e-05
0.000116736
0.000229236
0.00031304
0.000426848
0.000507474
0.000628887
0.000698336
0.000857625
-6.61789e-05
3.39981e-05
0.000116464
0.000229263
0.00031397
0.000428432
0.000509826
0.000632131
0.00070224
0.00086284
-6.6229e-05
3.27896e-05
0.000116206
0.000229303
0.00031492
0.00043002
0.000512189
0.000635359
0.000706133
0.000868002
-6.62752e-05
3.16028e-05
0.000115956
0.000229348
0.000315875
0.000431596
0.00051454
0.000638547
0.000709986
0.000873077
-6.63185e-05
3.04335e-05
0.000115706
0.000229388
0.000316822
0.000433143
0.000516861
0.000641669
0.000713774
0.000878035
-6.63579e-05
2.92797e-05
0.000115449
0.000229416
0.000317747
0.000434645
0.000519131
0.000644704
0.000717467
0.000882846
-6.63942e-05
2.81367e-05
0.00011518
0.000229424
0.000318636
0.000436088
0.00052133
0.000647627
0.000721042
0.000887482
-6.64231e-05
2.70059e-05
0.000114897
0.000229408
0.00031948
0.000437457
0.000523442
0.00065042
0.000724475
0.000891916
-6.64459e-05
2.58726e-05
0.000114597
0.000229372
0.000320268
0.000438741
0.000525449
0.000653064
0.000727744
0.000896124
-6.64545e-05
2.4754e-05
0.00011428
0.000229305
0.000320993
0.000439931
0.000527338
0.000655544
0.000730832
0.000900087
-6.64643e-05
2.36343e-05
0.000113929
0.000229193
0.000321638
0.00044101
0.000529091
0.000657842
0.000733717
0.000903784
-6.64552e-05
2.25308e-05
0.000113561
0.000229041
0.000322204
0.000441975
0.000530697
0.000659948
0.000736388
0.000907202
-6.64499e-05
2.14062e-05
0.000113143
0.000228825
0.000322672
0.00044281
0.000532146
0.000661851
0.000738835
0.000910337
-6.64076e-05
2.03253e-05
0.00011275
0.00022858
0.000323064
0.000443527
0.00053344
0.000663554
0.000741051
0.000913184
-6.63764e-05
1.92455e-05
0.000112315
0.000228274
0.000323357
0.000444114
0.000534576
0.000665061
0.000743065
0.000915784
-6.62369e-05
1.82844e-05
0.000111931
0.000227965
0.000323598
0.000444597
0.000535572
0.000666369
0.000744845
0.000918134
-6.63168e-05
1.72908e-05
0.000111491
0.00022759
0.00032374
0.000444959
0.000536418
0.000667522
0.000746528
0.000920369
-6.62239e-05
1.64242e-05
0.000111117
0.000227216
0.000323855
0.000445215
0.000537144
0.000668396
0.000747897
0.000922523
-6.61691e-05
1.55706e-05
0.000110702
0.000226811
0.000323852
0.000445388
0.000537661
0.000669357
0.000749703
0.0009246
-6.60159e-05
1.47926e-05
0.000110383
0.000226391
0.000323921
0.00044544
0.000538341
0.000670543
0.000751038
0.000926194
-6.58775e-05
1.40852e-05
0.000109989
0.000226017
0.000323762
0.000445747
0.00053937
0.000671499
0.000752215
0.000927642
-6.56935e-05
1.33737e-05
0.000109831
0.000225497
0.000324039
0.000446345
0.000539942
0.000672251
0.000753168
0.000928916
-6.54811e-05
1.28933e-05
0.000109415
0.000225458
0.000324496
0.000446544
0.000540437
0.000672841
0.000753957
0.000930028
-6.5361e-05
1.23816e-05
0.000109848
0.000225712
0.000324746
0.000446788
0.000540823
0.00067335
0.000754637
0.000931011
-6.48017e-05
1.23076e-05
0.000109871
0.000225594
0.000324876
0.000446855
0.000541086
0.000673657
0.000755111
0.000931652
-6.44919e-05
1.22264e-05
0.000109953
0.000225574
0.000324976
0.00044694
0.000541291
0.000673921
0.000755493
0.000932185
-6.43627e-05
1.20994e-05
0.000109973
0.0002255
0.000325043
0.000446907
0.0005414
0.000673855
0.000755639
0.000931868
-6.95125e-05
6.14222e-05
0.000130321
0.000239299
0.000312609
0.00041617
0.000487021
0.000591328
0.000648227
0.000769324
-6.9359e-05
6.16459e-05
0.000130668
0.000239671
0.000312993
0.000416519
0.000487277
0.000591604
0.000648381
0.000769771
-6.94941e-05
6.15716e-05
0.00013079
0.00024003
0.000313395
0.000417009
0.000487682
0.000592166
0.000648828
0.000770815
-6.96552e-05
6.13435e-05
0.000130907
0.000240389
0.000313818
0.00041751
0.000488138
0.000592866
0.00064948
0.000772276
-6.99613e-05
6.09015e-05
0.000130885
0.000240701
0.000314227
0.000418141
0.000488763
0.000593834
0.000650453
0.000774248
-7.02498e-05
6.03096e-05
0.000130821
0.000240982
0.000314684
0.000418852
0.000489465
0.000594985
0.000651681
0.000776665
-7.05759e-05
5.95594e-05
0.000130668
0.000241204
0.000315135
0.000419621
0.000490322
0.000596359
0.000653215
0.000779545
-7.08644e-05
5.87014e-05
0.00013047
0.000241377
0.0003156
0.000420461
0.000491355
0.000597927
0.000655011
0.000782826
-7.11393e-05
5.77358e-05
0.000130211
0.000241494
0.000316066
0.000421352
0.000492505
0.00059969
0.000657085
0.000786495
-7.13684e-05
5.66906e-05
0.000129913
0.000241562
0.000316543
0.000422299
0.000493758
0.000601659
0.000659406
0.000790501
-7.1562e-05
5.55704e-05
0.000129576
0.000241583
0.00031703
0.000423301
0.000495109
0.000603772
0.000661958
0.00079481
-7.17074e-05
5.43924e-05
0.000129212
0.000241565
0.000317534
0.000424371
0.00049663
0.000606142
0.000664692
0.000799378
-7.18095e-05
5.31638e-05
0.000128825
0.000241513
0.000318061
0.000425501
0.000498231
0.000608566
0.000667655
0.000804199
-7.1864e-05
5.18971e-05
0.000128428
0.000241439
0.000318617
0.000426691
0.000499922
0.000611224
0.000670842
0.000809235
-7.18737e-05
5.06023e-05
0.000128028
0.000241352
0.000319211
0.000427924
0.000501689
0.000613688
0.00067427
0.000814551
-7.18379e-05
4.92913e-05
0.000127636
0.000241265
0.000319859
0.000429231
0.000503596
0.000616566
0.000678064
0.000819961
-7.17585e-05
4.79803e-05
0.000127266
0.000241196
0.000320561
0.000430605
0.000505639
0.000619568
0.000681918
0.000825516
-7.16364e-05
4.66822e-05
0.000126932
0.000241155
0.000321319
0.000432059
0.000507832
0.000622901
0.000685933
0.000831165
-7.14728e-05
4.54316e-05
0.000126651
0.00024114
0.000322124
0.000433554
0.000510079
0.000626229
0.000689998
0.000836917
-7.12706e-05
4.42242e-05
0.000126402
0.000241143
0.00032297
0.000435088
0.000512386
0.00062963
0.000694159
0.000842785
-7.10314e-05
4.30608e-05
0.000126183
0.000241159
0.000323848
0.000436646
0.000514727
0.000633011
0.000698291
0.000848553
-7.0759e-05
4.19384e-05
0.000125986
0.000241184
0.000324754
0.000438224
0.000517099
0.000636397
0.000702436
0.000854316
-7.04551e-05
4.08533e-05
0.000125808
0.000241214
0.000325678
0.000439809
0.000519487
0.000639766
0.000706561
0.00086002
-7.01227e-05
3.97992e-05
0.000125645
0.000241248
0.000326614
0.000441392
0.000521882
0.000643115
0.000710667
0.000865671
-6.97636e-05
3.87714e-05
0.000125494
0.000241282
0.000327553
0.000442959
0.000524267
0.000646422
0.00071473
0.000871238
-6.93807e-05
3.77648e-05
0.000125349
0.000241313
0.000328483
0.000444499
0.000526626
0.00064967
0.000718734
0.000876701
-6.89755e-05
3.67763e-05
0.000125205
0.000241333
0.000329394
0.000445998
0.000528942
0.000652839
0.000722655
0.000882033
-6.85513e-05
3.58024e-05
0.000125054
0.000241336
0.000330273
0.000447441
0.000531196
0.000655909
0.000726472
0.000887208
-6.81083e-05
3.48425e-05
0.000124892
0.000241314
0.000331108
0.000448814
0.00053337
0.000658857
0.000730162
0.000892199
-6.76509e-05
3.38931e-05
0.000124708
0.000241258
0.000331886
0.000450102
0.000535446
0.000661664
0.000733703
0.00089698
-6.71758e-05
3.29573e-05
0.000124502
0.000241164
0.000332598
0.000451294
0.000537406
0.00066431
0.00073707
0.000901524
-6.66907e-05
3.20289e-05
0.000124256
0.000241018
0.000333228
0.000452375
0.000539234
0.000666778
0.000740244
0.00090581
-6.61834e-05
3.11188e-05
0.000123982
0.000240826
0.000333775
0.000453338
0.000540916
0.000669052
0.000743206
0.000909815
-6.56682e-05
3.0216e-05
0.000123665
0.000240574
0.000334224
0.000454171
0.000542438
0.000671118
0.000745939
0.000913522
-6.51215e-05
2.93303e-05
0.000123314
0.000240269
0.000334575
0.000454871
0.000543794
0.000672968
0.00074843
0.000916914
-6.45723e-05
2.84236e-05
0.000122888
0.000239886
0.00033481
0.000455425
0.000544969
0.000674592
0.000750672
0.000919991
-6.39537e-05
2.75215e-05
0.000122421
0.000239454
0.000334948
0.000455845
0.00054597
0.000675992
0.000752653
0.000922733
-6.33718e-05
2.65999e-05
0.000121886
0.000238938
0.000334966
0.000456114
0.000546788
0.000677167
0.000754389
0.000925181
-6.26959e-05
2.5777e-05
0.000121394
0.000238416
0.000334921
0.000456271
0.000547439
0.000678114
0.000755825
0.000927256
-6.24288e-05
2.47167e-05
0.000120775
0.000237792
0.000334762
0.000456283
0.000547917
0.000678847
0.000757078
0.000929139
-6.19725e-05
2.38288e-05
0.000120241
0.000237189
0.000334567
0.000456203
0.000548222
0.000679293
0.000757771
0.000930381
-6.16098e-05
2.29273e-05
0.000119662
0.000236522
0.000334255
0.000455939
0.000548263
0.0006795
0.00075868
0.000931889
-6.11568e-05
2.21294e-05
0.000119169
0.000235887
0.000333954
0.000455673
0.000548277
0.000679982
0.000759629
0.000933301
-6.07449e-05
2.13697e-05
0.000118632
0.00023518
0.000333458
0.00045523
0.000548541
0.000680438
0.000760526
0.000934682
-6.03097e-05
2.06298e-05
0.00011821
0.000234484
0.000333061
0.000455242
0.000548811
0.000680926
0.000761368
0.000935973
-5.99136e-05
2.0008e-05
0.000117671
0.000233858
0.000333059
0.000455166
0.000549104
0.000681365
0.000762112
0.00093713
-5.96399e-05
1.90921e-05
0.000117346
0.000233632
0.000333058
0.000455217
0.000549403
0.000681796
0.0007628
0.000938183
-5.94278e-05
1.88165e-05
0.00011729
0.000233411
0.000333119
0.000455225
0.000549644
0.000682075
0.000763305
0.000938897
-5.93715e-05
1.85811e-05
0.000117255
0.000233309
0.000333184
0.000455277
0.00054985
0.000682334
0.000763725
0.000939497
-5.92155e-05
1.84388e-05
0.000117255
0.000233207
0.000333228
0.000455219
0.000549943
0.000682248
0.000763869
0.00093919
-6.84128e-05
5.77505e-05
0.000127803
0.000235646
0.000310567
0.000414389
0.000488135
0.000593645
0.000655251
0.000776606
-6.82545e-05
5.78598e-05
0.000128107
0.000235973
0.000310923
0.000414731
0.000488404
0.000593999
0.000655482
0.000776966
-6.82558e-05
5.767e-05
0.000128206
0.000236351
0.000311303
0.000415254
0.000488884
0.000594713
0.000656134
0.000778084
-6.82194e-05
5.73526e-05
0.000128314
0.000236691
0.000311698
0.000415788
0.000489377
0.00059552
0.000657007
0.000779642
-6.82444e-05
5.68595e-05
0.000128316
0.000237027
0.000312123
0.000416421
0.000490007
0.000596554
0.000658203
0.000781752
-6.82336e-05
5.62559e-05
0.000128301
0.000237336
0.000312584
0.000417141
0.000490726
0.000597729
0.000659636
0.000784262
-6.82472e-05
5.55369e-05
0.000128227
0.000237617
0.000313071
0.000417927
0.000491556
0.000599087
0.000661337
0.000787198
-6.82403e-05
5.47357e-05
0.00012813
0.00023787
0.000313585
0.000418796
0.000492538
0.000600628
0.000663276
0.000790483
-6.82427e-05
5.3852e-05
0.000127995
0.000238092
0.000314126
0.000419735
0.00049364
0.00060234
0.000665449
0.000794108
-6.82349e-05
5.2904e-05
0.000127837
0.000238286
0.000314697
0.000420745
0.000494875
0.000604243
0.000667851
0.000798037
-6.82308e-05
5.18939e-05
0.000127655
0.000238453
0.000315299
0.000421825
0.000496243
0.000606305
0.000670458
0.000802249
-6.82225e-05
5.08326e-05
0.000127455
0.000238596
0.000315934
0.000422974
0.000497759
0.000608626
0.000673304
0.000806717
-6.82166e-05
4.97236e-05
0.000127237
0.000238718
0.000316601
0.000424188
0.000499391
0.000611063
0.000676322
0.000811422
-6.82105e-05
4.85738e-05
0.000127007
0.000238821
0.000317302
0.000425464
0.000501141
0.000613678
0.000679566
0.000816345
-6.82073e-05
4.73871e-05
0.000126765
0.000238908
0.000318037
0.000426796
0.000502996
0.000616412
0.00068293
0.000821492
-6.82065e-05
4.61687e-05
0.000126513
0.000238982
0.000318803
0.000428183
0.000504959
0.000619315
0.000686622
0.000826869
-6.82098e-05
4.49228e-05
0.000126251
0.000239042
0.000319599
0.000429617
0.000507021
0.000622324
0.000690348
0.000832369
-6.82179e-05
4.36558e-05
0.000125982
0.00023909
0.000320424
0.000431096
0.000509189
0.000625493
0.000694254
0.000838013
-6.82315e-05
4.23744e-05
0.000125706
0.000239124
0.000321272
0.000432608
0.000511423
0.000628719
0.000698228
0.000843745
-6.82518e-05
4.10865e-05
0.000125423
0.000239143
0.00032214
0.000434148
0.000513719
0.000632018
0.000702294
0.000849565
-6.82793e-05
3.97996e-05
0.000125134
0.000239146
0.00032302
0.000435702
0.000516053
0.000635333
0.00070637
0.000855317
-6.83148e-05
3.85166e-05
0.000124835
0.000239128
0.000323905
0.000437259
0.000518412
0.000638659
0.000710459
0.000861057
-6.83579e-05
3.72381e-05
0.000124524
0.00023909
0.000324788
0.000438807
0.000520777
0.000641967
0.000714525
0.000866721
-6.84087e-05
3.59618e-05
0.000124198
0.000239029
0.000325659
0.000440333
0.000523132
0.000645241
0.000718551
0.000872303
-6.84663e-05
3.46862e-05
0.000123853
0.000238942
0.000326509
0.000441825
0.000525457
0.000648456
0.000722508
0.000877764
-6.85306e-05
3.34098e-05
0.000123486
0.000238825
0.000327329
0.000443268
0.000527736
0.00065159
0.000726374
0.000883081
-6.86001e-05
3.21326e-05
0.000123093
0.000238675
0.000328106
0.000444649
0.000529947
0.000654619
0.000730122
0.000888223
-6.86752e-05
3.08544e-05
0.000122671
0.000238485
0.00032883
0.000445954
0.000532074
0.000657523
0.000733728
0.000893164
-6.87534e-05
2.95769e-05
0.000122216
0.000238251
0.000329489
0.000447168
0.000534097
0.000660279
0.000737167
0.000897874
-6.88361e-05
2.82994e-05
0.000121723
0.000237966
0.000330073
0.000448279
0.000535997
0.000662867
0.000740415
0.000902328
-6.89189e-05
2.70256e-05
0.000121191
0.000237626
0.000330572
0.000449274
0.000537758
0.000665266
0.000743449
0.0009065
-6.90068e-05
2.57516e-05
0.000120611
0.000237223
0.000330974
0.000450141
0.000539364
0.00066746
0.00074625
0.000910368
-6.90904e-05
2.44872e-05
0.000119989
0.000236758
0.000331274
0.00045087
0.000540799
0.000669432
0.000748797
0.00091391
-6.91824e-05
2.32262e-05
0.000119315
0.000236221
0.000331459
0.00045145
0.000542051
0.000671169
0.000751078
0.000917112
-6.92605e-05
2.19863e-05
0.000118602
0.000235621
0.000331533
0.00045188
0.000543113
0.000672664
0.000753079
0.000919959
-6.93559e-05
2.07439e-05
0.000117818
0.000234937
0.000331477
0.000452147
0.000543974
0.000673908
0.000754795
0.00092245
-6.94097e-05
1.95289e-05
0.000116998
0.000234201
0.000331316
0.000452269
0.000544642
0.000674908
0.000756222
0.000924575
-6.94959e-05
1.83143e-05
0.000116122
0.000233384
0.000331029
0.000452231
0.000545112
0.000675667
0.000757377
0.000926379
-6.94758e-05
1.72054e-05
0.000115291
0.000232563
0.000330675
0.000452077
0.000545408
0.000676201
0.00075824
0.000927813
-6.95517e-05
1.59721e-05
0.000114389
0.000231669
0.000330221
0.000451787
0.000545537
0.000676528
0.0007589
0.000929058
-6.95098e-05
1.48912e-05
0.000113569
0.000230803
0.000329731
0.000451419
0.000545509
0.000676655
0.000759184
0.000929814
-6.95262e-05
1.38099e-05
0.000112723
0.000229876
0.000329152
0.0004509
0.00054531
0.000676539
0.000759399
0.000930684
-6.94909e-05
1.2818e-05
0.000111933
0.000228985
0.000328554
0.000450388
0.000545027
0.000676526
0.000759712
0.000931472
-6.94954e-05
1.1843e-05
0.000111149
0.00022804
0.000327894
0.000449693
0.000544787
0.000676501
0.000759978
0.000932196
-6.94784e-05
1.09218e-05
0.000110418
0.000227175
0.000327228
0.00044927
0.000544673
0.000676532
0.000760241
0.000932841
-6.94852e-05
1.00758e-05
0.000109764
0.000226311
0.000326819
0.000448877
0.000544576
0.000676521
0.00076043
0.00093336
-6.94949e-05
9.13363e-06
0.000109105
0.00022572
0.000326519
0.00044861
0.000544537
0.000676537
0.00076062
0.000933825
-6.95681e-05
8.64841e-06
0.000108865
0.000225316
0.000326355
0.000448371
0.000544494
0.000676462
0.000760706
0.000934035
-6.96433e-05
8.27692e-06
0.00010867
0.000225042
0.000326242
0.000448221
0.000544478
0.000676443
0.000760808
0.000934246
-6.95798e-05
8.09292e-06
0.000108613
0.000224878
0.000326213
0.000448071
0.000544473
0.000676214
0.000760802
0.000933701
)
;

boundaryField
{
    inlet
    {
        type            zeroGradient;
    }
    outlet
    {
        type            zeroGradient;
    }
    sideLeft
    {
        type            zeroGradient;
    }
    sideRight
    {
        type            zeroGradient;
    }
    top
    {
        type            symmetryPlane;
        value           nonuniform List<scalar> 
100
(
-3.81447e-05
-5.21365e-05
-4.53026e-05
-5.51727e-05
-5.1288e-05
-5.96015e-05
-5.59858e-05
-6.43627e-05
-5.92155e-05
-6.95798e-05
2.94682e-05
1.81501e-05
2.46326e-05
1.71441e-05
2.09172e-05
1.47278e-05
1.85884e-05
1.20994e-05
1.84388e-05
8.09292e-06
0.000123313
0.000112643
0.000119111
0.000112519
0.000116496
0.000111232
0.000115555
0.000109973
0.000117255
0.000108613
0.000233221
0.000223957
0.000230887
0.00022537
0.00022981
0.000225486
0.000230349
0.0002255
0.000233207
0.000224878
0.000329108
0.000320183
0.000327226
0.000322445
0.000327227
0.000323667
0.000328991
0.000325043
0.000333228
0.000326213
0.000445748
0.000438528
0.000446025
0.000442209
0.000447415
0.000444628
0.000450307
0.000446907
0.000455219
0.000448071
0.000536939
0.000529832
0.000537458
0.000534374
0.00053989
0.000537832
0.00054386
0.0005414
0.000549943
0.000544473
0.00066372
0.00065906
0.000667082
0.000665068
0.00067091
0.00066962
0.000675831
0.000673855
0.000682248
0.000676214
0.000742917
0.000737931
0.000746068
0.000744814
0.000750826
0.000750239
0.00075659
0.000755639
0.000763869
0.000760802
0.000911428
0.000910503
0.000918793
0.000918899
0.000925189
0.000925595
0.000932095
0.000931868
0.00093919
0.000933701
)
;
    }
    bottomRoughWall
    {
        type            zeroGradient;
    }
}


// ************************************************************************* //
