/*--------------------------------*- C++ -*----------------------------------*\
| =========                 |                                                 |
| \\      /  F ield         | foam-extend: Open Source CFD                    |
|  \\    /   O peration     | Version:     3.2                                |
|   \\  /    A nd           | Web:         http://www.foam-extend.org         |
|    \\/     M anipulation  | For copyright notice see file Copyright         |
\*---------------------------------------------------------------------------*/
FoamFile
{
    version     2.0;
    format      ascii;
    class       volScalarField;
    location    "1500000";
    object      Uy;
}
// * * * * * * * * * * * * * * * * * * * * * * * * * * * * * * * * * * * * * //

dimensions      [0 1 -1 0 0 0 0];

internalField   nonuniform List<scalar> 
5000
(
1.68626
1.68626
1.68627
1.68627
1.68627
1.68627
1.68627
1.68628
1.68628
1.68628
2.09051
2.09051
2.09051
2.09051
2.09052
2.09052
2.09052
2.09052
2.09053
2.09053
2.26987
2.26987
2.26988
2.26988
2.26988
2.26988
2.26989
2.26989
2.26989
2.2699
2.37033
2.37033
2.37034
2.37034
2.37034
2.37035
2.37035
2.37035
2.37036
2.37036
2.4305
2.4305
2.4305
2.43051
2.43051
2.43051
2.43052
2.43052
2.43052
2.43053
2.46641
2.46641
2.46641
2.46641
2.46642
2.46642
2.46642
2.46643
2.46643
2.46644
2.48602
2.48602
2.48602
2.48603
2.48603
2.48603
2.48604
2.48604
2.48605
2.48605
2.49382
2.49382
2.49382
2.49383
2.49383
2.49383
2.49384
2.49384
2.49384
2.49385
2.49254
2.49254
2.49255
2.49255
2.49255
2.49256
2.49256
2.49256
2.49257
2.49257
2.48397
2.48397
2.48398
2.48398
2.48398
2.48399
2.48399
2.484
2.484
2.48401
2.46934
2.46934
2.46934
2.46935
2.46935
2.46936
2.46936
2.46936
2.46937
2.46938
2.44952
2.44952
2.44952
2.44952
2.44953
2.44953
2.44954
2.44954
2.44954
2.44955
2.42515
2.42515
2.42515
2.42515
2.42516
2.42516
2.42517
2.42517
2.42517
2.42518
2.39671
2.39672
2.39672
2.39672
2.39673
2.39673
2.39674
2.39674
2.39674
2.39675
2.3646
2.36461
2.36461
2.36461
2.36462
2.36462
2.36462
2.36463
2.36463
2.36464
2.32911
2.32911
2.32912
2.32912
2.32912
2.32913
2.32913
2.32914
2.32914
2.32915
2.29048
2.29048
2.29049
2.29049
2.29049
2.2905
2.2905
2.29051
2.29051
2.29052
2.24891
2.24892
2.24892
2.24892
2.24893
2.24893
2.24894
2.24894
2.24895
2.24895
2.20458
2.20458
2.20459
2.20459
2.20459
2.2046
2.2046
2.20461
2.20461
2.20462
2.15763
2.15763
2.15763
2.15764
2.15764
2.15765
2.15765
2.15766
2.15766
2.15767
2.10819
2.10819
2.10819
2.1082
2.1082
2.10821
2.10821
2.10822
2.10822
2.10823
2.05638
2.05638
2.05638
2.05639
2.05639
2.0564
2.0564
2.05641
2.05641
2.05642
2.00231
2.00231
2.00231
2.00232
2.00232
2.00233
2.00233
2.00233
2.00234
2.00235
1.94608
1.94608
1.94609
1.94609
1.94609
1.9461
1.9461
1.94611
1.94611
1.94612
1.8878
1.88781
1.88781
1.88781
1.88782
1.88782
1.88783
1.88783
1.88784
1.88785
1.82758
1.82758
1.82759
1.82759
1.8276
1.8276
1.8276
1.82761
1.82762
1.82762
1.76552
1.76552
1.76553
1.76553
1.76553
1.76554
1.76554
1.76555
1.76555
1.76556
1.70174
1.70174
1.70174
1.70175
1.70175
1.70176
1.70176
1.70177
1.70177
1.70178
1.63635
1.63635
1.63636
1.63636
1.63637
1.63637
1.63638
1.63638
1.63639
1.6364
1.5695
1.56951
1.56951
1.56951
1.56952
1.56952
1.56953
1.56953
1.56954
1.56955
1.50134
1.50134
1.50135
1.50135
1.50136
1.50136
1.50137
1.50137
1.50138
1.50138
1.43203
1.43203
1.43204
1.43204
1.43205
1.43205
1.43206
1.43206
1.43207
1.43208
1.36177
1.36177
1.36178
1.36178
1.36178
1.36179
1.36179
1.3618
1.36181
1.36181
1.29078
1.29078
1.29078
1.29079
1.29079
1.2908
1.2908
1.29081
1.29081
1.29082
1.2193
1.21931
1.21931
1.21932
1.21932
1.21932
1.21933
1.21934
1.21934
1.21935
1.14765
1.14766
1.14766
1.14767
1.14767
1.14768
1.14768
1.14769
1.14769
1.1477
1.07617
1.07617
1.07618
1.07618
1.07619
1.07619
1.0762
1.0762
1.07621
1.07622
1.00526
1.00527
1.00527
1.00527
1.00528
1.00528
1.00529
1.00529
1.0053
1.00531
0.935403
0.935405
0.935409
0.935414
0.935418
0.935423
0.935428
0.935433
0.935439
0.935447
0.867141
0.867143
0.867147
0.867151
0.867156
0.867161
0.867166
0.867171
0.867177
0.867185
0.801113
0.801115
0.801119
0.801124
0.801129
0.801133
0.801138
0.801144
0.801149
0.801157
0.738042
0.738044
0.738048
0.738052
0.738057
0.738062
0.738067
0.738072
0.738077
0.738086
0.678727
0.67873
0.678733
0.678738
0.678743
0.678747
0.678752
0.678758
0.678763
0.678771
0.624031
0.624033
0.624037
0.624041
0.624046
0.624051
0.624056
0.624061
0.624066
0.624074
0.574837
0.574839
0.574843
0.574848
0.574852
0.574857
0.574862
0.574867
0.574873
0.574881
0.532011
0.532013
0.532017
0.532022
0.532026
0.532031
0.532036
0.532041
0.532047
0.532055
0.49635
0.496352
0.496356
0.49636
0.496365
0.49637
0.496375
0.49638
0.496385
0.496393
0.46856
0.468562
0.468566
0.468571
0.468575
0.46858
0.468585
0.46859
0.468596
0.468604
0.44929
0.449292
0.449296
0.4493
0.449305
0.44931
0.449315
0.44932
0.449325
0.449333
0.439222
0.439224
0.439228
0.439232
0.439237
0.439242
0.439247
0.439252
0.439257
0.439265
1.68626
1.68626
1.68626
1.68627
1.68627
1.68627
1.68627
1.68628
1.68628
1.68628
2.09051
2.09051
2.09051
2.09051
2.09052
2.09052
2.09052
2.09052
2.09053
2.09053
2.26987
2.26987
2.26987
2.26988
2.26988
2.26988
2.26989
2.26989
2.26989
2.2699
2.37033
2.37033
2.37034
2.37034
2.37034
2.37035
2.37035
2.37035
2.37036
2.37036
2.4305
2.4305
2.4305
2.43051
2.43051
2.43051
2.43052
2.43052
2.43052
2.43053
2.4664
2.46641
2.46641
2.46641
2.46641
2.46642
2.46642
2.46643
2.46643
2.46644
2.48602
2.48602
2.48602
2.48603
2.48603
2.48603
2.48604
2.48604
2.48604
2.48605
2.49382
2.49382
2.49382
2.49383
2.49383
2.49383
2.49384
2.49384
2.49384
2.49385
2.49254
2.49254
2.49254
2.49255
2.49255
2.49256
2.49256
2.49256
2.49257
2.49257
2.48397
2.48397
2.48398
2.48398
2.48398
2.48399
2.48399
2.484
2.484
2.48401
2.46934
2.46934
2.46934
2.46935
2.46935
2.46936
2.46936
2.46936
2.46937
2.46937
2.44952
2.44952
2.44952
2.44952
2.44953
2.44953
2.44954
2.44954
2.44954
2.44955
2.42514
2.42515
2.42515
2.42515
2.42516
2.42516
2.42517
2.42517
2.42517
2.42518
2.39671
2.39672
2.39672
2.39672
2.39673
2.39673
2.39674
2.39674
2.39674
2.39675
2.3646
2.3646
2.36461
2.36461
2.36462
2.36462
2.36462
2.36463
2.36463
2.36464
2.32911
2.32911
2.32912
2.32912
2.32912
2.32913
2.32913
2.32914
2.32914
2.32915
2.29048
2.29048
2.29048
2.29049
2.29049
2.2905
2.2905
2.29051
2.29051
2.29052
2.24891
2.24892
2.24892
2.24892
2.24893
2.24893
2.24894
2.24894
2.24895
2.24895
2.20458
2.20458
2.20459
2.20459
2.20459
2.2046
2.2046
2.20461
2.20461
2.20462
2.15763
2.15763
2.15763
2.15764
2.15764
2.15765
2.15765
2.15766
2.15766
2.15767
2.10819
2.10819
2.10819
2.1082
2.1082
2.10821
2.10821
2.10822
2.10822
2.10823
2.05638
2.05638
2.05638
2.05639
2.05639
2.0564
2.0564
2.05641
2.05641
2.05642
2.00231
2.00231
2.00231
2.00232
2.00232
2.00232
2.00233
2.00233
2.00234
2.00235
1.94608
1.94608
1.94609
1.94609
1.94609
1.9461
1.9461
1.94611
1.94611
1.94612
1.8878
1.8878
1.88781
1.88781
1.88782
1.88782
1.88783
1.88783
1.88784
1.88785
1.82758
1.82758
1.82759
1.82759
1.82759
1.8276
1.8276
1.82761
1.82762
1.82762
1.76552
1.76552
1.76553
1.76553
1.76553
1.76554
1.76554
1.76555
1.76555
1.76556
1.70174
1.70174
1.70174
1.70175
1.70175
1.70176
1.70176
1.70177
1.70177
1.70178
1.63635
1.63635
1.63636
1.63636
1.63637
1.63637
1.63638
1.63638
1.63639
1.6364
1.5695
1.56951
1.56951
1.56951
1.56952
1.56952
1.56953
1.56953
1.56954
1.56955
1.50134
1.50134
1.50135
1.50135
1.50136
1.50136
1.50137
1.50137
1.50138
1.50138
1.43203
1.43203
1.43204
1.43204
1.43205
1.43205
1.43206
1.43206
1.43207
1.43208
1.36177
1.36177
1.36177
1.36178
1.36178
1.36179
1.36179
1.3618
1.3618
1.36181
1.29077
1.29078
1.29078
1.29079
1.29079
1.2908
1.2908
1.29081
1.29081
1.29082
1.2193
1.21931
1.21931
1.21931
1.21932
1.21932
1.21933
1.21933
1.21934
1.21935
1.14765
1.14766
1.14766
1.14766
1.14767
1.14767
1.14768
1.14768
1.14769
1.1477
1.07617
1.07617
1.07618
1.07618
1.07619
1.07619
1.0762
1.0762
1.07621
1.07622
1.00526
1.00527
1.00527
1.00527
1.00528
1.00528
1.00529
1.00529
1.0053
1.00531
0.935402
0.935405
0.935408
0.935413
0.935418
0.935423
0.935428
0.935433
0.935438
0.935447
0.86714
0.867142
0.867146
0.867151
0.867156
0.867161
0.867166
0.867171
0.867176
0.867185
0.801113
0.801115
0.801119
0.801123
0.801128
0.801133
0.801138
0.801143
0.801149
0.801157
0.738041
0.738043
0.738047
0.738052
0.738056
0.738061
0.738066
0.738072
0.738077
0.738085
0.678727
0.678729
0.678733
0.678737
0.678742
0.678747
0.678752
0.678757
0.678762
0.678771
0.62403
0.624032
0.624036
0.62404
0.624045
0.62405
0.624055
0.62406
0.624066
0.624074
0.574836
0.574839
0.574842
0.574847
0.574852
0.574857
0.574862
0.574867
0.574872
0.57488
0.532011
0.532013
0.532016
0.532021
0.532026
0.532031
0.532036
0.532041
0.532046
0.532054
0.496349
0.496351
0.496355
0.496359
0.496364
0.496369
0.496374
0.496379
0.496384
0.496392
0.468559
0.468562
0.468565
0.46857
0.468575
0.468579
0.468584
0.46859
0.468595
0.468603
0.449289
0.449291
0.449295
0.4493
0.449304
0.449309
0.449314
0.449319
0.449325
0.449333
0.439221
0.439223
0.439227
0.439231
0.439236
0.439241
0.439246
0.439251
0.439256
0.439264
1.68626
1.68626
1.68627
1.68627
1.68627
1.68627
1.68628
1.68628
1.68628
1.68629
2.09051
2.09051
2.09051
2.09051
2.09052
2.09052
2.09052
2.09053
2.09053
2.09053
2.26987
2.26987
2.26988
2.26988
2.26988
2.26988
2.26989
2.26989
2.26989
2.2699
2.37033
2.37033
2.37034
2.37034
2.37034
2.37035
2.37035
2.37035
2.37036
2.37036
2.4305
2.4305
2.4305
2.43051
2.43051
2.43051
2.43052
2.43052
2.43052
2.43053
2.46641
2.46641
2.46641
2.46641
2.46641
2.46642
2.46642
2.46643
2.46643
2.46644
2.48602
2.48602
2.48602
2.48603
2.48603
2.48603
2.48604
2.48604
2.48604
2.48605
2.49382
2.49382
2.49382
2.49383
2.49383
2.49383
2.49384
2.49384
2.49384
2.49385
2.49254
2.49254
2.49254
2.49255
2.49255
2.49256
2.49256
2.49256
2.49257
2.49257
2.48397
2.48397
2.48398
2.48398
2.48398
2.48399
2.48399
2.484
2.484
2.48401
2.46934
2.46934
2.46934
2.46935
2.46935
2.46935
2.46936
2.46936
2.46937
2.46937
2.44952
2.44952
2.44952
2.44952
2.44953
2.44953
2.44954
2.44954
2.44954
2.44955
2.42514
2.42515
2.42515
2.42515
2.42516
2.42516
2.42517
2.42517
2.42517
2.42518
2.39671
2.39672
2.39672
2.39672
2.39673
2.39673
2.39674
2.39674
2.39674
2.39675
2.3646
2.3646
2.36461
2.36461
2.36462
2.36462
2.36462
2.36463
2.36463
2.36464
2.32911
2.32911
2.32911
2.32912
2.32912
2.32913
2.32913
2.32914
2.32914
2.32915
2.29048
2.29048
2.29048
2.29049
2.29049
2.2905
2.2905
2.29051
2.29051
2.29052
2.24891
2.24892
2.24892
2.24892
2.24893
2.24893
2.24894
2.24894
2.24895
2.24895
2.20458
2.20458
2.20459
2.20459
2.20459
2.2046
2.2046
2.20461
2.20461
2.20462
2.15763
2.15763
2.15763
2.15764
2.15764
2.15765
2.15765
2.15766
2.15766
2.15767
2.10819
2.10819
2.10819
2.1082
2.1082
2.10821
2.10821
2.10822
2.10822
2.10823
2.05638
2.05638
2.05638
2.05639
2.05639
2.0564
2.0564
2.05641
2.05641
2.05642
2.00231
2.00231
2.00231
2.00232
2.00232
2.00233
2.00233
2.00234
2.00234
2.00235
1.94608
1.94608
1.94609
1.94609
1.94609
1.9461
1.9461
1.94611
1.94611
1.94612
1.8878
1.8878
1.88781
1.88781
1.88782
1.88782
1.88783
1.88783
1.88784
1.88785
1.82758
1.82758
1.82759
1.82759
1.8276
1.8276
1.8276
1.82761
1.82762
1.82762
1.76552
1.76552
1.76553
1.76553
1.76553
1.76554
1.76554
1.76555
1.76556
1.76556
1.70174
1.70174
1.70174
1.70175
1.70175
1.70176
1.70176
1.70177
1.70177
1.70178
1.63635
1.63635
1.63636
1.63636
1.63637
1.63637
1.63638
1.63638
1.63639
1.6364
1.5695
1.56951
1.56951
1.56951
1.56952
1.56952
1.56953
1.56953
1.56954
1.56955
1.50134
1.50134
1.50135
1.50135
1.50136
1.50136
1.50137
1.50137
1.50138
1.50138
1.43203
1.43203
1.43204
1.43204
1.43205
1.43205
1.43206
1.43206
1.43207
1.43208
1.36177
1.36177
1.36178
1.36178
1.36178
1.36179
1.36179
1.3618
1.36181
1.36181
1.29078
1.29078
1.29078
1.29079
1.29079
1.2908
1.2908
1.29081
1.29081
1.29082
1.2193
1.21931
1.21931
1.21932
1.21932
1.21932
1.21933
1.21934
1.21934
1.21935
1.14765
1.14766
1.14766
1.14767
1.14767
1.14767
1.14768
1.14769
1.14769
1.1477
1.07617
1.07617
1.07618
1.07618
1.07619
1.07619
1.0762
1.0762
1.07621
1.07622
1.00526
1.00527
1.00527
1.00527
1.00528
1.00528
1.00529
1.00529
1.0053
1.00531
0.935403
0.935405
0.935409
0.935413
0.935418
0.935423
0.935428
0.935433
0.935439
0.935447
0.86714
0.867143
0.867147
0.867151
0.867156
0.867161
0.867166
0.867171
0.867176
0.867185
0.801113
0.801115
0.801119
0.801123
0.801128
0.801133
0.801138
0.801143
0.801149
0.801157
0.738041
0.738044
0.738047
0.738052
0.738057
0.738062
0.738067
0.738072
0.738077
0.738085
0.678727
0.678729
0.678733
0.678737
0.678742
0.678747
0.678752
0.678757
0.678763
0.678771
0.62403
0.624032
0.624036
0.624041
0.624045
0.62405
0.624055
0.62406
0.624066
0.624074
0.574837
0.574839
0.574843
0.574847
0.574852
0.574857
0.574862
0.574867
0.574872
0.57488
0.532011
0.532013
0.532017
0.532021
0.532026
0.532031
0.532036
0.532041
0.532046
0.532054
0.496349
0.496351
0.496355
0.496359
0.496364
0.496369
0.496374
0.496379
0.496385
0.496393
0.468559
0.468562
0.468565
0.46857
0.468575
0.46858
0.468584
0.46859
0.468595
0.468603
0.449289
0.449292
0.449295
0.4493
0.449305
0.449309
0.449314
0.449319
0.449325
0.449333
0.439221
0.439223
0.439227
0.439231
0.439236
0.439241
0.439246
0.439251
0.439256
0.439264
1.68626
1.68626
1.68627
1.68627
1.68627
1.68627
1.68628
1.68628
1.68628
1.68629
2.09051
2.09051
2.09051
2.09051
2.09052
2.09052
2.09052
2.09053
2.09053
2.09053
2.26987
2.26987
2.26987
2.26988
2.26988
2.26988
2.26989
2.26989
2.26989
2.2699
2.37033
2.37033
2.37034
2.37034
2.37034
2.37035
2.37035
2.37035
2.37036
2.37036
2.4305
2.4305
2.4305
2.43051
2.43051
2.43051
2.43052
2.43052
2.43052
2.43053
2.4664
2.46641
2.46641
2.46641
2.46641
2.46642
2.46642
2.46642
2.46643
2.46643
2.48602
2.48602
2.48602
2.48603
2.48603
2.48603
2.48604
2.48604
2.48604
2.48605
2.49382
2.49382
2.49382
2.49382
2.49383
2.49383
2.49384
2.49384
2.49384
2.49385
2.49254
2.49254
2.49254
2.49255
2.49255
2.49255
2.49256
2.49256
2.49257
2.49257
2.48397
2.48397
2.48398
2.48398
2.48398
2.48399
2.48399
2.48399
2.484
2.48401
2.46934
2.46934
2.46934
2.46935
2.46935
2.46935
2.46936
2.46936
2.46937
2.46937
2.44951
2.44952
2.44952
2.44952
2.44953
2.44953
2.44953
2.44954
2.44954
2.44955
2.42514
2.42515
2.42515
2.42515
2.42516
2.42516
2.42516
2.42517
2.42517
2.42518
2.39671
2.39671
2.39672
2.39672
2.39673
2.39673
2.39673
2.39674
2.39674
2.39675
2.3646
2.3646
2.36461
2.36461
2.36461
2.36462
2.36462
2.36463
2.36463
2.36464
2.32911
2.32911
2.32911
2.32912
2.32912
2.32913
2.32913
2.32914
2.32914
2.32915
2.29048
2.29048
2.29048
2.29049
2.29049
2.2905
2.2905
2.29051
2.29051
2.29052
2.24891
2.24891
2.24892
2.24892
2.24893
2.24893
2.24894
2.24894
2.24895
2.24895
2.20458
2.20458
2.20458
2.20459
2.20459
2.2046
2.2046
2.20461
2.20461
2.20462
2.15763
2.15763
2.15763
2.15764
2.15764
2.15765
2.15765
2.15766
2.15766
2.15767
2.10819
2.10819
2.10819
2.1082
2.1082
2.10821
2.10821
2.10822
2.10822
2.10823
2.05638
2.05638
2.05638
2.05639
2.05639
2.0564
2.0564
2.05641
2.05641
2.05642
2.0023
2.00231
2.00231
2.00232
2.00232
2.00232
2.00233
2.00233
2.00234
2.00235
1.94608
1.94608
1.94608
1.94609
1.94609
1.9461
1.9461
1.94611
1.94611
1.94612
1.8878
1.8878
1.88781
1.88781
1.88782
1.88782
1.88783
1.88783
1.88784
1.88785
1.82758
1.82758
1.82759
1.82759
1.82759
1.8276
1.8276
1.82761
1.82762
1.82762
1.76552
1.76552
1.76553
1.76553
1.76553
1.76554
1.76554
1.76555
1.76555
1.76556
1.70174
1.70174
1.70174
1.70175
1.70175
1.70176
1.70176
1.70177
1.70177
1.70178
1.63635
1.63635
1.63636
1.63636
1.63637
1.63637
1.63638
1.63638
1.63639
1.6364
1.5695
1.56951
1.56951
1.56951
1.56952
1.56952
1.56953
1.56953
1.56954
1.56955
1.50134
1.50134
1.50135
1.50135
1.50136
1.50136
1.50137
1.50137
1.50138
1.50138
1.43203
1.43203
1.43204
1.43204
1.43205
1.43205
1.43206
1.43206
1.43207
1.43208
1.36177
1.36177
1.36177
1.36178
1.36178
1.36179
1.36179
1.3618
1.36181
1.36181
1.29077
1.29078
1.29078
1.29079
1.29079
1.2908
1.2908
1.29081
1.29081
1.29082
1.2193
1.21931
1.21931
1.21931
1.21932
1.21932
1.21933
1.21934
1.21934
1.21935
1.14765
1.14766
1.14766
1.14766
1.14767
1.14767
1.14768
1.14769
1.14769
1.1477
1.07617
1.07617
1.07618
1.07618
1.07619
1.07619
1.0762
1.0762
1.07621
1.07622
1.00526
1.00527
1.00527
1.00527
1.00528
1.00528
1.00529
1.00529
1.0053
1.00531
0.935402
0.935405
0.935408
0.935413
0.935418
0.935423
0.935428
0.935433
0.935439
0.935447
0.86714
0.867142
0.867146
0.867151
0.867156
0.867161
0.867166
0.867171
0.867176
0.867185
0.801113
0.801115
0.801119
0.801123
0.801128
0.801133
0.801138
0.801143
0.801149
0.801157
0.738041
0.738043
0.738047
0.738052
0.738056
0.738061
0.738066
0.738072
0.738077
0.738085
0.678727
0.678729
0.678733
0.678737
0.678742
0.678747
0.678752
0.678757
0.678762
0.678771
0.62403
0.624032
0.624036
0.62404
0.624045
0.62405
0.624055
0.62406
0.624066
0.624074
0.574836
0.574838
0.574842
0.574847
0.574852
0.574856
0.574861
0.574867
0.574872
0.57488
0.53201
0.532012
0.532016
0.532021
0.532026
0.53203
0.532035
0.532041
0.532046
0.532054
0.496349
0.496351
0.496355
0.496359
0.496364
0.496369
0.496374
0.496379
0.496384
0.496392
0.468559
0.468561
0.468565
0.46857
0.468574
0.468579
0.468584
0.468589
0.468595
0.468603
0.449289
0.449291
0.449295
0.4493
0.449304
0.449309
0.449314
0.449319
0.449325
0.449333
0.439221
0.439223
0.439227
0.439231
0.439236
0.439241
0.439246
0.439251
0.439256
0.439264
1.68626
1.68626
1.68627
1.68627
1.68627
1.68627
1.68628
1.68628
1.68628
1.68629
2.09051
2.09051
2.09051
2.09051
2.09052
2.09052
2.09052
2.09053
2.09053
2.09054
2.26987
2.26987
2.26988
2.26988
2.26988
2.26988
2.26989
2.26989
2.26989
2.2699
2.37033
2.37033
2.37034
2.37034
2.37034
2.37035
2.37035
2.37035
2.37036
2.37036
2.4305
2.4305
2.4305
2.43051
2.43051
2.43051
2.43052
2.43052
2.43052
2.43053
2.4664
2.46641
2.46641
2.46641
2.46641
2.46642
2.46642
2.46642
2.46643
2.46644
2.48602
2.48602
2.48602
2.48603
2.48603
2.48603
2.48604
2.48604
2.48604
2.48605
2.49382
2.49382
2.49382
2.49382
2.49383
2.49383
2.49384
2.49384
2.49384
2.49385
2.49254
2.49254
2.49254
2.49255
2.49255
2.49255
2.49256
2.49256
2.49257
2.49257
2.48397
2.48397
2.48397
2.48398
2.48398
2.48399
2.48399
2.48399
2.484
2.48401
2.46934
2.46934
2.46934
2.46935
2.46935
2.46935
2.46936
2.46936
2.46937
2.46937
2.44951
2.44952
2.44952
2.44952
2.44953
2.44953
2.44953
2.44954
2.44954
2.44955
2.42514
2.42514
2.42515
2.42515
2.42516
2.42516
2.42516
2.42517
2.42517
2.42518
2.39671
2.39671
2.39672
2.39672
2.39673
2.39673
2.39673
2.39674
2.39674
2.39675
2.3646
2.3646
2.36461
2.36461
2.36461
2.36462
2.36462
2.36463
2.36463
2.36464
2.32911
2.32911
2.32911
2.32912
2.32912
2.32913
2.32913
2.32914
2.32914
2.32915
2.29048
2.29048
2.29048
2.29049
2.29049
2.2905
2.2905
2.29051
2.29051
2.29052
2.24891
2.24891
2.24892
2.24892
2.24893
2.24893
2.24894
2.24894
2.24895
2.24895
2.20458
2.20458
2.20458
2.20459
2.20459
2.2046
2.2046
2.20461
2.20461
2.20462
2.15763
2.15763
2.15763
2.15764
2.15764
2.15765
2.15765
2.15766
2.15766
2.15767
2.10819
2.10819
2.10819
2.1082
2.1082
2.10821
2.10821
2.10822
2.10822
2.10823
2.05638
2.05638
2.05638
2.05639
2.05639
2.0564
2.0564
2.05641
2.05641
2.05642
2.0023
2.00231
2.00231
2.00231
2.00232
2.00232
2.00233
2.00233
2.00234
2.00235
1.94608
1.94608
1.94608
1.94609
1.94609
1.9461
1.9461
1.94611
1.94611
1.94612
1.8878
1.8878
1.88781
1.88781
1.88782
1.88782
1.88783
1.88783
1.88784
1.88785
1.82758
1.82758
1.82759
1.82759
1.82759
1.8276
1.8276
1.82761
1.82762
1.82762
1.76552
1.76552
1.76552
1.76553
1.76553
1.76554
1.76554
1.76555
1.76555
1.76556
1.70174
1.70174
1.70174
1.70175
1.70175
1.70176
1.70176
1.70177
1.70177
1.70178
1.63635
1.63635
1.63636
1.63636
1.63637
1.63637
1.63638
1.63638
1.63639
1.6364
1.5695
1.56951
1.56951
1.56951
1.56952
1.56952
1.56953
1.56953
1.56954
1.56955
1.50134
1.50134
1.50135
1.50135
1.50136
1.50136
1.50137
1.50137
1.50138
1.50138
1.43203
1.43203
1.43204
1.43204
1.43205
1.43205
1.43206
1.43206
1.43207
1.43208
1.36177
1.36177
1.36177
1.36178
1.36178
1.36179
1.36179
1.3618
1.36181
1.36181
1.29077
1.29078
1.29078
1.29079
1.29079
1.2908
1.2908
1.29081
1.29081
1.29082
1.2193
1.21931
1.21931
1.21931
1.21932
1.21932
1.21933
1.21934
1.21934
1.21935
1.14765
1.14766
1.14766
1.14767
1.14767
1.14767
1.14768
1.14769
1.14769
1.1477
1.07617
1.07617
1.07618
1.07618
1.07619
1.07619
1.0762
1.0762
1.07621
1.07622
1.00526
1.00527
1.00527
1.00527
1.00528
1.00528
1.00529
1.00529
1.0053
1.00531
0.935402
0.935405
0.935409
0.935413
0.935418
0.935423
0.935428
0.935433
0.935439
0.935447
0.86714
0.867143
0.867146
0.867151
0.867156
0.867161
0.867166
0.867171
0.867176
0.867185
0.801113
0.801115
0.801119
0.801123
0.801128
0.801133
0.801138
0.801143
0.801149
0.801157
0.738041
0.738043
0.738047
0.738052
0.738057
0.738061
0.738067
0.738072
0.738077
0.738085
0.678727
0.678729
0.678733
0.678737
0.678742
0.678747
0.678752
0.678757
0.678763
0.678771
0.62403
0.624032
0.624036
0.62404
0.624045
0.62405
0.624055
0.62406
0.624066
0.624074
0.574836
0.574839
0.574842
0.574847
0.574852
0.574856
0.574862
0.574867
0.574872
0.57488
0.53201
0.532013
0.532016
0.532021
0.532026
0.53203
0.532035
0.532041
0.532046
0.532054
0.496349
0.496351
0.496355
0.496359
0.496364
0.496369
0.496374
0.496379
0.496384
0.496392
0.468559
0.468561
0.468565
0.46857
0.468574
0.468579
0.468584
0.468589
0.468595
0.468603
0.449289
0.449291
0.449295
0.4493
0.449304
0.449309
0.449314
0.449319
0.449325
0.449333
0.439221
0.439223
0.439227
0.439231
0.439236
0.439241
0.439246
0.439251
0.439256
0.439264
1.68626
1.68626
1.68627
1.68627
1.68627
1.68627
1.68628
1.68628
1.68628
1.68629
2.09051
2.09051
2.09051
2.09051
2.09052
2.09052
2.09052
2.09053
2.09053
2.09054
2.26987
2.26987
2.26987
2.26988
2.26988
2.26988
2.26989
2.26989
2.26989
2.2699
2.37033
2.37033
2.37034
2.37034
2.37034
2.37034
2.37035
2.37035
2.37036
2.37036
2.4305
2.4305
2.4305
2.4305
2.43051
2.43051
2.43051
2.43052
2.43052
2.43053
2.4664
2.4664
2.46641
2.46641
2.46641
2.46642
2.46642
2.46642
2.46643
2.46643
2.48602
2.48602
2.48602
2.48602
2.48603
2.48603
2.48603
2.48604
2.48604
2.48605
2.49382
2.49382
2.49382
2.49382
2.49383
2.49383
2.49383
2.49384
2.49384
2.49385
2.49254
2.49254
2.49254
2.49255
2.49255
2.49255
2.49256
2.49256
2.49257
2.49257
2.48397
2.48397
2.48397
2.48398
2.48398
2.48398
2.48399
2.48399
2.484
2.48401
2.46934
2.46934
2.46934
2.46934
2.46935
2.46935
2.46936
2.46936
2.46937
2.46937
2.44951
2.44951
2.44952
2.44952
2.44952
2.44953
2.44953
2.44954
2.44954
2.44955
2.42514
2.42514
2.42515
2.42515
2.42515
2.42516
2.42516
2.42517
2.42517
2.42518
2.39671
2.39671
2.39672
2.39672
2.39672
2.39673
2.39673
2.39674
2.39674
2.39675
2.3646
2.3646
2.3646
2.36461
2.36461
2.36462
2.36462
2.36463
2.36463
2.36464
2.32911
2.32911
2.32911
2.32912
2.32912
2.32913
2.32913
2.32913
2.32914
2.32915
2.29048
2.29048
2.29048
2.29049
2.29049
2.2905
2.2905
2.29051
2.29051
2.29052
2.24891
2.24891
2.24892
2.24892
2.24892
2.24893
2.24893
2.24894
2.24894
2.24895
2.20458
2.20458
2.20458
2.20459
2.20459
2.2046
2.2046
2.20461
2.20461
2.20462
2.15763
2.15763
2.15763
2.15764
2.15764
2.15765
2.15765
2.15766
2.15766
2.15767
2.10819
2.10819
2.10819
2.1082
2.1082
2.10821
2.10821
2.10822
2.10822
2.10823
2.05638
2.05638
2.05638
2.05639
2.05639
2.05639
2.0564
2.05641
2.05641
2.05642
2.0023
2.00231
2.00231
2.00231
2.00232
2.00232
2.00233
2.00233
2.00234
2.00235
1.94608
1.94608
1.94608
1.94609
1.94609
1.9461
1.9461
1.94611
1.94611
1.94612
1.8878
1.8878
1.88781
1.88781
1.88782
1.88782
1.88783
1.88783
1.88784
1.88785
1.82758
1.82758
1.82758
1.82759
1.82759
1.8276
1.8276
1.82761
1.82762
1.82762
1.76552
1.76552
1.76552
1.76553
1.76553
1.76554
1.76554
1.76555
1.76555
1.76556
1.70173
1.70174
1.70174
1.70175
1.70175
1.70176
1.70176
1.70177
1.70177
1.70178
1.63635
1.63635
1.63636
1.63636
1.63637
1.63637
1.63638
1.63638
1.63639
1.6364
1.5695
1.5695
1.56951
1.56951
1.56952
1.56952
1.56953
1.56953
1.56954
1.56955
1.50134
1.50134
1.50135
1.50135
1.50135
1.50136
1.50137
1.50137
1.50138
1.50138
1.43203
1.43203
1.43204
1.43204
1.43205
1.43205
1.43206
1.43206
1.43207
1.43208
1.36177
1.36177
1.36177
1.36178
1.36178
1.36179
1.36179
1.3618
1.36181
1.36181
1.29077
1.29078
1.29078
1.29079
1.29079
1.2908
1.2908
1.29081
1.29081
1.29082
1.2193
1.21931
1.21931
1.21931
1.21932
1.21932
1.21933
1.21934
1.21934
1.21935
1.14765
1.14766
1.14766
1.14766
1.14767
1.14767
1.14768
1.14769
1.14769
1.1477
1.07617
1.07617
1.07618
1.07618
1.07619
1.07619
1.0762
1.0762
1.07621
1.07622
1.00526
1.00527
1.00527
1.00527
1.00528
1.00528
1.00529
1.00529
1.0053
1.00531
0.935402
0.935405
0.935408
0.935413
0.935418
0.935423
0.935428
0.935433
0.935439
0.935447
0.86714
0.867143
0.867146
0.867151
0.867156
0.867161
0.867166
0.867171
0.867177
0.867185
0.801113
0.801115
0.801119
0.801123
0.801128
0.801133
0.801138
0.801143
0.801149
0.801157
0.738041
0.738043
0.738047
0.738052
0.738057
0.738062
0.738067
0.738072
0.738077
0.738086
0.678727
0.678729
0.678733
0.678737
0.678742
0.678747
0.678752
0.678757
0.678763
0.678771
0.62403
0.624032
0.624036
0.62404
0.624045
0.62405
0.624055
0.62406
0.624066
0.624074
0.574836
0.574839
0.574842
0.574847
0.574852
0.574857
0.574862
0.574867
0.574872
0.57488
0.53201
0.532013
0.532016
0.532021
0.532026
0.532031
0.532036
0.532041
0.532046
0.532054
0.496349
0.496351
0.496355
0.496359
0.496364
0.496369
0.496374
0.496379
0.496385
0.496392
0.468559
0.468562
0.468565
0.46857
0.468575
0.468579
0.468584
0.46859
0.468595
0.468603
0.449289
0.449291
0.449295
0.4493
0.449304
0.449309
0.449314
0.449319
0.449325
0.449333
0.439221
0.439223
0.439227
0.439231
0.439236
0.439241
0.439246
0.439251
0.439257
0.439264
1.68627
1.68627
1.68627
1.68627
1.68627
1.68628
1.68628
1.68628
1.68629
1.68629
2.09051
2.09051
2.09051
2.09052
2.09052
2.09052
2.09052
2.09053
2.09053
2.09054
2.26987
2.26987
2.26987
2.26988
2.26988
2.26988
2.26989
2.26989
2.2699
2.2699
2.37033
2.37033
2.37034
2.37034
2.37034
2.37034
2.37035
2.37035
2.37036
2.37036
2.4305
2.4305
2.4305
2.4305
2.43051
2.43051
2.43051
2.43052
2.43052
2.43053
2.4664
2.4664
2.46641
2.46641
2.46641
2.46642
2.46642
2.46642
2.46643
2.46644
2.48602
2.48602
2.48602
2.48602
2.48603
2.48603
2.48603
2.48604
2.48604
2.48605
2.49382
2.49382
2.49382
2.49382
2.49383
2.49383
2.49383
2.49384
2.49384
2.49385
2.49254
2.49254
2.49254
2.49254
2.49255
2.49255
2.49256
2.49256
2.49257
2.49257
2.48397
2.48397
2.48397
2.48398
2.48398
2.48398
2.48399
2.48399
2.484
2.48401
2.46934
2.46934
2.46934
2.46934
2.46935
2.46935
2.46936
2.46936
2.46937
2.46937
2.44951
2.44951
2.44952
2.44952
2.44952
2.44953
2.44953
2.44954
2.44954
2.44955
2.42514
2.42514
2.42515
2.42515
2.42515
2.42516
2.42516
2.42517
2.42517
2.42518
2.39671
2.39671
2.39672
2.39672
2.39672
2.39673
2.39673
2.39674
2.39674
2.39675
2.3646
2.3646
2.3646
2.36461
2.36461
2.36462
2.36462
2.36463
2.36463
2.36464
2.32911
2.32911
2.32911
2.32912
2.32912
2.32912
2.32913
2.32913
2.32914
2.32915
2.29048
2.29048
2.29048
2.29049
2.29049
2.2905
2.2905
2.2905
2.29051
2.29052
2.24891
2.24891
2.24892
2.24892
2.24892
2.24893
2.24893
2.24894
2.24894
2.24895
2.20458
2.20458
2.20458
2.20459
2.20459
2.2046
2.2046
2.20461
2.20461
2.20462
2.15763
2.15763
2.15763
2.15764
2.15764
2.15765
2.15765
2.15766
2.15766
2.15767
2.10819
2.10819
2.10819
2.1082
2.1082
2.10821
2.10821
2.10822
2.10822
2.10823
2.05637
2.05638
2.05638
2.05638
2.05639
2.05639
2.0564
2.0564
2.05641
2.05642
2.0023
2.00231
2.00231
2.00231
2.00232
2.00232
2.00233
2.00233
2.00234
2.00235
1.94608
1.94608
1.94608
1.94609
1.94609
1.9461
1.9461
1.94611
1.94611
1.94612
1.8878
1.8878
1.88781
1.88781
1.88782
1.88782
1.88783
1.88783
1.88784
1.88785
1.82758
1.82758
1.82758
1.82759
1.82759
1.8276
1.8276
1.82761
1.82761
1.82762
1.76552
1.76552
1.76552
1.76553
1.76553
1.76554
1.76554
1.76555
1.76555
1.76556
1.70173
1.70174
1.70174
1.70175
1.70175
1.70176
1.70176
1.70177
1.70177
1.70178
1.63635
1.63635
1.63636
1.63636
1.63637
1.63637
1.63638
1.63638
1.63639
1.6364
1.5695
1.5695
1.56951
1.56951
1.56952
1.56952
1.56953
1.56953
1.56954
1.56955
1.50134
1.50134
1.50135
1.50135
1.50135
1.50136
1.50137
1.50137
1.50138
1.50138
1.43203
1.43203
1.43204
1.43204
1.43205
1.43205
1.43206
1.43206
1.43207
1.43208
1.36177
1.36177
1.36177
1.36178
1.36178
1.36179
1.36179
1.3618
1.36181
1.36181
1.29077
1.29078
1.29078
1.29079
1.29079
1.2908
1.2908
1.29081
1.29081
1.29082
1.2193
1.21931
1.21931
1.21931
1.21932
1.21932
1.21933
1.21934
1.21934
1.21935
1.14765
1.14766
1.14766
1.14766
1.14767
1.14767
1.14768
1.14769
1.14769
1.1477
1.07617
1.07617
1.07618
1.07618
1.07619
1.07619
1.0762
1.0762
1.07621
1.07622
1.00526
1.00527
1.00527
1.00527
1.00528
1.00528
1.00529
1.00529
1.0053
1.00531
0.935402
0.935405
0.935409
0.935413
0.935418
0.935423
0.935428
0.935433
0.935439
0.935447
0.86714
0.867143
0.867146
0.867151
0.867156
0.867161
0.867166
0.867171
0.867177
0.867185
0.801113
0.801115
0.801119
0.801123
0.801128
0.801133
0.801138
0.801144
0.801149
0.801157
0.738041
0.738043
0.738047
0.738052
0.738057
0.738062
0.738067
0.738072
0.738077
0.738086
0.678727
0.678729
0.678733
0.678737
0.678742
0.678747
0.678752
0.678757
0.678763
0.678771
0.62403
0.624032
0.624036
0.62404
0.624045
0.62405
0.624055
0.62406
0.624066
0.624074
0.574836
0.574839
0.574842
0.574847
0.574852
0.574857
0.574862
0.574867
0.574872
0.57488
0.53201
0.532013
0.532016
0.532021
0.532026
0.532031
0.532036
0.532041
0.532046
0.532054
0.496349
0.496351
0.496355
0.496359
0.496364
0.496369
0.496374
0.496379
0.496385
0.496393
0.468559
0.468562
0.468565
0.46857
0.468575
0.46858
0.468585
0.46859
0.468595
0.468603
0.449289
0.449292
0.449295
0.4493
0.449305
0.449309
0.449314
0.44932
0.449325
0.449333
0.439221
0.439223
0.439227
0.439232
0.439236
0.439241
0.439246
0.439251
0.439257
0.439265
1.68627
1.68627
1.68627
1.68627
1.68627
1.68628
1.68628
1.68628
1.68629
1.68629
2.09051
2.09051
2.09051
2.09052
2.09052
2.09052
2.09053
2.09053
2.09053
2.09054
2.26987
2.26987
2.26987
2.26988
2.26988
2.26988
2.26989
2.26989
2.2699
2.2699
2.37033
2.37033
2.37033
2.37034
2.37034
2.37034
2.37035
2.37035
2.37036
2.37036
2.4305
2.4305
2.4305
2.4305
2.43051
2.43051
2.43052
2.43052
2.43052
2.43053
2.4664
2.4664
2.4664
2.46641
2.46641
2.46642
2.46642
2.46642
2.46643
2.46644
2.48601
2.48602
2.48602
2.48602
2.48603
2.48603
2.48603
2.48604
2.48604
2.48605
2.49381
2.49381
2.49382
2.49382
2.49383
2.49383
2.49383
2.49384
2.49384
2.49385
2.49254
2.49254
2.49254
2.49254
2.49255
2.49255
2.49256
2.49256
2.49257
2.49257
2.48397
2.48397
2.48397
2.48398
2.48398
2.48398
2.48399
2.48399
2.484
2.48401
2.46933
2.46934
2.46934
2.46934
2.46935
2.46935
2.46936
2.46936
2.46937
2.46937
2.44951
2.44951
2.44951
2.44952
2.44952
2.44953
2.44953
2.44954
2.44954
2.44955
2.42514
2.42514
2.42514
2.42515
2.42515
2.42516
2.42516
2.42517
2.42517
2.42518
2.39671
2.39671
2.39671
2.39672
2.39672
2.39673
2.39673
2.39674
2.39674
2.39675
2.3646
2.3646
2.3646
2.36461
2.36461
2.36462
2.36462
2.36463
2.36463
2.36464
2.32911
2.32911
2.32911
2.32911
2.32912
2.32912
2.32913
2.32913
2.32914
2.32915
2.29048
2.29048
2.29048
2.29049
2.29049
2.29049
2.2905
2.2905
2.29051
2.29052
2.24891
2.24891
2.24891
2.24892
2.24892
2.24893
2.24893
2.24894
2.24894
2.24895
2.20458
2.20458
2.20458
2.20459
2.20459
2.2046
2.2046
2.20461
2.20461
2.20462
2.15762
2.15763
2.15763
2.15764
2.15764
2.15764
2.15765
2.15766
2.15766
2.15767
2.10818
2.10819
2.10819
2.10819
2.1082
2.1082
2.10821
2.10822
2.10822
2.10823
2.05637
2.05638
2.05638
2.05638
2.05639
2.05639
2.0564
2.0564
2.05641
2.05642
2.0023
2.0023
2.00231
2.00231
2.00232
2.00232
2.00233
2.00233
2.00234
2.00235
1.94608
1.94608
1.94608
1.94609
1.94609
1.9461
1.9461
1.94611
1.94611
1.94612
1.8878
1.8878
1.88781
1.88781
1.88782
1.88782
1.88783
1.88783
1.88784
1.88785
1.82758
1.82758
1.82758
1.82759
1.82759
1.8276
1.8276
1.82761
1.82761
1.82762
1.76552
1.76552
1.76552
1.76553
1.76553
1.76554
1.76554
1.76555
1.76555
1.76556
1.70173
1.70174
1.70174
1.70174
1.70175
1.70176
1.70176
1.70177
1.70177
1.70178
1.63635
1.63635
1.63636
1.63636
1.63637
1.63637
1.63638
1.63638
1.63639
1.6364
1.5695
1.5695
1.56951
1.56951
1.56952
1.56952
1.56953
1.56953
1.56954
1.56955
1.50134
1.50134
1.50135
1.50135
1.50135
1.50136
1.50137
1.50137
1.50138
1.50138
1.43203
1.43203
1.43204
1.43204
1.43205
1.43205
1.43206
1.43206
1.43207
1.43208
1.36177
1.36177
1.36177
1.36178
1.36178
1.36179
1.36179
1.3618
1.36181
1.36181
1.29077
1.29078
1.29078
1.29079
1.29079
1.2908
1.2908
1.29081
1.29081
1.29082
1.2193
1.21931
1.21931
1.21931
1.21932
1.21932
1.21933
1.21934
1.21934
1.21935
1.14765
1.14766
1.14766
1.14766
1.14767
1.14768
1.14768
1.14769
1.14769
1.1477
1.07617
1.07617
1.07618
1.07618
1.07619
1.07619
1.0762
1.0762
1.07621
1.07622
1.00526
1.00527
1.00527
1.00527
1.00528
1.00528
1.00529
1.00529
1.0053
1.00531
0.935402
0.935405
0.935409
0.935413
0.935418
0.935423
0.935428
0.935434
0.935439
0.935448
0.86714
0.867143
0.867147
0.867151
0.867156
0.867161
0.867166
0.867172
0.867177
0.867185
0.801113
0.801115
0.801119
0.801124
0.801128
0.801133
0.801139
0.801144
0.801149
0.801158
0.738041
0.738044
0.738047
0.738052
0.738057
0.738062
0.738067
0.738072
0.738078
0.738086
0.678727
0.678729
0.678733
0.678738
0.678742
0.678747
0.678753
0.678758
0.678763
0.678771
0.62403
0.624032
0.624036
0.624041
0.624046
0.624051
0.624056
0.624061
0.624066
0.624074
0.574837
0.574839
0.574843
0.574847
0.574852
0.574857
0.574862
0.574867
0.574873
0.574881
0.532011
0.532013
0.532017
0.532021
0.532026
0.532031
0.532036
0.532041
0.532047
0.532055
0.496349
0.496351
0.496355
0.49636
0.496365
0.496369
0.496375
0.49638
0.496385
0.496393
0.46856
0.468562
0.468566
0.46857
0.468575
0.46858
0.468585
0.46859
0.468596
0.468603
0.44929
0.449292
0.449296
0.4493
0.449305
0.44931
0.449315
0.44932
0.449325
0.449333
0.439221
0.439224
0.439227
0.439232
0.439237
0.439242
0.439247
0.439252
0.439257
0.439265
1.68627
1.68627
1.68627
1.68627
1.68627
1.68628
1.68628
1.68628
1.68629
1.68629
2.09051
2.09051
2.09051
2.09052
2.09052
2.09052
2.09053
2.09053
2.09053
2.09054
2.26987
2.26987
2.26987
2.26988
2.26988
2.26988
2.26989
2.26989
2.2699
2.2699
2.37033
2.37033
2.37033
2.37034
2.37034
2.37035
2.37035
2.37035
2.37036
2.37036
2.4305
2.4305
2.4305
2.4305
2.43051
2.43051
2.43052
2.43052
2.43052
2.43053
2.4664
2.4664
2.4664
2.46641
2.46641
2.46642
2.46642
2.46642
2.46643
2.46644
2.48601
2.48602
2.48602
2.48602
2.48603
2.48603
2.48603
2.48604
2.48604
2.48605
2.49381
2.49381
2.49382
2.49382
2.49383
2.49383
2.49383
2.49384
2.49384
2.49385
2.49253
2.49254
2.49254
2.49254
2.49255
2.49255
2.49256
2.49256
2.49257
2.49257
2.48397
2.48397
2.48397
2.48397
2.48398
2.48398
2.48399
2.48399
2.484
2.48401
2.46933
2.46933
2.46934
2.46934
2.46935
2.46935
2.46936
2.46936
2.46937
2.46937
2.44951
2.44951
2.44951
2.44952
2.44952
2.44953
2.44953
2.44954
2.44954
2.44955
2.42514
2.42514
2.42514
2.42515
2.42515
2.42516
2.42516
2.42517
2.42517
2.42518
2.39671
2.39671
2.39671
2.39672
2.39672
2.39673
2.39673
2.39674
2.39674
2.39675
2.3646
2.3646
2.3646
2.36461
2.36461
2.36462
2.36462
2.36463
2.36463
2.36464
2.3291
2.32911
2.32911
2.32911
2.32912
2.32912
2.32913
2.32913
2.32914
2.32915
2.29047
2.29048
2.29048
2.29048
2.29049
2.29049
2.2905
2.2905
2.29051
2.29052
2.24891
2.24891
2.24891
2.24892
2.24892
2.24893
2.24893
2.24894
2.24894
2.24895
2.20458
2.20458
2.20458
2.20459
2.20459
2.2046
2.2046
2.20461
2.20461
2.20462
2.15762
2.15763
2.15763
2.15763
2.15764
2.15764
2.15765
2.15766
2.15766
2.15767
2.10818
2.10819
2.10819
2.10819
2.1082
2.1082
2.10821
2.10822
2.10822
2.10823
2.05637
2.05638
2.05638
2.05638
2.05639
2.05639
2.0564
2.0564
2.05641
2.05642
2.0023
2.0023
2.00231
2.00231
2.00232
2.00232
2.00233
2.00233
2.00234
2.00235
1.94608
1.94608
1.94608
1.94609
1.94609
1.9461
1.9461
1.94611
1.94611
1.94612
1.8878
1.8878
1.88781
1.88781
1.88782
1.88782
1.88783
1.88783
1.88784
1.88785
1.82758
1.82758
1.82758
1.82759
1.82759
1.8276
1.8276
1.82761
1.82762
1.82762
1.76552
1.76552
1.76552
1.76553
1.76553
1.76554
1.76554
1.76555
1.76555
1.76556
1.70173
1.70174
1.70174
1.70174
1.70175
1.70175
1.70176
1.70177
1.70177
1.70178
1.63635
1.63635
1.63636
1.63636
1.63637
1.63637
1.63638
1.63638
1.63639
1.6364
1.5695
1.5695
1.56951
1.56951
1.56952
1.56952
1.56953
1.56953
1.56954
1.56955
1.50134
1.50134
1.50134
1.50135
1.50135
1.50136
1.50137
1.50137
1.50138
1.50139
1.43203
1.43203
1.43204
1.43204
1.43205
1.43205
1.43206
1.43206
1.43207
1.43208
1.36177
1.36177
1.36177
1.36178
1.36178
1.36179
1.36179
1.3618
1.36181
1.36181
1.29077
1.29078
1.29078
1.29078
1.29079
1.2908
1.2908
1.29081
1.29081
1.29082
1.2193
1.21931
1.21931
1.21931
1.21932
1.21932
1.21933
1.21934
1.21934
1.21935
1.14765
1.14766
1.14766
1.14766
1.14767
1.14767
1.14768
1.14769
1.14769
1.1477
1.07617
1.07617
1.07618
1.07618
1.07619
1.07619
1.0762
1.0762
1.07621
1.07622
1.00526
1.00527
1.00527
1.00527
1.00528
1.00528
1.00529
1.00529
1.0053
1.00531
0.935402
0.935405
0.935409
0.935413
0.935418
0.935423
0.935429
0.935434
0.935439
0.935448
0.86714
0.867143
0.867146
0.867151
0.867156
0.867161
0.867166
0.867172
0.867177
0.867186
0.801113
0.801115
0.801119
0.801123
0.801128
0.801133
0.801139
0.801144
0.80115
0.801158
0.738041
0.738043
0.738047
0.738052
0.738057
0.738062
0.738067
0.738072
0.738078
0.738086
0.678727
0.678729
0.678733
0.678738
0.678742
0.678747
0.678753
0.678758
0.678763
0.678772
0.62403
0.624032
0.624036
0.624041
0.624046
0.624051
0.624056
0.624061
0.624066
0.624075
0.574837
0.574839
0.574843
0.574847
0.574852
0.574857
0.574862
0.574867
0.574873
0.574881
0.532011
0.532013
0.532017
0.532021
0.532026
0.532031
0.532036
0.532041
0.532047
0.532055
0.496349
0.496351
0.496355
0.49636
0.496365
0.49637
0.496375
0.49638
0.496385
0.496393
0.46856
0.468562
0.468566
0.46857
0.468575
0.46858
0.468585
0.46859
0.468596
0.468604
0.44929
0.449292
0.449296
0.4493
0.449305
0.44931
0.449315
0.44932
0.449326
0.449333
0.439222
0.439224
0.439228
0.439232
0.439237
0.439242
0.439247
0.439252
0.439257
0.439265
1.68627
1.68627
1.68627
1.68627
1.68627
1.68628
1.68628
1.68628
1.68629
1.68629
2.09051
2.09051
2.09051
2.09052
2.09052
2.09052
2.09053
2.09053
2.09053
2.09054
2.26987
2.26987
2.26987
2.26988
2.26988
2.26989
2.26989
2.26989
2.2699
2.2699
2.37033
2.37033
2.37033
2.37034
2.37034
2.37035
2.37035
2.37035
2.37036
2.37036
2.43049
2.4305
2.4305
2.4305
2.43051
2.43051
2.43052
2.43052
2.43053
2.43053
2.4664
2.4664
2.4664
2.46641
2.46641
2.46642
2.46642
2.46643
2.46643
2.46644
2.48601
2.48601
2.48602
2.48602
2.48603
2.48603
2.48604
2.48604
2.48605
2.48605
2.49381
2.49381
2.49382
2.49382
2.49383
2.49383
2.49383
2.49384
2.49384
2.49385
2.49253
2.49253
2.49254
2.49254
2.49255
2.49255
2.49256
2.49256
2.49257
2.49257
2.48396
2.48397
2.48397
2.48397
2.48398
2.48398
2.48399
2.48399
2.484
2.48401
2.46933
2.46933
2.46934
2.46934
2.46935
2.46935
2.46936
2.46936
2.46937
2.46937
2.44951
2.44951
2.44951
2.44952
2.44952
2.44953
2.44953
2.44954
2.44954
2.44955
2.42514
2.42514
2.42514
2.42515
2.42515
2.42516
2.42516
2.42517
2.42517
2.42518
2.39671
2.39671
2.39671
2.39672
2.39672
2.39673
2.39673
2.39674
2.39674
2.39675
2.3646
2.3646
2.3646
2.36461
2.36461
2.36462
2.36462
2.36463
2.36463
2.36464
2.3291
2.32911
2.32911
2.32911
2.32912
2.32912
2.32913
2.32913
2.32914
2.32915
2.29047
2.29048
2.29048
2.29048
2.29049
2.29049
2.2905
2.29051
2.29051
2.29052
2.24891
2.24891
2.24891
2.24892
2.24892
2.24893
2.24893
2.24894
2.24895
2.24895
2.20457
2.20458
2.20458
2.20459
2.20459
2.2046
2.2046
2.20461
2.20461
2.20462
2.15762
2.15763
2.15763
2.15763
2.15764
2.15765
2.15765
2.15766
2.15766
2.15767
2.10818
2.10819
2.10819
2.10819
2.1082
2.10821
2.10821
2.10822
2.10822
2.10823
2.05637
2.05637
2.05638
2.05638
2.05639
2.05639
2.0564
2.05641
2.05641
2.05642
2.0023
2.0023
2.00231
2.00231
2.00232
2.00232
2.00233
2.00233
2.00234
2.00235
1.94608
1.94608
1.94608
1.94609
1.94609
1.9461
1.9461
1.94611
1.94611
1.94612
1.8878
1.8878
1.88781
1.88781
1.88782
1.88782
1.88783
1.88783
1.88784
1.88785
1.82758
1.82758
1.82758
1.82759
1.82759
1.8276
1.8276
1.82761
1.82762
1.82762
1.76552
1.76552
1.76552
1.76553
1.76553
1.76554
1.76554
1.76555
1.76556
1.76556
1.70173
1.70174
1.70174
1.70174
1.70175
1.70176
1.70176
1.70177
1.70177
1.70178
1.63635
1.63635
1.63636
1.63636
1.63637
1.63637
1.63638
1.63638
1.63639
1.6364
1.5695
1.5695
1.56951
1.56951
1.56952
1.56952
1.56953
1.56953
1.56954
1.56955
1.50134
1.50134
1.50134
1.50135
1.50136
1.50136
1.50137
1.50137
1.50138
1.50139
1.43203
1.43203
1.43204
1.43204
1.43205
1.43205
1.43206
1.43206
1.43207
1.43208
1.36177
1.36177
1.36177
1.36178
1.36178
1.36179
1.3618
1.3618
1.36181
1.36181
1.29077
1.29078
1.29078
1.29079
1.29079
1.2908
1.2908
1.29081
1.29081
1.29082
1.2193
1.21931
1.21931
1.21931
1.21932
1.21933
1.21933
1.21934
1.21934
1.21935
1.14765
1.14766
1.14766
1.14767
1.14767
1.14768
1.14768
1.14769
1.14769
1.1477
1.07617
1.07617
1.07618
1.07618
1.07619
1.07619
1.0762
1.0762
1.07621
1.07622
1.00526
1.00527
1.00527
1.00527
1.00528
1.00528
1.00529
1.0053
1.0053
1.00531
0.935402
0.935405
0.935409
0.935414
0.935419
0.935424
0.935429
0.935435
0.93544
0.935448
0.86714
0.867143
0.867147
0.867152
0.867157
0.867162
0.867167
0.867172
0.867178
0.867186
0.801113
0.801115
0.801119
0.801124
0.801129
0.801134
0.801139
0.801145
0.80115
0.801158
0.738041
0.738044
0.738048
0.738053
0.738058
0.738063
0.738068
0.738073
0.738079
0.738087
0.678727
0.678729
0.678733
0.678738
0.678743
0.678748
0.678753
0.678759
0.678764
0.678772
0.62403
0.624033
0.624037
0.624041
0.624046
0.624051
0.624056
0.624062
0.624067
0.624075
0.574837
0.574839
0.574843
0.574848
0.574853
0.574858
0.574863
0.574868
0.574874
0.574882
0.532011
0.532013
0.532017
0.532022
0.532027
0.532032
0.532037
0.532042
0.532048
0.532055
0.49635
0.496352
0.496356
0.49636
0.496365
0.49637
0.496375
0.496381
0.496386
0.496394
0.46856
0.468563
0.468566
0.468571
0.468576
0.468581
0.468586
0.468591
0.468597
0.468604
0.44929
0.449293
0.449296
0.449301
0.449306
0.449311
0.449316
0.449321
0.449326
0.449334
0.439222
0.439224
0.439228
0.439233
0.439238
0.439243
0.439248
0.439253
0.439258
0.439266
)
;

boundaryField
{
    inlet
    {
        type            calculated;
        value           nonuniform List<scalar> 
500
(
1.68626
2.09051
2.26987
2.37033
2.4305
2.46641
2.48602
2.49382
2.49254
2.48397
2.46934
2.44952
2.42515
2.39671
2.3646
2.32911
2.29048
2.24891
2.20458
2.15763
2.10819
2.05638
2.00231
1.94608
1.8878
1.82758
1.76552
1.70174
1.63635
1.5695
1.50134
1.43203
1.36177
1.29078
1.2193
1.14765
1.07617
1.00526
0.935403
0.867141
0.801113
0.738042
0.678727
0.624031
0.574837
0.532011
0.49635
0.46856
0.44929
0.439222
1.68626
2.09051
2.26987
2.37033
2.4305
2.4664
2.48602
2.49382
2.49254
2.48397
2.46934
2.44952
2.42514
2.39671
2.3646
2.32911
2.29048
2.24891
2.20458
2.15763
2.10819
2.05638
2.00231
1.94608
1.8878
1.82758
1.76552
1.70174
1.63635
1.5695
1.50134
1.43203
1.36177
1.29077
1.2193
1.14765
1.07617
1.00526
0.935402
0.86714
0.801113
0.738041
0.678727
0.62403
0.574836
0.532011
0.496349
0.468559
0.449289
0.439221
1.68626
2.09051
2.26987
2.37033
2.4305
2.46641
2.48602
2.49382
2.49254
2.48397
2.46934
2.44952
2.42514
2.39671
2.3646
2.32911
2.29048
2.24891
2.20458
2.15763
2.10819
2.05638
2.00231
1.94608
1.8878
1.82758
1.76552
1.70174
1.63635
1.5695
1.50134
1.43203
1.36177
1.29078
1.2193
1.14765
1.07617
1.00526
0.935403
0.86714
0.801113
0.738041
0.678727
0.62403
0.574837
0.532011
0.496349
0.468559
0.449289
0.439221
1.68626
2.09051
2.26987
2.37033
2.4305
2.4664
2.48602
2.49382
2.49254
2.48397
2.46934
2.44951
2.42514
2.39671
2.3646
2.32911
2.29048
2.24891
2.20458
2.15763
2.10819
2.05638
2.0023
1.94608
1.8878
1.82758
1.76552
1.70174
1.63635
1.5695
1.50134
1.43203
1.36177
1.29077
1.2193
1.14765
1.07617
1.00526
0.935402
0.86714
0.801113
0.738041
0.678727
0.62403
0.574836
0.53201
0.496349
0.468559
0.449289
0.439221
1.68626
2.09051
2.26987
2.37033
2.4305
2.4664
2.48602
2.49382
2.49254
2.48397
2.46934
2.44951
2.42514
2.39671
2.3646
2.32911
2.29048
2.24891
2.20458
2.15763
2.10819
2.05638
2.0023
1.94608
1.8878
1.82758
1.76552
1.70174
1.63635
1.5695
1.50134
1.43203
1.36177
1.29077
1.2193
1.14765
1.07617
1.00526
0.935402
0.86714
0.801113
0.738041
0.678727
0.62403
0.574836
0.53201
0.496349
0.468559
0.449289
0.439221
1.68626
2.09051
2.26987
2.37033
2.4305
2.4664
2.48602
2.49382
2.49254
2.48397
2.46934
2.44951
2.42514
2.39671
2.3646
2.32911
2.29048
2.24891
2.20458
2.15763
2.10819
2.05638
2.0023
1.94608
1.8878
1.82758
1.76552
1.70173
1.63635
1.5695
1.50134
1.43203
1.36177
1.29077
1.2193
1.14765
1.07617
1.00526
0.935402
0.86714
0.801113
0.738041
0.678727
0.62403
0.574836
0.53201
0.496349
0.468559
0.449289
0.439221
1.68627
2.09051
2.26987
2.37033
2.4305
2.4664
2.48602
2.49382
2.49254
2.48397
2.46934
2.44951
2.42514
2.39671
2.3646
2.32911
2.29048
2.24891
2.20458
2.15763
2.10819
2.05637
2.0023
1.94608
1.8878
1.82758
1.76552
1.70173
1.63635
1.5695
1.50134
1.43203
1.36177
1.29077
1.2193
1.14765
1.07617
1.00526
0.935402
0.86714
0.801113
0.738041
0.678727
0.62403
0.574836
0.53201
0.496349
0.468559
0.449289
0.439221
1.68627
2.09051
2.26987
2.37033
2.4305
2.4664
2.48601
2.49381
2.49254
2.48397
2.46933
2.44951
2.42514
2.39671
2.3646
2.32911
2.29048
2.24891
2.20458
2.15762
2.10818
2.05637
2.0023
1.94608
1.8878
1.82758
1.76552
1.70173
1.63635
1.5695
1.50134
1.43203
1.36177
1.29077
1.2193
1.14765
1.07617
1.00526
0.935402
0.86714
0.801113
0.738041
0.678727
0.62403
0.574837
0.532011
0.496349
0.46856
0.44929
0.439221
1.68627
2.09051
2.26987
2.37033
2.4305
2.4664
2.48601
2.49381
2.49253
2.48397
2.46933
2.44951
2.42514
2.39671
2.3646
2.3291
2.29047
2.24891
2.20458
2.15762
2.10818
2.05637
2.0023
1.94608
1.8878
1.82758
1.76552
1.70173
1.63635
1.5695
1.50134
1.43203
1.36177
1.29077
1.2193
1.14765
1.07617
1.00526
0.935402
0.86714
0.801113
0.738041
0.678727
0.62403
0.574837
0.532011
0.496349
0.46856
0.44929
0.439222
1.68627
2.09051
2.26987
2.37033
2.43049
2.4664
2.48601
2.49381
2.49253
2.48396
2.46933
2.44951
2.42514
2.39671
2.3646
2.3291
2.29047
2.24891
2.20457
2.15762
2.10818
2.05637
2.0023
1.94608
1.8878
1.82758
1.76552
1.70173
1.63635
1.5695
1.50134
1.43203
1.36177
1.29077
1.2193
1.14765
1.07617
1.00526
0.935402
0.86714
0.801113
0.738041
0.678727
0.62403
0.574837
0.532011
0.49635
0.46856
0.44929
0.439222
)
;
    }
    outlet
    {
        type            calculated;
        value           nonuniform List<scalar> 
500
(
1.68628
2.09053
2.2699
2.37036
2.43053
2.46644
2.48605
2.49385
2.49257
2.48401
2.46938
2.44955
2.42518
2.39675
2.36464
2.32915
2.29052
2.24895
2.20462
2.15767
2.10823
2.05642
2.00235
1.94612
1.88785
1.82762
1.76556
1.70178
1.6364
1.56955
1.50138
1.43208
1.36181
1.29082
1.21935
1.1477
1.07622
1.00531
0.935447
0.867185
0.801157
0.738086
0.678771
0.624074
0.574881
0.532055
0.496393
0.468604
0.449333
0.439265
1.68628
2.09053
2.2699
2.37036
2.43053
2.46644
2.48605
2.49385
2.49257
2.48401
2.46937
2.44955
2.42518
2.39675
2.36464
2.32915
2.29052
2.24895
2.20462
2.15767
2.10823
2.05642
2.00235
1.94612
1.88785
1.82762
1.76556
1.70178
1.6364
1.56955
1.50138
1.43208
1.36181
1.29082
1.21935
1.1477
1.07622
1.00531
0.935447
0.867185
0.801157
0.738085
0.678771
0.624074
0.57488
0.532054
0.496392
0.468603
0.449333
0.439264
1.68629
2.09053
2.2699
2.37036
2.43053
2.46644
2.48605
2.49385
2.49257
2.48401
2.46937
2.44955
2.42518
2.39675
2.36464
2.32915
2.29052
2.24895
2.20462
2.15767
2.10823
2.05642
2.00235
1.94612
1.88785
1.82762
1.76556
1.70178
1.6364
1.56955
1.50138
1.43208
1.36181
1.29082
1.21935
1.1477
1.07622
1.00531
0.935447
0.867185
0.801157
0.738085
0.678771
0.624074
0.57488
0.532054
0.496393
0.468603
0.449333
0.439264
1.68629
2.09053
2.2699
2.37036
2.43053
2.46643
2.48605
2.49385
2.49257
2.48401
2.46937
2.44955
2.42518
2.39675
2.36464
2.32915
2.29052
2.24895
2.20462
2.15767
2.10823
2.05642
2.00235
1.94612
1.88785
1.82762
1.76556
1.70178
1.6364
1.56955
1.50138
1.43208
1.36181
1.29082
1.21935
1.1477
1.07622
1.00531
0.935447
0.867185
0.801157
0.738085
0.678771
0.624074
0.57488
0.532054
0.496392
0.468603
0.449333
0.439264
1.68629
2.09054
2.2699
2.37036
2.43053
2.46644
2.48605
2.49385
2.49257
2.48401
2.46937
2.44955
2.42518
2.39675
2.36464
2.32915
2.29052
2.24895
2.20462
2.15767
2.10823
2.05642
2.00235
1.94612
1.88785
1.82762
1.76556
1.70178
1.6364
1.56955
1.50138
1.43208
1.36181
1.29082
1.21935
1.1477
1.07622
1.00531
0.935447
0.867185
0.801157
0.738085
0.678771
0.624074
0.57488
0.532054
0.496392
0.468603
0.449333
0.439264
1.68629
2.09054
2.2699
2.37036
2.43053
2.46643
2.48605
2.49385
2.49257
2.48401
2.46937
2.44955
2.42518
2.39675
2.36464
2.32915
2.29052
2.24895
2.20462
2.15767
2.10823
2.05642
2.00235
1.94612
1.88785
1.82762
1.76556
1.70178
1.6364
1.56955
1.50138
1.43208
1.36181
1.29082
1.21935
1.1477
1.07622
1.00531
0.935447
0.867185
0.801157
0.738086
0.678771
0.624074
0.57488
0.532054
0.496392
0.468603
0.449333
0.439264
1.68629
2.09054
2.2699
2.37036
2.43053
2.46644
2.48605
2.49385
2.49257
2.48401
2.46937
2.44955
2.42518
2.39675
2.36464
2.32915
2.29052
2.24895
2.20462
2.15767
2.10823
2.05642
2.00235
1.94612
1.88785
1.82762
1.76556
1.70178
1.6364
1.56955
1.50138
1.43208
1.36181
1.29082
1.21935
1.1477
1.07622
1.00531
0.935447
0.867185
0.801157
0.738086
0.678771
0.624074
0.57488
0.532054
0.496393
0.468603
0.449333
0.439265
1.68629
2.09054
2.2699
2.37036
2.43053
2.46644
2.48605
2.49385
2.49257
2.48401
2.46937
2.44955
2.42518
2.39675
2.36464
2.32915
2.29052
2.24895
2.20462
2.15767
2.10823
2.05642
2.00235
1.94612
1.88785
1.82762
1.76556
1.70178
1.6364
1.56955
1.50138
1.43208
1.36181
1.29082
1.21935
1.1477
1.07622
1.00531
0.935448
0.867185
0.801158
0.738086
0.678771
0.624074
0.574881
0.532055
0.496393
0.468603
0.449333
0.439265
1.68629
2.09054
2.2699
2.37036
2.43053
2.46644
2.48605
2.49385
2.49257
2.48401
2.46937
2.44955
2.42518
2.39675
2.36464
2.32915
2.29052
2.24895
2.20462
2.15767
2.10823
2.05642
2.00235
1.94612
1.88785
1.82762
1.76556
1.70178
1.6364
1.56955
1.50139
1.43208
1.36181
1.29082
1.21935
1.1477
1.07622
1.00531
0.935448
0.867186
0.801158
0.738086
0.678772
0.624075
0.574881
0.532055
0.496393
0.468604
0.449333
0.439265
1.68629
2.09054
2.2699
2.37036
2.43053
2.46644
2.48605
2.49385
2.49257
2.48401
2.46937
2.44955
2.42518
2.39675
2.36464
2.32915
2.29052
2.24895
2.20462
2.15767
2.10823
2.05642
2.00235
1.94612
1.88785
1.82762
1.76556
1.70178
1.6364
1.56955
1.50139
1.43208
1.36181
1.29082
1.21935
1.1477
1.07622
1.00531
0.935448
0.867186
0.801158
0.738087
0.678772
0.624075
0.574882
0.532055
0.496394
0.468604
0.449334
0.439266
)
;
    }
    sideLeft
    {
        type            calculated;
        value           nonuniform List<scalar> 
500
(
1.68626
2.09051
2.26987
2.37033
2.4305
2.46641
2.48602
2.49382
2.49254
2.48397
2.46934
2.44952
2.42515
2.39671
2.3646
2.32911
2.29048
2.24891
2.20458
2.15763
2.10819
2.05638
2.00231
1.94608
1.8878
1.82758
1.76552
1.70174
1.63635
1.5695
1.50134
1.43203
1.36177
1.29078
1.2193
1.14765
1.07617
1.00526
0.935403
0.867141
0.801113
0.738042
0.678727
0.624031
0.574837
0.532011
0.49635
0.46856
0.44929
0.439222
1.68626
2.09051
2.26987
2.37033
2.4305
2.46641
2.48602
2.49382
2.49254
2.48397
2.46934
2.44952
2.42515
2.39672
2.36461
2.32911
2.29048
2.24892
2.20458
2.15763
2.10819
2.05638
2.00231
1.94608
1.88781
1.82758
1.76552
1.70174
1.63635
1.56951
1.50134
1.43203
1.36177
1.29078
1.21931
1.14766
1.07617
1.00527
0.935405
0.867143
0.801115
0.738044
0.67873
0.624033
0.574839
0.532013
0.496352
0.468562
0.449292
0.439224
1.68627
2.09051
2.26988
2.37034
2.4305
2.46641
2.48602
2.49382
2.49255
2.48398
2.46934
2.44952
2.42515
2.39672
2.36461
2.32912
2.29049
2.24892
2.20459
2.15763
2.10819
2.05638
2.00231
1.94609
1.88781
1.82759
1.76553
1.70174
1.63636
1.56951
1.50135
1.43204
1.36178
1.29078
1.21931
1.14766
1.07618
1.00527
0.935409
0.867147
0.801119
0.738048
0.678733
0.624037
0.574843
0.532017
0.496356
0.468566
0.449296
0.439228
1.68627
2.09051
2.26988
2.37034
2.43051
2.46641
2.48603
2.49383
2.49255
2.48398
2.46935
2.44952
2.42515
2.39672
2.36461
2.32912
2.29049
2.24892
2.20459
2.15764
2.1082
2.05639
2.00232
1.94609
1.88781
1.82759
1.76553
1.70175
1.63636
1.56951
1.50135
1.43204
1.36178
1.29079
1.21932
1.14767
1.07618
1.00527
0.935414
0.867151
0.801124
0.738052
0.678738
0.624041
0.574848
0.532022
0.49636
0.468571
0.4493
0.439232
1.68627
2.09052
2.26988
2.37034
2.43051
2.46642
2.48603
2.49383
2.49255
2.48398
2.46935
2.44953
2.42516
2.39673
2.36462
2.32912
2.29049
2.24893
2.20459
2.15764
2.1082
2.05639
2.00232
1.94609
1.88782
1.8276
1.76553
1.70175
1.63637
1.56952
1.50136
1.43205
1.36178
1.29079
1.21932
1.14767
1.07619
1.00528
0.935418
0.867156
0.801129
0.738057
0.678743
0.624046
0.574852
0.532026
0.496365
0.468575
0.449305
0.439237
1.68627
2.09052
2.26988
2.37035
2.43051
2.46642
2.48603
2.49383
2.49256
2.48399
2.46936
2.44953
2.42516
2.39673
2.36462
2.32913
2.2905
2.24893
2.2046
2.15765
2.10821
2.0564
2.00233
1.9461
1.88782
1.8276
1.76554
1.70176
1.63637
1.56952
1.50136
1.43205
1.36179
1.2908
1.21932
1.14768
1.07619
1.00528
0.935423
0.867161
0.801133
0.738062
0.678747
0.624051
0.574857
0.532031
0.49637
0.46858
0.44931
0.439242
1.68627
2.09052
2.26989
2.37035
2.43052
2.46642
2.48604
2.49384
2.49256
2.48399
2.46936
2.44954
2.42517
2.39674
2.36462
2.32913
2.2905
2.24894
2.2046
2.15765
2.10821
2.0564
2.00233
1.9461
1.88783
1.8276
1.76554
1.70176
1.63638
1.56953
1.50137
1.43206
1.36179
1.2908
1.21933
1.14768
1.0762
1.00529
0.935428
0.867166
0.801138
0.738067
0.678752
0.624056
0.574862
0.532036
0.496375
0.468585
0.449315
0.439247
1.68628
2.09052
2.26989
2.37035
2.43052
2.46643
2.48604
2.49384
2.49256
2.484
2.46936
2.44954
2.42517
2.39674
2.36463
2.32914
2.29051
2.24894
2.20461
2.15766
2.10822
2.05641
2.00233
1.94611
1.88783
1.82761
1.76555
1.70177
1.63638
1.56953
1.50137
1.43206
1.3618
1.29081
1.21934
1.14769
1.0762
1.00529
0.935433
0.867171
0.801144
0.738072
0.678758
0.624061
0.574867
0.532041
0.49638
0.46859
0.44932
0.439252
1.68628
2.09053
2.26989
2.37036
2.43052
2.46643
2.48605
2.49384
2.49257
2.484
2.46937
2.44954
2.42517
2.39674
2.36463
2.32914
2.29051
2.24895
2.20461
2.15766
2.10822
2.05641
2.00234
1.94611
1.88784
1.82762
1.76555
1.70177
1.63639
1.56954
1.50138
1.43207
1.36181
1.29081
1.21934
1.14769
1.07621
1.0053
0.935439
0.867177
0.801149
0.738077
0.678763
0.624066
0.574873
0.532047
0.496385
0.468596
0.449325
0.439257
1.68628
2.09053
2.2699
2.37036
2.43053
2.46644
2.48605
2.49385
2.49257
2.48401
2.46938
2.44955
2.42518
2.39675
2.36464
2.32915
2.29052
2.24895
2.20462
2.15767
2.10823
2.05642
2.00235
1.94612
1.88785
1.82762
1.76556
1.70178
1.6364
1.56955
1.50138
1.43208
1.36181
1.29082
1.21935
1.1477
1.07622
1.00531
0.935447
0.867185
0.801157
0.738086
0.678771
0.624074
0.574881
0.532055
0.496393
0.468604
0.449333
0.439265
)
;
    }
    sideRight
    {
        type            calculated;
        value           nonuniform List<scalar> 
500
(
1.68627
2.09051
2.26987
2.37033
2.43049
2.4664
2.48601
2.49381
2.49253
2.48396
2.46933
2.44951
2.42514
2.39671
2.3646
2.3291
2.29047
2.24891
2.20457
2.15762
2.10818
2.05637
2.0023
1.94608
1.8878
1.82758
1.76552
1.70173
1.63635
1.5695
1.50134
1.43203
1.36177
1.29077
1.2193
1.14765
1.07617
1.00526
0.935402
0.86714
0.801113
0.738041
0.678727
0.62403
0.574837
0.532011
0.49635
0.46856
0.44929
0.439222
1.68627
2.09051
2.26987
2.37033
2.4305
2.4664
2.48601
2.49381
2.49253
2.48397
2.46933
2.44951
2.42514
2.39671
2.3646
2.32911
2.29048
2.24891
2.20458
2.15763
2.10819
2.05637
2.0023
1.94608
1.8878
1.82758
1.76552
1.70174
1.63635
1.5695
1.50134
1.43203
1.36177
1.29078
1.21931
1.14766
1.07617
1.00527
0.935405
0.867143
0.801115
0.738044
0.678729
0.624033
0.574839
0.532013
0.496352
0.468563
0.449293
0.439224
1.68627
2.09051
2.26987
2.37033
2.4305
2.4664
2.48602
2.49382
2.49254
2.48397
2.46934
2.44951
2.42514
2.39671
2.3646
2.32911
2.29048
2.24891
2.20458
2.15763
2.10819
2.05638
2.00231
1.94608
1.88781
1.82758
1.76552
1.70174
1.63636
1.56951
1.50134
1.43204
1.36177
1.29078
1.21931
1.14766
1.07618
1.00527
0.935409
0.867147
0.801119
0.738048
0.678733
0.624037
0.574843
0.532017
0.496356
0.468566
0.449296
0.439228
1.68627
2.09052
2.26988
2.37034
2.4305
2.46641
2.48602
2.49382
2.49254
2.48397
2.46934
2.44952
2.42515
2.39672
2.36461
2.32911
2.29048
2.24892
2.20459
2.15763
2.10819
2.05638
2.00231
1.94609
1.88781
1.82759
1.76553
1.70174
1.63636
1.56951
1.50135
1.43204
1.36178
1.29079
1.21931
1.14767
1.07618
1.00527
0.935414
0.867152
0.801124
0.738053
0.678738
0.624041
0.574848
0.532022
0.49636
0.468571
0.449301
0.439233
1.68627
2.09052
2.26988
2.37034
2.43051
2.46641
2.48603
2.49383
2.49255
2.48398
2.46935
2.44952
2.42515
2.39672
2.36461
2.32912
2.29049
2.24892
2.20459
2.15764
2.1082
2.05639
2.00232
1.94609
1.88782
1.82759
1.76553
1.70175
1.63637
1.56952
1.50136
1.43205
1.36178
1.29079
1.21932
1.14767
1.07619
1.00528
0.935419
0.867157
0.801129
0.738058
0.678743
0.624046
0.574853
0.532027
0.496365
0.468576
0.449306
0.439238
1.68628
2.09052
2.26989
2.37035
2.43051
2.46642
2.48603
2.49383
2.49255
2.48398
2.46935
2.44953
2.42516
2.39673
2.36462
2.32912
2.29049
2.24893
2.2046
2.15765
2.10821
2.05639
2.00232
1.9461
1.88782
1.8276
1.76554
1.70176
1.63637
1.56952
1.50136
1.43205
1.36179
1.2908
1.21933
1.14768
1.07619
1.00528
0.935424
0.867162
0.801134
0.738063
0.678748
0.624051
0.574858
0.532032
0.49637
0.468581
0.449311
0.439243
1.68628
2.09053
2.26989
2.37035
2.43052
2.46642
2.48604
2.49383
2.49256
2.48399
2.46936
2.44953
2.42516
2.39673
2.36462
2.32913
2.2905
2.24893
2.2046
2.15765
2.10821
2.0564
2.00233
1.9461
1.88783
1.8276
1.76554
1.70176
1.63638
1.56953
1.50137
1.43206
1.3618
1.2908
1.21933
1.14768
1.0762
1.00529
0.935429
0.867167
0.801139
0.738068
0.678753
0.624056
0.574863
0.532037
0.496375
0.468586
0.449316
0.439248
1.68628
2.09053
2.26989
2.37035
2.43052
2.46643
2.48604
2.49384
2.49256
2.48399
2.46936
2.44954
2.42517
2.39674
2.36463
2.32913
2.29051
2.24894
2.20461
2.15766
2.10822
2.05641
2.00233
1.94611
1.88783
1.82761
1.76555
1.70177
1.63638
1.56953
1.50137
1.43206
1.3618
1.29081
1.21934
1.14769
1.0762
1.0053
0.935435
0.867172
0.801145
0.738073
0.678759
0.624062
0.574868
0.532042
0.496381
0.468591
0.449321
0.439253
1.68629
2.09053
2.2699
2.37036
2.43053
2.46643
2.48605
2.49384
2.49257
2.484
2.46937
2.44954
2.42517
2.39674
2.36463
2.32914
2.29051
2.24895
2.20461
2.15766
2.10822
2.05641
2.00234
1.94611
1.88784
1.82762
1.76556
1.70177
1.63639
1.56954
1.50138
1.43207
1.36181
1.29081
1.21934
1.14769
1.07621
1.0053
0.93544
0.867178
0.80115
0.738079
0.678764
0.624067
0.574874
0.532048
0.496386
0.468597
0.449326
0.439258
1.68629
2.09054
2.2699
2.37036
2.43053
2.46644
2.48605
2.49385
2.49257
2.48401
2.46937
2.44955
2.42518
2.39675
2.36464
2.32915
2.29052
2.24895
2.20462
2.15767
2.10823
2.05642
2.00235
1.94612
1.88785
1.82762
1.76556
1.70178
1.6364
1.56955
1.50139
1.43208
1.36181
1.29082
1.21935
1.1477
1.07622
1.00531
0.935448
0.867186
0.801158
0.738087
0.678772
0.624075
0.574882
0.532055
0.496394
0.468604
0.449334
0.439266
)
;
    }
    top
    {
        type            symmetryPlane;
        value           nonuniform List<scalar> 
100
(
0.439222
0.439221
0.439221
0.439221
0.439221
0.439221
0.439221
0.439221
0.439222
0.439222
0.439224
0.439223
0.439223
0.439223
0.439223
0.439223
0.439223
0.439224
0.439224
0.439224
0.439228
0.439227
0.439227
0.439227
0.439227
0.439227
0.439227
0.439227
0.439228
0.439228
0.439232
0.439231
0.439231
0.439231
0.439231
0.439231
0.439232
0.439232
0.439232
0.439233
0.439237
0.439236
0.439236
0.439236
0.439236
0.439236
0.439236
0.439237
0.439237
0.439238
0.439242
0.439241
0.439241
0.439241
0.439241
0.439241
0.439241
0.439242
0.439242
0.439243
0.439247
0.439246
0.439246
0.439246
0.439246
0.439246
0.439246
0.439247
0.439247
0.439248
0.439252
0.439251
0.439251
0.439251
0.439251
0.439251
0.439251
0.439252
0.439252
0.439253
0.439257
0.439256
0.439256
0.439256
0.439256
0.439257
0.439257
0.439257
0.439257
0.439258
0.439265
0.439264
0.439264
0.439264
0.439264
0.439264
0.439265
0.439265
0.439265
0.439266
)
;
    }
    bottomRoughWall
    {
        type            calculated;
        value           uniform 0;
    }
}


// ************************************************************************* //
