0.00885098 6.20263 	1.52528 	1.22799e-10 	
0.0269366 8.1657 	1.92447 	1.6115e-09 	
0.0458063 9.22571 	2.10304 	-8.66299e-10 	
0.065494 9.94917 	2.20221 	-4.65753e-09 	
0.0860352 10.5025 	2.2618 	-8.39305e-09 	
0.107467 10.9545 	2.29775 	-8.02961e-09 	
0.129828 11.3396 	2.31786 	-7.17555e-09 	
0.153158 11.677 	2.32643 	-1.01875e-08 	
0.177499 11.9789 	2.3261 	-1.35142e-08 	
0.202896 12.253 	2.31858 	-1.17879e-08 	
0.229393 12.5049 	2.30505 	-5.56965e-09 	
0.25704 12.7385 	2.28635 	3.428e-09 	
0.285885 12.9567 	2.2631 	1.14879e-08 	
0.31598 13.1618 	2.23579 	1.37512e-08 	
0.34738 13.3553 	2.20479 	6.37806e-09 	
0.380141 13.5387 	2.1704 	6.99687e-10 	
0.414323 13.7131 	2.13288 	-6.38084e-09 	
0.449986 13.8793 	2.09245 	-5.55352e-09 	
0.487195 14.038 	2.04931 	-3.66819e-09 	
0.526017 14.1897 	2.00362 	-1.53719e-09 	
0.566523 14.335 	1.95556 	-1.28514e-09 	
0.608784 14.4742 	1.9053 	-4.97746e-10 	
0.652877 14.6076 	1.85301 	3.61393e-10 	
0.698882 14.7354 	1.79887 	1.08583e-10 	
0.746881 14.8578 	1.74305 	-5.45721e-10 	
0.796961 14.975 	1.68577 	-8.8704e-10 	
0.849212 15.087 	1.62724 	-7.30396e-10 	
0.903728 15.1939 	1.5677 	-2.13073e-10 	
0.960607 15.2958 	1.50742 	-1.15374e-09 	
1.01995 15.3926 	1.44668 	1.37195e-08 	
1.08187 15.4843 	1.38581 	1.61716e-08 	
1.14647 15.571 	1.32515 	6.56849e-09 	
1.21388 15.6525 	1.26506 	3.98988e-09 	
1.2842 15.7288 	1.20593 	3.65548e-09 	
1.35757 15.8 	1.14814 	8.75813e-10 	
1.43413 15.866 	1.09211 	-4.51693e-09 	
1.514 15.9268 	1.03822 	-7.7018e-09 	
1.59733 15.9824 	0.986854 	-7.80949e-09 	
1.68428 16.033 	0.938352 	-5.12151e-09 	
1.775 16.0786 	0.893022 	5.54675e-09 	
1.86965 16.1193 	0.851121 	1.12519e-08 	
1.9684 16.1554 	0.812855 	4.44202e-09 	
2.07144 16.187 	0.778379 	-2.93781e-09 	
2.17894 16.2144 	0.747803 	-9.16408e-09 	
2.2911 16.2376 	0.721205 	-8.63729e-09 	
2.40812 16.2569 	0.698648 	8.84284e-10 	
2.53022 16.2724 	0.680202 	4.06187e-09 	
2.65761 16.2843 	0.665974 	6.26348e-09 	
2.79052 16.2923 	0.656142 	3.57768e-10 	
2.92919 16.2966 	0.650996 	-1.50081e-09 	
