0.00885098 6.20263 1.52528 3.0088
0.0269366 8.1657 1.92447 3.08261
0.0458063 9.22571 2.10304 2.97108
0.065494 9.94917 2.20221 2.88062
0.0860352 10.5025 2.2618 2.80677
0.107467 10.9545 2.29775 2.74296
0.129828 11.3396 2.31786 2.68536
0.153158 11.677 2.32643 2.6318
0.177499 11.9789 2.3261 2.58097
0.202896 12.253 2.31858 2.53202
0.229393 12.5049 2.30505 2.48442
0.25704 12.7385 2.28635 2.43777
0.285885 12.9567 2.2631 2.39179
0.31598 13.1618 2.23579 2.34628
0.34738 13.3553 2.20479 2.30108
0.380141 13.5387 2.1704 2.25606
0.414323 13.7131 2.13288 2.21113
0.449986 13.8793 2.09245 2.1662
0.487195 14.038 2.04931 2.1212
0.526017 14.1897 2.00362 2.0761
0.566523 14.335 1.95556 2.03085
0.608784 14.4742 1.9053 1.98542
0.652877 14.6076 1.85301 1.93979
0.698882 14.7354 1.79887 1.89398
0.746881 14.8578 1.74305 1.84798
0.796961 14.975 1.68577 1.80182
0.849212 15.087 1.62724 1.75555
0.903728 15.1939 1.5677 1.70923
0.960607 15.2958 1.50742 1.66294
1.01995 15.3926 1.44668 1.61681
1.08187 15.4843 1.38581 1.57096
1.14647 15.571 1.32515 1.52557
1.21388 15.6525 1.26506 1.48082
1.2842 15.7288 1.20593 1.43693
1.35757 15.8 1.14814 1.39415
1.43413 15.866 1.09211 1.35272
1.514 15.9268 1.03822 1.31292
1.59733 15.9824 0.986854 1.27501
1.68428 16.033 0.938352 1.23923
1.775 16.0786 0.893022 1.20582
1.86965 16.1193 0.851121 1.17496
1.9684 16.1554 0.812855 1.14683
2.07144 16.187 0.778379 1.12152
2.17894 16.2144 0.747803 1.09912
2.2911 16.2376 0.721205 1.07969
2.40812 16.2569 0.698648 1.06325
2.53022 16.2724 0.680202 1.04983
2.65761 16.2843 0.665974 1.03951
2.79052 16.2923 0.656142 1.03239
2.92919 16.2966 0.650996 1.02867
