0.00885098 6.20263 	1.52528 	-1.913e-09 	
0.0269366 8.1657 	1.92447 	-2.62988e-09 	
0.0458063 9.22571 	2.10304 	5.09235e-10 	
0.065494 9.94917 	2.20221 	3.04329e-09 	
0.0860352 10.5025 	2.2618 	7.2066e-09 	
0.107467 10.9545 	2.29775 	4.72782e-09 	
0.129828 11.3396 	2.31786 	5.29111e-11 	
0.153158 11.677 	2.32643 	-2.7698e-09 	
0.177499 11.9789 	2.3261 	-7.60657e-09 	
0.202896 12.253 	2.31858 	-9.58868e-09 	
0.229393 12.5049 	2.30505 	-6.11427e-09 	
0.25704 12.7385 	2.28635 	-2.80987e-09 	
0.285885 12.9567 	2.2631 	-1.95959e-09 	
0.31598 13.1618 	2.23579 	-4.72227e-09 	
0.34738 13.3553 	2.20479 	3.54921e-10 	
0.380141 13.5387 	2.1704 	5.32576e-09 	
0.414323 13.7131 	2.13288 	1.23727e-08 	
0.449986 13.8793 	2.09245 	1.10412e-08 	
0.487195 14.038 	2.04931 	6.05034e-09 	
0.526017 14.1897 	2.00362 	6.31917e-10 	
0.566523 14.335 	1.95556 	3.42963e-10 	
0.608784 14.4742 	1.9053 	7.62095e-12 	
0.652877 14.6076 	1.85301 	-4.68093e-10 	
0.698882 14.7354 	1.79887 	-4.15265e-10 	
0.746881 14.8578 	1.74305 	-1.95168e-09 	
0.796961 14.975 	1.68577 	-5.17214e-09 	
0.849212 15.087 	1.62724 	-1.14497e-08 	
0.903728 15.1939 	1.5677 	-7.39573e-09 	
0.960607 15.2958 	1.50742 	2.23624e-10 	
1.01995 15.3926 	1.44668 	3.25454e-09 	
1.08187 15.4843 	1.38581 	8.43328e-09 	
1.14647 15.571 	1.32515 	1.54081e-08 	
1.21388 15.6525 	1.26506 	5.57538e-09 	
1.2842 15.7288 	1.20593 	-4.76857e-10 	
1.35757 15.8 	1.14814 	-1.19894e-08 	
1.43413 15.866 	1.09211 	-1.11246e-08 	
1.514 15.9268 	1.03822 	4.86462e-09 	
1.59733 15.9824 	0.986854 	8.02131e-09 	
1.68428 16.033 	0.938352 	-3.00182e-09 	
1.775 16.0786 	0.893022 	-5.14843e-09 	
1.86965 16.1193 	0.851121 	6.74198e-10 	
1.9684 16.1554 	0.812855 	2.66011e-09 	
2.07144 16.187 	0.778379 	-4.9755e-09 	
2.17894 16.2144 	0.747803 	-4.54446e-09 	
2.2911 16.2376 	0.721205 	-1.21516e-09 	
2.40812 16.2569 	0.698648 	9.48767e-10 	
2.53022 16.2724 	0.680202 	-2.08353e-10 	
2.65761 16.2843 	0.665974 	2.75933e-09 	
2.79052 16.2923 	0.656142 	2.25317e-09 	
2.92919 16.2966 	0.650996 	-2.1632e-09 	
