0.00885098 6.20263 	1.52528 	3.46797e-12 	
0.0269366 8.1657 	1.92447 	-2.38175e-10 	
0.0458063 9.22571 	2.10304 	-3.16247e-09 	
0.065494 9.94917 	2.20221 	-7.85106e-09 	
0.0860352 10.5025 	2.2618 	-6.67255e-09 	
0.107467 10.9545 	2.29775 	1.98475e-09 	
0.129828 11.3396 	2.31786 	3.08292e-09 	
0.153158 11.677 	2.32643 	5.48485e-10 	
0.177499 11.9789 	2.3261 	-1.75035e-09 	
0.202896 12.253 	2.31858 	-2.43256e-09 	
0.229393 12.5049 	2.30505 	-4.21358e-09 	
0.25704 12.7385 	2.28635 	-4.77027e-09 	
0.285885 12.9567 	2.2631 	-6.26385e-09 	
0.31598 13.1618 	2.23579 	-6.14829e-09 	
0.34738 13.3553 	2.20479 	-1.60103e-09 	
0.380141 13.5387 	2.1704 	9.90282e-10 	
0.414323 13.7131 	2.13288 	4.84187e-09 	
0.449986 13.8793 	2.09245 	9.65189e-09 	
0.487195 14.038 	2.04931 	1.47631e-08 	
0.526017 14.1897 	2.00362 	1.40529e-08 	
0.566523 14.335 	1.95556 	9.11877e-09 	
0.608784 14.4742 	1.9053 	5.99531e-09 	
0.652877 14.6076 	1.85301 	3.05865e-09 	
0.698882 14.7354 	1.79887 	1.43234e-09 	
0.746881 14.8578 	1.74305 	9.28975e-10 	
0.796961 14.975 	1.68577 	1.44237e-09 	
0.849212 15.087 	1.62724 	1.79642e-10 	
0.903728 15.1939 	1.5677 	-2.48511e-09 	
0.960607 15.2958 	1.50742 	-6.98002e-09 	
1.01995 15.3926 	1.44668 	-1.36157e-08 	
1.08187 15.4843 	1.38581 	-1.07554e-08 	
1.14647 15.571 	1.32515 	-3.92341e-09 	
1.21388 15.6525 	1.26506 	3.98271e-10 	
1.2842 15.7288 	1.20593 	-4.64568e-09 	
1.35757 15.8 	1.14814 	-2.15215e-09 	
1.43413 15.866 	1.09211 	3.36282e-11 	
1.514 15.9268 	1.03822 	9.93922e-09 	
1.59733 15.9824 	0.986854 	1.40827e-08 	
1.68428 16.033 	0.938352 	-2.68272e-09 	
1.775 16.0786 	0.893022 	-6.57071e-09 	
1.86965 16.1193 	0.851121 	-6.99161e-09 	
1.9684 16.1554 	0.812855 	-7.52303e-09 	
2.07144 16.187 	0.778379 	1.80742e-09 	
2.17894 16.2144 	0.747803 	3.34022e-09 	
2.2911 16.2376 	0.721205 	3.45812e-09 	
2.40812 16.2569 	0.698648 	5.57141e-09 	
2.53022 16.2724 	0.680202 	2.34713e-09 	
2.65761 16.2843 	0.665974 	-3.83998e-09 	
2.79052 16.2923 	0.656142 	2.63825e-09 	
2.92919 16.2966 	0.650996 	1.90081e-09 	
