0.0101525 5.17661 2.59074 2.2507
0.0308529 6.87212 3.31726 2.27195
0.0523594 7.89989 3.69458 2.07663
0.0747033 8.69168 3.94005 1.93672
0.0979172 9.36336 4.11126 1.81931
0.122035 9.96514 4.2319 1.71271
0.147092 10.5224 4.31319 1.61194
0.173125 11.049 4.3608 1.51472
0.200171 11.5532 4.37763 1.41996
0.228271 12.0395 4.36508 1.3272
0.257464 12.5103 4.32368 1.23626
0.287795 12.9665 4.2535 1.14718
0.319306 13.4077 4.1544 1.06007
0.352045 13.8326 4.02621 0.975104
0.386058 14.2393 3.86893 0.89251
0.421396 14.625 3.68285 0.812517
0.45811 14.9865 3.46867 0.735368
0.496253 15.3201 3.22769 0.661304
0.535882 15.6219 2.96189 0.590559
0.577054 15.8878 2.67412 0.52336
0.619829 16.1137 2.36816 0.459916
0.664269 16.2958 2.04887 0.400419
0.71044 16.4309 1.72221 0.345039
0.758409 16.5166 1.39529 0.29392
0.808246 16.5518 1.07626 0.247177
0.860024 16.5371 0.774134 0.20489
0.913817 16.4752 0.498464 0.167102
0.969705 16.3715 0.258781 0.133803
1.02777 16.234 0.0638409 0.104939
1.0881 16.0738 -0.0793888 0.0803972
1.15077 15.9048 -0.166979 0.0599888
1.21588 15.7425 -0.199412 0.043438
1.28354 15.6028 -0.18281 0.0304025
1.35382 15.4992 -0.129513 0.0204848
1.42684 15.4398 -0.0573121 0.0132292
1.50271 15.4236 0.0133475 0.00814401
1.58153 15.4403 0.0643847 0.00475781
1.66341 15.4715 0.086367 0.00264445
1.74849 15.4986 0.08301 0.00140958
1.83688 15.5124 0.0688868 0.000737879
1.92871 15.5176 0.0566205 0.000423415
2.02412 15.5224 0.048153 0.000306557
2.12324 15.5305 0.0411277 0.000271664
2.22622 15.542 0.0341959 0.000267699
2.33321 15.5544 0.0268451 0.000269176
2.44437 15.5652 0.0189841 0.000264359
2.55986 15.573 0.0115261 0.000254666
2.67984 15.5776 0.00573821 0.000244685
2.8045 15.5798 0.00215228 0.000237495
2.93401 15.5806 0.000503713 0.00023394
