/*--------------------------------*- C++ -*----------------------------------*\
| =========                 |                                                 |
| \\      /  F ield         | OpenFOAM: The Open Source CFD Toolbox           |
|  \\    /   O peration     | Version:  v1806                                 |
|   \\  /    A nd           | Web:      www.OpenFOAM.com                      |
|    \\/     M anipulation  |                                                 |
\*---------------------------------------------------------------------------*/
FoamFile
{
    version     2.0;
    format      ascii;
    class       volScalarField;
    location    "350000";
    object      k;
}
// * * * * * * * * * * * * * * * * * * * * * * * * * * * * * * * * * * * * * //

dimensions      [0 2 -2 0 0 0 0];


internalField   nonuniform List<scalar> 
5000
(
2.20937
2.20937
2.20937
2.20937
2.20937
2.20937
2.20937
2.20937
2.20937
2.20937
2.20536
2.20536
2.20536
2.20536
2.20536
2.20536
2.20536
2.20536
2.20536
2.20536
2.06858
2.06858
2.06858
2.06858
2.06858
2.06858
2.06858
2.06858
2.06858
2.06858
1.95142
1.95142
1.95142
1.95142
1.95142
1.95142
1.95142
1.95142
1.95142
1.95142
1.84903
1.84903
1.84903
1.84903
1.84903
1.84903
1.84903
1.84903
1.84903
1.84903
1.7552
1.7552
1.7552
1.7552
1.7552
1.7552
1.7552
1.7552
1.7552
1.7552
1.66635
1.66635
1.66635
1.66635
1.66635
1.66635
1.66635
1.66635
1.66635
1.66635
1.58047
1.58047
1.58047
1.58047
1.58047
1.58047
1.58047
1.58047
1.58047
1.58047
1.49647
1.49647
1.49647
1.49647
1.49647
1.49647
1.49647
1.49647
1.49647
1.49647
1.41376
1.41376
1.41376
1.41376
1.41376
1.41376
1.41376
1.41376
1.41376
1.41376
1.33204
1.33204
1.33204
1.33204
1.33204
1.33204
1.33204
1.33204
1.33204
1.33204
1.25122
1.25122
1.25122
1.25122
1.25122
1.25122
1.25122
1.25122
1.25122
1.25122
1.17134
1.17134
1.17134
1.17134
1.17134
1.17134
1.17134
1.17134
1.17134
1.17134
1.09249
1.09249
1.09249
1.09249
1.09249
1.09249
1.09249
1.09249
1.09249
1.09249
1.01486
1.01486
1.01486
1.01486
1.01486
1.01486
1.01486
1.01486
1.01486
1.01486
0.93864
0.93864
0.93864
0.93864
0.93864
0.93864
0.93864
0.93864
0.93864
0.93864
0.864068
0.864068
0.864068
0.864068
0.864068
0.864068
0.864068
0.864068
0.864068
0.864068
0.79139
0.79139
0.79139
0.79139
0.79139
0.79139
0.79139
0.79139
0.79139
0.79139
0.720864
0.720864
0.720864
0.720864
0.720864
0.720864
0.720864
0.720864
0.720864
0.720864
0.652749
0.652749
0.652749
0.652749
0.652749
0.652749
0.652749
0.652749
0.652749
0.652749
0.587303
0.587303
0.587303
0.587303
0.587303
0.587303
0.587303
0.587303
0.587303
0.587303
0.524775
0.524775
0.524775
0.524775
0.524775
0.524775
0.524775
0.524775
0.524775
0.524775
0.465402
0.465402
0.465402
0.465402
0.465402
0.465402
0.465402
0.465402
0.465402
0.465402
0.409405
0.409405
0.409405
0.409405
0.409405
0.409405
0.409405
0.409405
0.409405
0.409405
0.356979
0.356979
0.356979
0.356979
0.356979
0.356979
0.356979
0.356979
0.356979
0.356979
0.308294
0.308294
0.308294
0.308294
0.308294
0.308294
0.308294
0.308294
0.308294
0.308294
0.263485
0.263485
0.263485
0.263485
0.263485
0.263485
0.263485
0.263485
0.263485
0.263485
0.222648
0.222648
0.222648
0.222648
0.222648
0.222648
0.222648
0.222648
0.222648
0.222648
0.185833
0.185833
0.185833
0.185833
0.185833
0.185833
0.185833
0.185833
0.185833
0.185833
0.153043
0.153043
0.153043
0.153043
0.153043
0.153043
0.153043
0.153043
0.153043
0.153043
0.124227
0.124227
0.124227
0.124227
0.124227
0.124227
0.124227
0.124227
0.124227
0.124227
0.099275
0.099275
0.0992749
0.099275
0.0992749
0.0992749
0.099275
0.0992749
0.0992749
0.0992749
0.0780224
0.0780224
0.0780224
0.0780224
0.0780224
0.0780224
0.0780224
0.0780224
0.0780224
0.0780224
0.0602471
0.0602471
0.0602471
0.0602471
0.0602471
0.0602471
0.0602471
0.0602471
0.0602471
0.0602471
0.0456745
0.0456745
0.0456745
0.0456745
0.0456745
0.0456745
0.0456745
0.0456745
0.0456745
0.0456745
0.0339851
0.0339851
0.0339851
0.0339851
0.0339851
0.0339851
0.0339851
0.0339851
0.0339851
0.0339851
0.0248253
0.0248253
0.0248253
0.0248253
0.0248253
0.0248253
0.0248253
0.0248253
0.0248253
0.0248253
0.0178223
0.0178223
0.0178223
0.0178223
0.0178223
0.0178223
0.0178223
0.0178223
0.0178223
0.0178223
0.012601
0.012601
0.012601
0.012601
0.012601
0.012601
0.012601
0.012601
0.012601
0.012601
0.00880183
0.00880183
0.00880183
0.00880183
0.00880183
0.00880184
0.00880183
0.00880183
0.00880184
0.00880184
0.00609795
0.00609795
0.00609796
0.00609795
0.00609795
0.00609796
0.00609795
0.00609795
0.00609795
0.00609796
0.00420763
0.00420763
0.00420763
0.00420763
0.00420763
0.00420764
0.00420763
0.00420763
0.00420764
0.00420764
0.00290187
0.00290187
0.00290187
0.00290187
0.00290187
0.00290187
0.00290187
0.00290187
0.00290187
0.00290188
0.00200513
0.00200514
0.00200514
0.00200513
0.00200513
0.00200514
0.00200514
0.00200514
0.00200514
0.00200514
0.00138961
0.00138961
0.00138961
0.00138961
0.00138961
0.00138961
0.00138961
0.00138961
0.00138961
0.00138961
0.000966167
0.000966166
0.000966167
0.000966167
0.000966166
0.000966165
0.000966166
0.000966166
0.000966166
0.000966165
0.00067493
0.00067493
0.000674929
0.00067493
0.00067493
0.000674929
0.00067493
0.00067493
0.00067493
0.000674929
0.000477963
0.000477963
0.000477963
0.000477963
0.000477963
0.000477963
0.000477963
0.000477963
0.000477963
0.000477963
0.000353985
0.000353985
0.000353985
0.000353985
0.000353985
0.000353985
0.000353985
0.000353985
0.000353985
0.000353985
0.00029306
0.00029306
0.00029306
0.00029306
0.00029306
0.00029306
0.00029306
0.00029306
0.00029306
0.00029306
2.20937
2.20937
2.20937
2.20937
2.20937
2.20937
2.20937
2.20937
2.20937
2.20937
2.20536
2.20536
2.20536
2.20536
2.20536
2.20536
2.20536
2.20536
2.20536
2.20536
2.06858
2.06858
2.06858
2.06858
2.06858
2.06858
2.06858
2.06858
2.06858
2.06858
1.95142
1.95142
1.95142
1.95142
1.95142
1.95142
1.95142
1.95142
1.95142
1.95142
1.84903
1.84903
1.84903
1.84903
1.84903
1.84903
1.84903
1.84903
1.84903
1.84903
1.7552
1.7552
1.7552
1.7552
1.7552
1.7552
1.7552
1.7552
1.7552
1.7552
1.66635
1.66635
1.66635
1.66635
1.66635
1.66635
1.66635
1.66635
1.66635
1.66635
1.58047
1.58047
1.58047
1.58047
1.58047
1.58047
1.58047
1.58047
1.58047
1.58047
1.49647
1.49647
1.49647
1.49647
1.49647
1.49647
1.49647
1.49647
1.49647
1.49647
1.41376
1.41376
1.41376
1.41376
1.41376
1.41376
1.41376
1.41376
1.41376
1.41376
1.33204
1.33204
1.33204
1.33204
1.33204
1.33204
1.33204
1.33204
1.33204
1.33204
1.25122
1.25122
1.25122
1.25122
1.25122
1.25122
1.25122
1.25122
1.25122
1.25122
1.17134
1.17134
1.17134
1.17134
1.17134
1.17134
1.17134
1.17134
1.17134
1.17134
1.09249
1.09249
1.09249
1.09249
1.09249
1.09249
1.09249
1.09249
1.09249
1.09249
1.01486
1.01486
1.01486
1.01486
1.01486
1.01486
1.01486
1.01486
1.01486
1.01486
0.93864
0.93864
0.93864
0.93864
0.93864
0.93864
0.93864
0.93864
0.93864
0.93864
0.864068
0.864068
0.864068
0.864068
0.864068
0.864068
0.864068
0.864068
0.864068
0.864068
0.79139
0.79139
0.79139
0.79139
0.79139
0.79139
0.79139
0.79139
0.79139
0.79139
0.720864
0.720864
0.720864
0.720864
0.720864
0.720864
0.720864
0.720864
0.720864
0.720864
0.652749
0.652749
0.652749
0.652749
0.652749
0.652749
0.652749
0.652749
0.652749
0.652749
0.587303
0.587303
0.587303
0.587303
0.587303
0.587303
0.587303
0.587303
0.587303
0.587303
0.524775
0.524775
0.524775
0.524775
0.524775
0.524775
0.524775
0.524775
0.524775
0.524775
0.465402
0.465402
0.465402
0.465402
0.465402
0.465402
0.465402
0.465402
0.465402
0.465402
0.409405
0.409405
0.409405
0.409405
0.409405
0.409405
0.409405
0.409405
0.409405
0.409405
0.356979
0.356979
0.356979
0.356979
0.356979
0.356979
0.356979
0.356979
0.356979
0.356979
0.308294
0.308294
0.308294
0.308294
0.308294
0.308294
0.308294
0.308294
0.308294
0.308294
0.263485
0.263485
0.263485
0.263485
0.263485
0.263485
0.263485
0.263485
0.263485
0.263485
0.222648
0.222648
0.222648
0.222648
0.222648
0.222648
0.222648
0.222648
0.222648
0.222648
0.185833
0.185833
0.185833
0.185833
0.185833
0.185833
0.185833
0.185833
0.185833
0.185833
0.153043
0.153043
0.153043
0.153043
0.153043
0.153043
0.153043
0.153043
0.153043
0.153043
0.124227
0.124227
0.124227
0.124227
0.124227
0.124227
0.124227
0.124227
0.124227
0.124227
0.099275
0.099275
0.099275
0.099275
0.0992749
0.099275
0.099275
0.099275
0.0992749
0.0992749
0.0780224
0.0780224
0.0780224
0.0780224
0.0780224
0.0780224
0.0780224
0.0780224
0.0780224
0.0780224
0.0602471
0.0602471
0.0602471
0.0602471
0.0602471
0.0602471
0.0602471
0.0602471
0.0602471
0.0602471
0.0456745
0.0456745
0.0456745
0.0456745
0.0456745
0.0456745
0.0456745
0.0456745
0.0456745
0.0456745
0.0339851
0.0339851
0.0339851
0.0339851
0.0339851
0.0339851
0.0339851
0.0339851
0.0339851
0.0339851
0.0248253
0.0248253
0.0248253
0.0248253
0.0248253
0.0248253
0.0248253
0.0248253
0.0248253
0.0248253
0.0178223
0.0178223
0.0178223
0.0178223
0.0178223
0.0178223
0.0178223
0.0178223
0.0178223
0.0178223
0.012601
0.012601
0.012601
0.012601
0.012601
0.012601
0.012601
0.012601
0.012601
0.012601
0.00880187
0.00880187
0.00880188
0.00880187
0.00880187
0.00880188
0.00880187
0.00880187
0.00880187
0.00880188
0.00609803
0.00609803
0.00609804
0.00609803
0.00609803
0.00609804
0.00609803
0.00609803
0.00609803
0.00609804
0.00420767
0.00420767
0.00420767
0.00420767
0.00420767
0.00420767
0.00420768
0.00420767
0.00420767
0.00420768
0.00290192
0.00290192
0.00290192
0.00290192
0.00290192
0.00290192
0.00290192
0.00290192
0.00290192
0.00290193
0.00200517
0.00200517
0.00200517
0.00200517
0.00200517
0.00200517
0.00200517
0.00200517
0.00200517
0.00200517
0.00138959
0.00138959
0.00138959
0.00138959
0.00138959
0.00138959
0.00138959
0.00138959
0.00138959
0.00138959
0.000966095
0.000966094
0.000966094
0.000966095
0.000966094
0.000966094
0.000966093
0.000966094
0.000966094
0.000966093
0.000674829
0.000674829
0.000674829
0.000674828
0.000674829
0.000674829
0.000674828
0.000674829
0.000674828
0.000674828
0.000477892
0.000477892
0.000477891
0.000477892
0.000477892
0.000477891
0.000477892
0.000477892
0.000477891
0.000477891
0.000353967
0.000353967
0.000353967
0.000353967
0.000353967
0.000353967
0.000353967
0.000353967
0.000353967
0.000353967
0.000293053
0.000293053
0.000293053
0.000293053
0.000293053
0.000293053
0.000293053
0.000293053
0.000293053
0.000293053
2.20937
2.20937
2.20937
2.20937
2.20937
2.20937
2.20937
2.20937
2.20937
2.20937
2.20536
2.20536
2.20536
2.20536
2.20536
2.20536
2.20536
2.20536
2.20536
2.20536
2.06858
2.06858
2.06858
2.06858
2.06858
2.06858
2.06858
2.06858
2.06858
2.06858
1.95142
1.95142
1.95142
1.95142
1.95142
1.95142
1.95142
1.95142
1.95142
1.95142
1.84903
1.84903
1.84903
1.84903
1.84903
1.84903
1.84903
1.84903
1.84903
1.84903
1.7552
1.7552
1.7552
1.7552
1.7552
1.7552
1.7552
1.7552
1.7552
1.7552
1.66635
1.66635
1.66635
1.66635
1.66635
1.66635
1.66635
1.66635
1.66635
1.66635
1.58047
1.58047
1.58047
1.58047
1.58047
1.58047
1.58047
1.58047
1.58047
1.58047
1.49647
1.49647
1.49647
1.49647
1.49647
1.49647
1.49647
1.49647
1.49647
1.49647
1.41376
1.41376
1.41376
1.41376
1.41376
1.41376
1.41376
1.41376
1.41376
1.41376
1.33204
1.33204
1.33204
1.33204
1.33204
1.33204
1.33204
1.33204
1.33204
1.33204
1.25122
1.25122
1.25122
1.25122
1.25122
1.25122
1.25122
1.25122
1.25122
1.25122
1.17134
1.17134
1.17134
1.17134
1.17134
1.17134
1.17134
1.17134
1.17134
1.17134
1.09249
1.09249
1.09249
1.09249
1.09249
1.09249
1.09249
1.09249
1.09249
1.09249
1.01486
1.01486
1.01486
1.01486
1.01486
1.01486
1.01486
1.01486
1.01486
1.01486
0.93864
0.93864
0.93864
0.93864
0.93864
0.93864
0.93864
0.93864
0.93864
0.93864
0.864068
0.864068
0.864068
0.864068
0.864068
0.864068
0.864068
0.864068
0.864068
0.864068
0.79139
0.79139
0.79139
0.79139
0.79139
0.79139
0.79139
0.79139
0.79139
0.79139
0.720864
0.720864
0.720864
0.720864
0.720864
0.720864
0.720864
0.720864
0.720864
0.720864
0.652749
0.652749
0.652749
0.652749
0.652749
0.652749
0.652749
0.652749
0.652749
0.652749
0.587303
0.587303
0.587303
0.587303
0.587303
0.587303
0.587303
0.587303
0.587303
0.587303
0.524775
0.524775
0.524775
0.524775
0.524775
0.524775
0.524775
0.524775
0.524775
0.524775
0.465402
0.465402
0.465402
0.465402
0.465402
0.465402
0.465402
0.465402
0.465402
0.465402
0.409405
0.409405
0.409405
0.409405
0.409405
0.409405
0.409405
0.409405
0.409405
0.409405
0.356979
0.356979
0.356979
0.356979
0.356979
0.356979
0.356979
0.356979
0.356979
0.356979
0.308294
0.308294
0.308294
0.308294
0.308294
0.308294
0.308294
0.308294
0.308294
0.308294
0.263485
0.263485
0.263485
0.263485
0.263485
0.263485
0.263485
0.263485
0.263485
0.263485
0.222648
0.222648
0.222648
0.222648
0.222648
0.222648
0.222648
0.222648
0.222648
0.222648
0.185833
0.185833
0.185833
0.185833
0.185833
0.185833
0.185833
0.185833
0.185833
0.185833
0.153043
0.153043
0.153043
0.153043
0.153043
0.153043
0.153043
0.153043
0.153043
0.153043
0.124227
0.124227
0.124227
0.124227
0.124227
0.124227
0.124227
0.124227
0.124227
0.124227
0.0992749
0.0992749
0.0992749
0.0992749
0.0992749
0.0992749
0.0992749
0.0992749
0.0992749
0.0992749
0.0780224
0.0780224
0.0780224
0.0780224
0.0780224
0.0780224
0.0780224
0.0780224
0.0780224
0.0780224
0.0602471
0.0602471
0.0602471
0.0602471
0.0602471
0.0602471
0.0602471
0.0602471
0.0602471
0.0602471
0.0456745
0.0456745
0.0456745
0.0456745
0.0456745
0.0456745
0.0456745
0.0456745
0.0456745
0.0456745
0.0339851
0.0339851
0.0339851
0.0339851
0.0339851
0.033985
0.0339851
0.0339851
0.0339851
0.033985
0.0248253
0.0248253
0.0248253
0.0248253
0.0248253
0.0248253
0.0248253
0.0248253
0.0248253
0.0248253
0.0178223
0.0178223
0.0178223
0.0178223
0.0178223
0.0178223
0.0178223
0.0178223
0.0178223
0.0178223
0.012601
0.012601
0.012601
0.012601
0.012601
0.012601
0.012601
0.012601
0.012601
0.012601
0.00880196
0.00880195
0.00880196
0.00880196
0.00880195
0.00880196
0.00880196
0.00880196
0.00880196
0.00880196
0.0060981
0.0060981
0.00609811
0.0060981
0.0060981
0.00609811
0.00609811
0.0060981
0.00609811
0.00609811
0.00420774
0.00420774
0.00420774
0.00420774
0.00420774
0.00420774
0.00420774
0.00420774
0.00420774
0.00420775
0.00290199
0.002902
0.002902
0.002902
0.002902
0.00290199
0.00290199
0.002902
0.002902
0.002902
0.00200524
0.00200524
0.00200524
0.00200524
0.00200524
0.00200524
0.00200525
0.00200524
0.00200524
0.00200525
0.00138963
0.00138963
0.00138963
0.00138963
0.00138963
0.00138963
0.00138963
0.00138963
0.00138963
0.00138963
0.000966064
0.000966064
0.000966064
0.000966064
0.000966064
0.000966063
0.000966064
0.000966064
0.000966064
0.000966062
0.000674764
0.000674763
0.000674763
0.000674763
0.000674763
0.000674763
0.000674763
0.000674763
0.000674763
0.000674762
0.000477835
0.000477834
0.000477835
0.000477835
0.000477835
0.000477834
0.000477835
0.000477834
0.000477834
0.000477834
0.000353948
0.000353948
0.000353948
0.000353948
0.000353948
0.000353948
0.000353948
0.000353948
0.000353948
0.000353948
0.000293047
0.000293047
0.000293047
0.000293047
0.000293047
0.000293047
0.000293047
0.000293047
0.000293047
0.000293047
2.20937
2.20937
2.20937
2.20937
2.20937
2.20937
2.20937
2.20937
2.20937
2.20937
2.20536
2.20536
2.20536
2.20536
2.20536
2.20536
2.20536
2.20536
2.20536
2.20536
2.06858
2.06858
2.06858
2.06858
2.06858
2.06858
2.06858
2.06858
2.06858
2.06858
1.95142
1.95142
1.95142
1.95142
1.95142
1.95142
1.95142
1.95142
1.95142
1.95142
1.84903
1.84903
1.84903
1.84903
1.84903
1.84903
1.84903
1.84903
1.84903
1.84903
1.7552
1.7552
1.7552
1.7552
1.7552
1.7552
1.7552
1.7552
1.7552
1.7552
1.66635
1.66635
1.66635
1.66635
1.66635
1.66635
1.66635
1.66635
1.66635
1.66635
1.58047
1.58047
1.58047
1.58047
1.58047
1.58047
1.58047
1.58047
1.58047
1.58047
1.49647
1.49647
1.49647
1.49647
1.49647
1.49647
1.49647
1.49647
1.49647
1.49647
1.41376
1.41376
1.41376
1.41376
1.41376
1.41376
1.41376
1.41376
1.41376
1.41376
1.33204
1.33204
1.33204
1.33204
1.33204
1.33204
1.33204
1.33204
1.33204
1.33204
1.25122
1.25122
1.25122
1.25122
1.25122
1.25122
1.25122
1.25122
1.25122
1.25122
1.17134
1.17134
1.17134
1.17134
1.17134
1.17134
1.17134
1.17134
1.17134
1.17134
1.09249
1.09249
1.09249
1.09249
1.09249
1.09249
1.09249
1.09249
1.09249
1.09249
1.01486
1.01486
1.01486
1.01486
1.01486
1.01486
1.01486
1.01486
1.01486
1.01486
0.93864
0.93864
0.93864
0.93864
0.93864
0.93864
0.93864
0.93864
0.93864
0.93864
0.864068
0.864068
0.864068
0.864068
0.864068
0.864068
0.864068
0.864068
0.864068
0.864068
0.79139
0.79139
0.79139
0.79139
0.79139
0.79139
0.79139
0.79139
0.79139
0.79139
0.720864
0.720864
0.720864
0.720864
0.720864
0.720864
0.720864
0.720864
0.720864
0.720864
0.652749
0.652749
0.652749
0.652749
0.652749
0.652749
0.652749
0.652749
0.652749
0.652749
0.587303
0.587303
0.587303
0.587303
0.587303
0.587303
0.587303
0.587303
0.587303
0.587303
0.524775
0.524775
0.524775
0.524775
0.524775
0.524775
0.524775
0.524775
0.524775
0.524775
0.465402
0.465402
0.465402
0.465402
0.465402
0.465402
0.465402
0.465402
0.465402
0.465402
0.409405
0.409405
0.409405
0.409405
0.409405
0.409405
0.409405
0.409405
0.409405
0.409405
0.356979
0.356979
0.356979
0.356979
0.356979
0.356979
0.356979
0.356979
0.356979
0.356979
0.308294
0.308294
0.308294
0.308294
0.308294
0.308294
0.308294
0.308294
0.308294
0.308294
0.263485
0.263485
0.263485
0.263485
0.263485
0.263485
0.263485
0.263485
0.263485
0.263485
0.222648
0.222648
0.222648
0.222648
0.222648
0.222648
0.222648
0.222648
0.222648
0.222648
0.185833
0.185833
0.185833
0.185833
0.185833
0.185833
0.185833
0.185833
0.185833
0.185833
0.153043
0.153043
0.153043
0.153043
0.153043
0.153043
0.153043
0.153043
0.153043
0.153043
0.124227
0.124227
0.124227
0.124227
0.124227
0.124227
0.124227
0.124227
0.124227
0.124227
0.0992749
0.0992749
0.0992749
0.0992749
0.0992749
0.0992749
0.0992749
0.0992749
0.0992749
0.0992749
0.0780224
0.0780224
0.0780224
0.0780224
0.0780224
0.0780224
0.0780224
0.0780224
0.0780224
0.0780224
0.0602471
0.0602471
0.0602471
0.0602471
0.0602471
0.0602471
0.0602471
0.0602471
0.0602471
0.0602471
0.0456745
0.0456745
0.0456745
0.0456745
0.0456745
0.0456744
0.0456745
0.0456745
0.0456745
0.0456744
0.0339851
0.033985
0.033985
0.033985
0.033985
0.033985
0.033985
0.033985
0.033985
0.033985
0.0248253
0.0248253
0.0248253
0.0248253
0.0248253
0.0248253
0.0248253
0.0248253
0.0248253
0.0248253
0.0178223
0.0178223
0.0178223
0.0178223
0.0178223
0.0178223
0.0178223
0.0178223
0.0178223
0.0178223
0.012601
0.012601
0.012601
0.012601
0.012601
0.012601
0.012601
0.012601
0.012601
0.012601
0.00880194
0.00880194
0.00880195
0.00880194
0.00880194
0.00880195
0.00880194
0.00880194
0.00880194
0.00880195
0.00609807
0.00609807
0.00609807
0.00609807
0.00609807
0.00609807
0.00609807
0.00609807
0.00609807
0.00609808
0.00420773
0.00420774
0.00420773
0.00420774
0.00420774
0.00420774
0.00420774
0.00420774
0.00420774
0.00420774
0.00290204
0.00290205
0.00290204
0.00290204
0.00290204
0.00290205
0.00290204
0.00290204
0.00290205
0.00290204
0.00200529
0.00200529
0.00200529
0.00200529
0.00200529
0.00200529
0.00200529
0.00200529
0.00200529
0.00200529
0.00138969
0.00138969
0.00138969
0.00138969
0.00138969
0.00138969
0.00138969
0.00138969
0.00138969
0.00138969
0.000966123
0.000966124
0.000966124
0.000966123
0.000966124
0.000966124
0.000966124
0.000966123
0.000966124
0.000966124
0.000674779
0.000674778
0.000674779
0.000674779
0.000674778
0.000674779
0.000674779
0.000674779
0.000674779
0.000674779
0.000477829
0.000477829
0.000477829
0.000477829
0.000477829
0.000477829
0.000477829
0.000477828
0.000477829
0.000477829
0.000353935
0.000353935
0.000353935
0.000353935
0.000353935
0.000353935
0.000353935
0.000353935
0.000353935
0.000353935
0.000293037
0.000293037
0.000293037
0.000293037
0.000293037
0.000293037
0.000293037
0.000293037
0.000293037
0.000293037
2.20937
2.20937
2.20937
2.20937
2.20937
2.20937
2.20937
2.20937
2.20937
2.20937
2.20536
2.20536
2.20536
2.20536
2.20536
2.20536
2.20536
2.20536
2.20536
2.20536
2.06858
2.06858
2.06858
2.06858
2.06858
2.06858
2.06858
2.06858
2.06858
2.06858
1.95142
1.95142
1.95142
1.95142
1.95142
1.95142
1.95142
1.95142
1.95142
1.95142
1.84903
1.84903
1.84903
1.84903
1.84903
1.84903
1.84903
1.84903
1.84903
1.84903
1.7552
1.7552
1.7552
1.7552
1.7552
1.7552
1.7552
1.7552
1.7552
1.7552
1.66635
1.66635
1.66635
1.66635
1.66635
1.66635
1.66635
1.66635
1.66635
1.66635
1.58047
1.58047
1.58047
1.58047
1.58047
1.58047
1.58047
1.58047
1.58047
1.58047
1.49647
1.49647
1.49647
1.49647
1.49647
1.49647
1.49647
1.49647
1.49647
1.49647
1.41376
1.41376
1.41376
1.41376
1.41376
1.41376
1.41376
1.41376
1.41376
1.41376
1.33204
1.33204
1.33204
1.33204
1.33204
1.33204
1.33204
1.33204
1.33204
1.33204
1.25122
1.25122
1.25122
1.25122
1.25122
1.25122
1.25122
1.25122
1.25122
1.25122
1.17134
1.17134
1.17134
1.17134
1.17134
1.17134
1.17134
1.17134
1.17134
1.17134
1.09249
1.09249
1.09249
1.09249
1.09249
1.09249
1.09249
1.09249
1.09249
1.09249
1.01486
1.01486
1.01486
1.01486
1.01486
1.01486
1.01486
1.01486
1.01486
1.01486
0.93864
0.93864
0.93864
0.93864
0.93864
0.93864
0.93864
0.93864
0.93864
0.93864
0.864068
0.864068
0.864068
0.864068
0.864068
0.864068
0.864068
0.864068
0.864068
0.864068
0.79139
0.79139
0.79139
0.79139
0.79139
0.79139
0.79139
0.79139
0.79139
0.79139
0.720864
0.720864
0.720864
0.720864
0.720864
0.720864
0.720864
0.720864
0.720864
0.720864
0.652749
0.652749
0.652749
0.652749
0.652749
0.652749
0.652749
0.652749
0.652749
0.652749
0.587303
0.587303
0.587303
0.587303
0.587303
0.587303
0.587303
0.587303
0.587303
0.587303
0.524775
0.524775
0.524775
0.524775
0.524775
0.524775
0.524775
0.524775
0.524775
0.524775
0.465402
0.465402
0.465402
0.465402
0.465402
0.465402
0.465402
0.465402
0.465402
0.465402
0.409405
0.409405
0.409405
0.409405
0.409405
0.409405
0.409405
0.409405
0.409405
0.409405
0.356979
0.356979
0.356979
0.356979
0.356979
0.356979
0.356979
0.356979
0.356979
0.356979
0.308294
0.308294
0.308294
0.308294
0.308294
0.308294
0.308294
0.308294
0.308294
0.308294
0.263485
0.263485
0.263485
0.263485
0.263485
0.263485
0.263485
0.263485
0.263485
0.263485
0.222648
0.222648
0.222648
0.222648
0.222648
0.222648
0.222648
0.222648
0.222648
0.222648
0.185833
0.185833
0.185833
0.185833
0.185833
0.185833
0.185833
0.185833
0.185833
0.185833
0.153043
0.153043
0.153043
0.153043
0.153043
0.153043
0.153043
0.153043
0.153043
0.153043
0.124227
0.124227
0.124227
0.124227
0.124227
0.124227
0.124227
0.124227
0.124227
0.124227
0.0992749
0.0992749
0.0992749
0.0992749
0.0992749
0.0992749
0.0992749
0.0992749
0.0992749
0.0992749
0.0780224
0.0780224
0.0780224
0.0780224
0.0780223
0.0780224
0.0780224
0.0780223
0.0780224
0.0780224
0.0602471
0.0602471
0.0602471
0.0602471
0.0602471
0.0602471
0.0602471
0.0602471
0.0602471
0.0602471
0.0456744
0.0456744
0.0456744
0.0456744
0.0456744
0.0456744
0.0456744
0.0456744
0.0456744
0.0456744
0.033985
0.033985
0.033985
0.033985
0.033985
0.033985
0.033985
0.033985
0.033985
0.033985
0.0248253
0.0248253
0.0248253
0.0248253
0.0248253
0.0248253
0.0248253
0.0248253
0.0248253
0.0248253
0.0178223
0.0178223
0.0178223
0.0178223
0.0178223
0.0178223
0.0178223
0.0178223
0.0178223
0.0178223
0.012601
0.012601
0.012601
0.012601
0.012601
0.012601
0.012601
0.012601
0.012601
0.012601
0.00880187
0.00880187
0.00880188
0.00880187
0.00880187
0.00880188
0.00880187
0.00880187
0.00880188
0.00880188
0.00609799
0.00609799
0.006098
0.00609799
0.00609799
0.00609799
0.006098
0.00609799
0.006098
0.006098
0.00420769
0.0042077
0.00420769
0.00420769
0.00420769
0.0042077
0.00420769
0.00420769
0.0042077
0.0042077
0.00290197
0.00290198
0.00290198
0.00290197
0.00290198
0.00290198
0.00290198
0.00290198
0.00290198
0.00290198
0.00200526
0.00200526
0.00200527
0.00200526
0.00200526
0.00200527
0.00200526
0.00200527
0.00200527
0.00200527
0.00138976
0.00138976
0.00138976
0.00138976
0.00138976
0.00138976
0.00138976
0.00138976
0.00138976
0.00138976
0.000966264
0.000966265
0.000966265
0.000966264
0.000966265
0.000966265
0.000966264
0.000966265
0.000966265
0.000966264
0.000674935
0.000674935
0.000674935
0.000674934
0.000674935
0.000674935
0.000674934
0.000674935
0.000674935
0.000674934
0.000477934
0.000477934
0.000477934
0.000477934
0.000477934
0.000477934
0.000477934
0.000477934
0.000477934
0.000477934
0.000353972
0.000353972
0.000353972
0.000353972
0.000353972
0.000353972
0.000353972
0.000353972
0.000353972
0.000353972
0.000293041
0.000293041
0.000293041
0.000293041
0.000293041
0.000293041
0.000293041
0.000293041
0.000293041
0.000293041
2.20937
2.20937
2.20937
2.20937
2.20937
2.20937
2.20937
2.20937
2.20937
2.20937
2.20536
2.20536
2.20536
2.20536
2.20536
2.20536
2.20536
2.20536
2.20536
2.20536
2.06858
2.06858
2.06858
2.06858
2.06858
2.06858
2.06858
2.06858
2.06858
2.06858
1.95142
1.95142
1.95142
1.95142
1.95142
1.95142
1.95142
1.95142
1.95142
1.95142
1.84903
1.84903
1.84903
1.84903
1.84903
1.84903
1.84903
1.84903
1.84903
1.84903
1.7552
1.7552
1.7552
1.7552
1.7552
1.7552
1.7552
1.7552
1.7552
1.7552
1.66635
1.66635
1.66635
1.66635
1.66635
1.66635
1.66635
1.66635
1.66635
1.66635
1.58047
1.58047
1.58047
1.58047
1.58047
1.58047
1.58047
1.58047
1.58047
1.58047
1.49647
1.49647
1.49647
1.49647
1.49647
1.49647
1.49647
1.49647
1.49647
1.49647
1.41376
1.41376
1.41376
1.41376
1.41376
1.41376
1.41376
1.41376
1.41376
1.41376
1.33204
1.33204
1.33204
1.33204
1.33204
1.33204
1.33204
1.33204
1.33204
1.33204
1.25122
1.25122
1.25122
1.25122
1.25122
1.25122
1.25122
1.25122
1.25122
1.25122
1.17134
1.17134
1.17134
1.17134
1.17134
1.17134
1.17134
1.17134
1.17134
1.17134
1.09249
1.09249
1.09249
1.09249
1.09249
1.09249
1.09249
1.09249
1.09249
1.09249
1.01486
1.01486
1.01486
1.01486
1.01486
1.01486
1.01486
1.01486
1.01486
1.01486
0.93864
0.93864
0.93864
0.93864
0.93864
0.93864
0.93864
0.93864
0.93864
0.93864
0.864068
0.864068
0.864068
0.864068
0.864068
0.864068
0.864068
0.864068
0.864068
0.864068
0.79139
0.79139
0.79139
0.79139
0.79139
0.79139
0.79139
0.79139
0.79139
0.79139
0.720864
0.720864
0.720864
0.720864
0.720864
0.720864
0.720864
0.720864
0.720864
0.720864
0.652749
0.652749
0.652749
0.652749
0.652749
0.652749
0.652749
0.652749
0.652749
0.652749
0.587303
0.587303
0.587303
0.587303
0.587303
0.587303
0.587303
0.587303
0.587303
0.587303
0.524775
0.524775
0.524775
0.524775
0.524775
0.524775
0.524775
0.524775
0.524775
0.524775
0.465402
0.465402
0.465402
0.465402
0.465402
0.465402
0.465402
0.465402
0.465402
0.465402
0.409405
0.409405
0.409405
0.409405
0.409405
0.409405
0.409405
0.409405
0.409405
0.409405
0.356979
0.356979
0.356979
0.356979
0.356979
0.356979
0.356979
0.356979
0.356979
0.356979
0.308294
0.308294
0.308294
0.308294
0.308294
0.308294
0.308294
0.308294
0.308294
0.308294
0.263485
0.263485
0.263485
0.263485
0.263485
0.263485
0.263485
0.263485
0.263485
0.263485
0.222648
0.222648
0.222648
0.222648
0.222648
0.222648
0.222648
0.222648
0.222648
0.222648
0.185833
0.185833
0.185833
0.185833
0.185833
0.185833
0.185833
0.185833
0.185833
0.185833
0.153043
0.153043
0.153043
0.153043
0.153043
0.153043
0.153043
0.153043
0.153043
0.153043
0.124227
0.124227
0.124227
0.124227
0.124227
0.124227
0.124227
0.124227
0.124227
0.124227
0.0992749
0.0992749
0.0992749
0.0992749
0.0992749
0.0992749
0.0992749
0.0992749
0.0992749
0.0992749
0.0780224
0.0780224
0.0780224
0.0780224
0.0780224
0.0780224
0.0780224
0.0780224
0.0780224
0.0780224
0.0602471
0.0602471
0.0602471
0.0602471
0.0602471
0.0602471
0.0602471
0.0602471
0.0602471
0.0602471
0.0456744
0.0456744
0.0456744
0.0456744
0.0456744
0.0456744
0.0456744
0.0456744
0.0456744
0.0456744
0.033985
0.033985
0.033985
0.033985
0.033985
0.033985
0.033985
0.033985
0.033985
0.033985
0.0248253
0.0248253
0.0248253
0.0248253
0.0248253
0.0248253
0.0248253
0.0248253
0.0248253
0.0248253
0.0178223
0.0178223
0.0178223
0.0178223
0.0178223
0.0178223
0.0178223
0.0178223
0.0178223
0.0178223
0.012601
0.012601
0.012601
0.012601
0.012601
0.012601
0.012601
0.012601
0.012601
0.012601
0.00880184
0.00880184
0.00880185
0.00880184
0.00880184
0.00880185
0.00880184
0.00880184
0.00880184
0.00880185
0.00609796
0.00609796
0.00609796
0.00609796
0.00609796
0.00609797
0.00609796
0.00609796
0.00609796
0.00609797
0.00420765
0.00420765
0.00420765
0.00420765
0.00420765
0.00420766
0.00420765
0.00420765
0.00420766
0.00420766
0.00290202
0.00290202
0.00290201
0.00290202
0.00290202
0.00290202
0.00290202
0.00290202
0.00290202
0.00290202
0.00200531
0.00200531
0.00200532
0.00200531
0.00200531
0.00200532
0.00200532
0.00200531
0.00200532
0.00200532
0.00138985
0.00138985
0.00138985
0.00138985
0.00138985
0.00138985
0.00138985
0.00138985
0.00138985
0.00138985
0.000966406
0.000966405
0.000966405
0.000966405
0.000966404
0.000966405
0.000966405
0.000966405
0.000966405
0.000966404
0.000675092
0.000675092
0.000675092
0.000675092
0.000675092
0.000675091
0.000675092
0.000675092
0.000675091
0.000675091
0.000478072
0.000478072
0.000478071
0.000478072
0.000478072
0.000478071
0.000478071
0.000478072
0.000478071
0.000478071
0.000354033
0.000354034
0.000354033
0.000354033
0.000354033
0.000354034
0.000354033
0.000354033
0.000354033
0.000354034
0.000293056
0.000293056
0.000293056
0.000293056
0.000293056
0.000293056
0.000293056
0.000293056
0.000293056
0.000293056
2.20937
2.20937
2.20937
2.20937
2.20937
2.20937
2.20937
2.20937
2.20937
2.20937
2.20536
2.20536
2.20536
2.20536
2.20536
2.20536
2.20536
2.20536
2.20536
2.20536
2.06858
2.06858
2.06858
2.06858
2.06858
2.06858
2.06858
2.06858
2.06858
2.06858
1.95142
1.95142
1.95142
1.95142
1.95142
1.95142
1.95142
1.95142
1.95142
1.95142
1.84903
1.84903
1.84903
1.84903
1.84903
1.84903
1.84903
1.84903
1.84903
1.84903
1.7552
1.7552
1.7552
1.7552
1.7552
1.7552
1.7552
1.7552
1.7552
1.7552
1.66635
1.66635
1.66635
1.66635
1.66635
1.66635
1.66635
1.66635
1.66635
1.66635
1.58047
1.58047
1.58047
1.58047
1.58047
1.58047
1.58047
1.58047
1.58047
1.58047
1.49647
1.49647
1.49647
1.49647
1.49647
1.49647
1.49647
1.49647
1.49647
1.49647
1.41376
1.41376
1.41376
1.41376
1.41376
1.41376
1.41376
1.41376
1.41376
1.41376
1.33204
1.33204
1.33204
1.33204
1.33204
1.33204
1.33204
1.33204
1.33204
1.33204
1.25122
1.25122
1.25122
1.25122
1.25122
1.25122
1.25122
1.25122
1.25122
1.25122
1.17134
1.17134
1.17134
1.17134
1.17134
1.17134
1.17134
1.17134
1.17134
1.17134
1.09249
1.09249
1.09249
1.09249
1.09249
1.09249
1.09249
1.09249
1.09249
1.09249
1.01486
1.01486
1.01486
1.01486
1.01486
1.01486
1.01486
1.01486
1.01486
1.01486
0.93864
0.93864
0.93864
0.93864
0.93864
0.93864
0.93864
0.93864
0.93864
0.93864
0.864068
0.864068
0.864068
0.864068
0.864068
0.864068
0.864068
0.864068
0.864068
0.864068
0.79139
0.79139
0.79139
0.79139
0.79139
0.79139
0.79139
0.79139
0.79139
0.79139
0.720864
0.720864
0.720864
0.720864
0.720864
0.720864
0.720864
0.720864
0.720864
0.720864
0.652749
0.652749
0.652749
0.652749
0.652749
0.652749
0.652749
0.652749
0.652749
0.652749
0.587303
0.587303
0.587303
0.587303
0.587303
0.587303
0.587303
0.587303
0.587303
0.587303
0.524775
0.524775
0.524775
0.524775
0.524775
0.524775
0.524775
0.524775
0.524775
0.524775
0.465402
0.465402
0.465402
0.465402
0.465402
0.465402
0.465402
0.465402
0.465402
0.465402
0.409405
0.409405
0.409405
0.409405
0.409405
0.409405
0.409405
0.409405
0.409405
0.409405
0.356979
0.356979
0.356979
0.356979
0.356979
0.356979
0.356979
0.356979
0.356979
0.356979
0.308294
0.308294
0.308294
0.308294
0.308294
0.308294
0.308294
0.308294
0.308294
0.308294
0.263485
0.263485
0.263485
0.263485
0.263485
0.263485
0.263485
0.263485
0.263485
0.263485
0.222648
0.222648
0.222648
0.222648
0.222648
0.222648
0.222648
0.222648
0.222648
0.222648
0.185833
0.185833
0.185833
0.185833
0.185833
0.185833
0.185833
0.185833
0.185833
0.185833
0.153043
0.153043
0.153043
0.153043
0.153043
0.153043
0.153043
0.153043
0.153043
0.153043
0.124227
0.124227
0.124227
0.124227
0.124227
0.124227
0.124227
0.124227
0.124227
0.124227
0.0992749
0.0992749
0.0992749
0.0992749
0.0992749
0.0992749
0.0992749
0.0992749
0.0992749
0.0992749
0.0780224
0.0780224
0.0780224
0.0780224
0.0780224
0.0780224
0.0780224
0.0780224
0.0780224
0.0780224
0.0602471
0.0602471
0.0602471
0.0602471
0.0602471
0.0602471
0.0602471
0.0602471
0.0602471
0.0602471
0.0456745
0.0456744
0.0456745
0.0456745
0.0456744
0.0456745
0.0456745
0.0456744
0.0456744
0.0456744
0.033985
0.033985
0.033985
0.033985
0.033985
0.033985
0.033985
0.033985
0.033985
0.033985
0.0248253
0.0248253
0.0248253
0.0248253
0.0248253
0.0248253
0.0248253
0.0248253
0.0248253
0.0248253
0.0178223
0.0178223
0.0178223
0.0178223
0.0178223
0.0178223
0.0178223
0.0178223
0.0178223
0.0178223
0.012601
0.012601
0.012601
0.012601
0.012601
0.012601
0.012601
0.012601
0.012601
0.012601
0.00880184
0.00880185
0.00880184
0.00880185
0.00880185
0.00880186
0.00880185
0.00880185
0.00880185
0.00880186
0.0060979
0.00609791
0.00609791
0.0060979
0.00609791
0.00609791
0.00609792
0.00609791
0.00609791
0.00609791
0.00420759
0.00420759
0.0042076
0.00420759
0.00420759
0.0042076
0.00420759
0.00420759
0.00420759
0.0042076
0.00290194
0.00290194
0.00290195
0.00290194
0.00290194
0.00290194
0.00290195
0.00290194
0.00290195
0.00290195
0.00200532
0.00200532
0.00200532
0.00200532
0.00200532
0.00200532
0.00200532
0.00200532
0.00200532
0.00200532
0.0013899
0.0013899
0.0013899
0.0013899
0.0013899
0.0013899
0.0013899
0.0013899
0.0013899
0.0013899
0.000966487
0.000966487
0.000966487
0.000966486
0.000966487
0.000966487
0.000966486
0.000966487
0.000966487
0.000966487
0.000675194
0.000675194
0.000675194
0.000675193
0.000675194
0.000675194
0.000675193
0.000675194
0.000675194
0.000675193
0.000478146
0.000478146
0.000478146
0.000478146
0.000478146
0.000478146
0.000478146
0.000478146
0.000478146
0.000478146
0.000354061
0.000354061
0.000354061
0.000354061
0.000354061
0.000354061
0.000354061
0.000354061
0.000354061
0.000354061
0.000293067
0.000293067
0.000293067
0.000293067
0.000293067
0.000293067
0.000293067
0.000293067
0.000293067
0.000293067
2.20937
2.20937
2.20937
2.20937
2.20937
2.20937
2.20937
2.20937
2.20937
2.20937
2.20536
2.20536
2.20536
2.20536
2.20536
2.20536
2.20536
2.20536
2.20536
2.20536
2.06858
2.06858
2.06858
2.06858
2.06858
2.06858
2.06858
2.06858
2.06858
2.06858
1.95142
1.95142
1.95142
1.95142
1.95142
1.95142
1.95142
1.95142
1.95142
1.95142
1.84903
1.84903
1.84903
1.84903
1.84903
1.84903
1.84903
1.84903
1.84903
1.84903
1.7552
1.7552
1.7552
1.7552
1.7552
1.7552
1.7552
1.7552
1.7552
1.7552
1.66635
1.66635
1.66635
1.66635
1.66635
1.66635
1.66635
1.66635
1.66635
1.66635
1.58047
1.58047
1.58047
1.58047
1.58047
1.58047
1.58047
1.58047
1.58047
1.58047
1.49647
1.49647
1.49647
1.49647
1.49647
1.49647
1.49647
1.49647
1.49647
1.49647
1.41376
1.41376
1.41376
1.41376
1.41376
1.41376
1.41376
1.41376
1.41376
1.41376
1.33204
1.33204
1.33204
1.33204
1.33204
1.33204
1.33204
1.33204
1.33204
1.33204
1.25122
1.25122
1.25122
1.25122
1.25122
1.25122
1.25122
1.25122
1.25122
1.25122
1.17134
1.17134
1.17134
1.17134
1.17134
1.17134
1.17134
1.17134
1.17134
1.17134
1.09249
1.09249
1.09249
1.09249
1.09249
1.09249
1.09249
1.09249
1.09249
1.09249
1.01486
1.01486
1.01486
1.01486
1.01486
1.01486
1.01486
1.01486
1.01486
1.01486
0.93864
0.93864
0.93864
0.93864
0.93864
0.93864
0.93864
0.93864
0.93864
0.93864
0.864068
0.864068
0.864068
0.864068
0.864068
0.864068
0.864068
0.864068
0.864068
0.864068
0.79139
0.79139
0.79139
0.79139
0.79139
0.79139
0.79139
0.79139
0.79139
0.79139
0.720864
0.720864
0.720864
0.720864
0.720864
0.720864
0.720864
0.720864
0.720864
0.720864
0.652749
0.652749
0.652749
0.652749
0.652749
0.652749
0.652749
0.652749
0.652749
0.652749
0.587303
0.587303
0.587303
0.587303
0.587303
0.587303
0.587303
0.587303
0.587303
0.587303
0.524775
0.524775
0.524775
0.524775
0.524775
0.524775
0.524775
0.524775
0.524775
0.524775
0.465402
0.465402
0.465402
0.465402
0.465402
0.465402
0.465402
0.465402
0.465402
0.465402
0.409405
0.409405
0.409405
0.409405
0.409405
0.409405
0.409405
0.409405
0.409405
0.409405
0.356979
0.356979
0.356979
0.356979
0.356979
0.356979
0.356979
0.356979
0.356979
0.356979
0.308294
0.308294
0.308294
0.308294
0.308294
0.308294
0.308294
0.308294
0.308294
0.308294
0.263485
0.263485
0.263485
0.263485
0.263485
0.263485
0.263485
0.263485
0.263485
0.263485
0.222648
0.222648
0.222648
0.222648
0.222648
0.222648
0.222648
0.222648
0.222648
0.222648
0.185833
0.185833
0.185833
0.185833
0.185833
0.185833
0.185833
0.185833
0.185833
0.185833
0.153043
0.153043
0.153043
0.153043
0.153043
0.153043
0.153043
0.153043
0.153043
0.153043
0.124227
0.124227
0.124227
0.124227
0.124227
0.124227
0.124227
0.124227
0.124227
0.124227
0.099275
0.099275
0.0992749
0.099275
0.099275
0.099275
0.0992749
0.099275
0.099275
0.0992749
0.0780224
0.0780224
0.0780224
0.0780224
0.0780224
0.0780224
0.0780224
0.0780224
0.0780224
0.0780224
0.0602471
0.0602471
0.0602471
0.0602471
0.0602471
0.0602471
0.0602471
0.0602471
0.0602471
0.0602471
0.0456745
0.0456745
0.0456745
0.0456745
0.0456745
0.0456745
0.0456745
0.0456745
0.0456745
0.0456745
0.0339851
0.0339851
0.033985
0.0339851
0.0339851
0.033985
0.0339851
0.0339851
0.0339851
0.033985
0.0248253
0.0248253
0.0248253
0.0248253
0.0248253
0.0248253
0.0248253
0.0248253
0.0248253
0.0248253
0.0178223
0.0178223
0.0178223
0.0178223
0.0178223
0.0178223
0.0178223
0.0178223
0.0178223
0.0178223
0.012601
0.012601
0.012601
0.012601
0.012601
0.012601
0.012601
0.012601
0.012601
0.012601
0.00880177
0.00880178
0.00880178
0.00880177
0.00880178
0.00880178
0.00880177
0.00880178
0.00880178
0.00880179
0.00609783
0.00609783
0.00609784
0.00609783
0.00609783
0.00609784
0.00609784
0.00609784
0.00609784
0.00609784
0.00420755
0.00420755
0.00420756
0.00420755
0.00420755
0.00420755
0.00420756
0.00420755
0.00420755
0.00420756
0.00290192
0.00290193
0.00290192
0.00290192
0.00290193
0.00290193
0.00290193
0.00290193
0.00290193
0.00290193
0.0020053
0.0020053
0.0020053
0.0020053
0.0020053
0.0020053
0.0020053
0.0020053
0.0020053
0.0020053
0.00138988
0.00138988
0.00138988
0.00138988
0.00138988
0.00138988
0.00138988
0.00138988
0.00138988
0.00138988
0.000966489
0.000966488
0.000966488
0.000966488
0.000966488
0.000966488
0.000966488
0.000966488
0.000966488
0.000966487
0.000675211
0.000675211
0.00067521
0.000675211
0.00067521
0.00067521
0.000675209
0.00067521
0.00067521
0.000675209
0.000478151
0.000478151
0.000478151
0.000478151
0.000478151
0.000478151
0.000478151
0.000478151
0.000478151
0.000478151
0.000354055
0.000354055
0.000354055
0.000354055
0.000354055
0.000354055
0.000354055
0.000354055
0.000354055
0.000354055
0.000293071
0.000293071
0.000293071
0.000293071
0.000293071
0.000293071
0.000293071
0.000293071
0.000293071
0.000293071
2.20937
2.20937
2.20937
2.20937
2.20937
2.20937
2.20937
2.20937
2.20937
2.20937
2.20536
2.20536
2.20536
2.20536
2.20536
2.20536
2.20536
2.20536
2.20536
2.20536
2.06858
2.06858
2.06858
2.06858
2.06858
2.06858
2.06858
2.06858
2.06858
2.06858
1.95142
1.95142
1.95142
1.95142
1.95142
1.95142
1.95142
1.95142
1.95142
1.95142
1.84903
1.84903
1.84903
1.84903
1.84903
1.84903
1.84903
1.84903
1.84903
1.84903
1.7552
1.7552
1.7552
1.7552
1.7552
1.7552
1.7552
1.7552
1.7552
1.7552
1.66635
1.66635
1.66635
1.66635
1.66635
1.66635
1.66635
1.66635
1.66635
1.66635
1.58047
1.58047
1.58047
1.58047
1.58047
1.58047
1.58047
1.58047
1.58047
1.58047
1.49647
1.49647
1.49647
1.49647
1.49647
1.49647
1.49647
1.49647
1.49647
1.49647
1.41376
1.41376
1.41376
1.41376
1.41376
1.41376
1.41376
1.41376
1.41376
1.41376
1.33204
1.33204
1.33204
1.33204
1.33204
1.33204
1.33204
1.33204
1.33204
1.33204
1.25122
1.25122
1.25122
1.25122
1.25122
1.25122
1.25122
1.25122
1.25122
1.25122
1.17134
1.17134
1.17134
1.17134
1.17134
1.17134
1.17134
1.17134
1.17134
1.17134
1.09249
1.09249
1.09249
1.09249
1.09249
1.09249
1.09249
1.09249
1.09249
1.09249
1.01486
1.01486
1.01486
1.01486
1.01486
1.01486
1.01486
1.01486
1.01486
1.01486
0.93864
0.93864
0.93864
0.93864
0.93864
0.93864
0.93864
0.93864
0.93864
0.93864
0.864068
0.864068
0.864068
0.864068
0.864068
0.864068
0.864068
0.864068
0.864068
0.864068
0.79139
0.79139
0.79139
0.79139
0.79139
0.79139
0.79139
0.79139
0.79139
0.79139
0.720864
0.720864
0.720864
0.720864
0.720864
0.720864
0.720864
0.720864
0.720864
0.720864
0.652749
0.652749
0.652749
0.652749
0.652749
0.652749
0.652749
0.652749
0.652749
0.652749
0.587303
0.587303
0.587303
0.587303
0.587303
0.587303
0.587303
0.587303
0.587303
0.587303
0.524775
0.524775
0.524775
0.524775
0.524775
0.524775
0.524775
0.524775
0.524775
0.524775
0.465402
0.465402
0.465402
0.465402
0.465402
0.465402
0.465402
0.465402
0.465402
0.465402
0.409405
0.409405
0.409405
0.409405
0.409405
0.409405
0.409405
0.409405
0.409405
0.409405
0.356979
0.356979
0.356979
0.356979
0.356979
0.356979
0.356979
0.356979
0.356979
0.356979
0.308294
0.308294
0.308294
0.308294
0.308294
0.308294
0.308294
0.308294
0.308294
0.308294
0.263485
0.263485
0.263485
0.263485
0.263485
0.263485
0.263485
0.263485
0.263485
0.263485
0.222648
0.222648
0.222648
0.222648
0.222648
0.222648
0.222648
0.222648
0.222648
0.222648
0.185833
0.185833
0.185833
0.185833
0.185833
0.185833
0.185833
0.185833
0.185833
0.185833
0.153043
0.153043
0.153043
0.153043
0.153043
0.153043
0.153043
0.153043
0.153043
0.153043
0.124227
0.124227
0.124227
0.124227
0.124227
0.124227
0.124227
0.124227
0.124227
0.124227
0.099275
0.099275
0.099275
0.099275
0.099275
0.099275
0.0992749
0.099275
0.099275
0.0992749
0.0780225
0.0780225
0.0780225
0.0780225
0.0780224
0.0780225
0.0780225
0.0780225
0.0780224
0.0780224
0.0602471
0.0602471
0.0602471
0.0602471
0.0602471
0.0602471
0.0602471
0.0602471
0.0602471
0.0602471
0.0456745
0.0456745
0.0456745
0.0456745
0.0456745
0.0456745
0.0456745
0.0456745
0.0456745
0.0456745
0.0339851
0.0339851
0.0339851
0.0339851
0.0339851
0.033985
0.0339851
0.0339851
0.0339851
0.033985
0.0248253
0.0248253
0.0248253
0.0248253
0.0248253
0.0248253
0.0248253
0.0248253
0.0248253
0.0248253
0.0178223
0.0178223
0.0178223
0.0178223
0.0178223
0.0178223
0.0178223
0.0178223
0.0178223
0.0178223
0.0126009
0.0126009
0.0126009
0.0126009
0.0126009
0.0126009
0.0126009
0.0126009
0.0126009
0.0126009
0.00880177
0.00880177
0.00880178
0.00880177
0.00880177
0.00880177
0.00880178
0.00880177
0.00880177
0.00880178
0.00609783
0.00609784
0.00609784
0.00609784
0.00609784
0.00609784
0.00609785
0.00609784
0.00609784
0.00609785
0.00420754
0.00420754
0.00420754
0.00420754
0.00420754
0.00420754
0.00420754
0.00420754
0.00420754
0.00420755
0.00290188
0.00290189
0.00290188
0.00290189
0.00290189
0.00290189
0.00290189
0.00290189
0.00290189
0.00290189
0.00200524
0.00200524
0.00200524
0.00200524
0.00200524
0.00200524
0.00200524
0.00200524
0.00200524
0.00200524
0.0013898
0.0013898
0.0013898
0.0013898
0.0013898
0.0013898
0.0013898
0.0013898
0.0013898
0.0013898
0.00096639
0.000966389
0.00096639
0.00096639
0.00096639
0.000966389
0.00096639
0.000966389
0.000966389
0.000966388
0.000675121
0.000675121
0.000675121
0.000675121
0.000675121
0.00067512
0.000675121
0.000675121
0.00067512
0.00067512
0.000478082
0.000478082
0.000478082
0.000478082
0.000478082
0.000478082
0.000478082
0.000478082
0.000478082
0.000478082
0.000354014
0.000354014
0.000354014
0.000354014
0.000354014
0.000354014
0.000354014
0.000354014
0.000354014
0.000354014
0.000293068
0.000293068
0.000293068
0.000293068
0.000293068
0.000293068
0.000293068
0.000293068
0.000293068
0.000293068
2.20937
2.20937
2.20937
2.20937
2.20937
2.20937
2.20937
2.20937
2.20937
2.20937
2.20536
2.20536
2.20536
2.20536
2.20536
2.20536
2.20536
2.20536
2.20536
2.20536
2.06858
2.06858
2.06858
2.06858
2.06858
2.06858
2.06858
2.06858
2.06858
2.06858
1.95142
1.95142
1.95142
1.95142
1.95142
1.95142
1.95142
1.95142
1.95142
1.95142
1.84903
1.84903
1.84903
1.84903
1.84903
1.84903
1.84903
1.84903
1.84903
1.84903
1.7552
1.7552
1.7552
1.7552
1.7552
1.7552
1.7552
1.7552
1.7552
1.7552
1.66635
1.66635
1.66635
1.66635
1.66635
1.66635
1.66635
1.66635
1.66635
1.66635
1.58047
1.58047
1.58047
1.58047
1.58047
1.58047
1.58047
1.58047
1.58047
1.58047
1.49647
1.49647
1.49647
1.49647
1.49647
1.49647
1.49647
1.49647
1.49647
1.49647
1.41376
1.41376
1.41376
1.41376
1.41376
1.41376
1.41376
1.41376
1.41376
1.41376
1.33204
1.33204
1.33204
1.33204
1.33204
1.33204
1.33204
1.33204
1.33204
1.33204
1.25122
1.25122
1.25122
1.25122
1.25122
1.25122
1.25122
1.25122
1.25122
1.25122
1.17134
1.17134
1.17134
1.17134
1.17134
1.17134
1.17134
1.17134
1.17134
1.17134
1.09249
1.09249
1.09249
1.09249
1.09249
1.09249
1.09249
1.09249
1.09249
1.09249
1.01486
1.01486
1.01486
1.01486
1.01486
1.01486
1.01486
1.01486
1.01486
1.01486
0.93864
0.93864
0.93864
0.93864
0.93864
0.93864
0.93864
0.93864
0.93864
0.93864
0.864068
0.864068
0.864068
0.864068
0.864068
0.864068
0.864068
0.864068
0.864068
0.864068
0.79139
0.79139
0.79139
0.79139
0.79139
0.79139
0.79139
0.79139
0.79139
0.79139
0.720864
0.720864
0.720864
0.720864
0.720864
0.720864
0.720864
0.720864
0.720864
0.720864
0.652749
0.652749
0.652749
0.652749
0.652749
0.652749
0.652749
0.652749
0.652749
0.652749
0.587303
0.587303
0.587303
0.587303
0.587303
0.587303
0.587303
0.587303
0.587303
0.587303
0.524775
0.524775
0.524775
0.524775
0.524775
0.524775
0.524775
0.524775
0.524775
0.524775
0.465402
0.465402
0.465402
0.465402
0.465402
0.465402
0.465402
0.465402
0.465402
0.465402
0.409405
0.409405
0.409405
0.409405
0.409405
0.409405
0.409405
0.409405
0.409405
0.409405
0.356979
0.356979
0.356979
0.356979
0.356979
0.356979
0.356979
0.356979
0.356979
0.356979
0.308294
0.308294
0.308294
0.308294
0.308294
0.308294
0.308294
0.308294
0.308294
0.308294
0.263485
0.263485
0.263485
0.263485
0.263485
0.263485
0.263485
0.263485
0.263485
0.263485
0.222648
0.222648
0.222648
0.222648
0.222648
0.222648
0.222648
0.222648
0.222648
0.222648
0.185833
0.185833
0.185833
0.185833
0.185833
0.185833
0.185833
0.185833
0.185833
0.185833
0.153043
0.153043
0.153043
0.153043
0.153043
0.153043
0.153043
0.153043
0.153043
0.153043
0.124227
0.124227
0.124227
0.124227
0.124227
0.124227
0.124227
0.124227
0.124227
0.124227
0.0992749
0.0992749
0.0992749
0.0992749
0.0992749
0.0992749
0.0992749
0.0992749
0.0992749
0.0992749
0.0780225
0.0780224
0.0780225
0.0780225
0.0780224
0.0780225
0.0780224
0.0780224
0.0780224
0.0780224
0.0602471
0.0602471
0.0602471
0.0602471
0.0602471
0.0602471
0.0602471
0.0602471
0.0602471
0.0602471
0.0456745
0.0456745
0.0456745
0.0456745
0.0456745
0.0456745
0.0456745
0.0456745
0.0456745
0.0456745
0.0339851
0.0339851
0.0339851
0.0339851
0.0339851
0.0339851
0.0339851
0.0339851
0.0339851
0.0339851
0.0248253
0.0248253
0.0248253
0.0248253
0.0248253
0.0248253
0.0248253
0.0248253
0.0248253
0.0248253
0.0178223
0.0178223
0.0178223
0.0178223
0.0178223
0.0178223
0.0178223
0.0178223
0.0178223
0.0178223
0.0126009
0.012601
0.0126009
0.012601
0.012601
0.012601
0.012601
0.012601
0.012601
0.012601
0.00880176
0.00880176
0.00880177
0.00880176
0.00880176
0.00880177
0.00880176
0.00880176
0.00880177
0.00880177
0.00609786
0.00609786
0.00609787
0.00609786
0.00609786
0.00609787
0.00609787
0.00609786
0.00609787
0.00609787
0.00420756
0.00420756
0.00420756
0.00420757
0.00420756
0.00420756
0.00420757
0.00420756
0.00420756
0.00420757
0.00290188
0.00290189
0.00290188
0.00290188
0.00290189
0.00290189
0.00290189
0.00290189
0.00290189
0.00290189
0.00200517
0.00200517
0.00200517
0.00200517
0.00200517
0.00200517
0.00200517
0.00200517
0.00200517
0.00200518
0.00138969
0.00138969
0.00138969
0.00138969
0.00138969
0.00138969
0.00138969
0.00138969
0.00138969
0.00138969
0.000966266
0.000966266
0.000966267
0.000966267
0.000966266
0.000966267
0.000966267
0.000966266
0.000966267
0.000966267
0.000675027
0.000675026
0.000675026
0.000675027
0.000675026
0.000675026
0.000675027
0.000675026
0.000675026
0.000675025
0.00047802
0.000478019
0.000478019
0.00047802
0.000478019
0.000478019
0.000478019
0.000478019
0.000478019
0.000478019
0.000353994
0.000353994
0.000353994
0.000353994
0.000353994
0.000353994
0.000353994
0.000353994
0.000353994
0.000353994
0.000293064
0.000293064
0.000293064
0.000293064
0.000293064
0.000293064
0.000293064
0.000293064
0.000293064
0.000293064
)
;

boundaryField
{
    inlet
    {
        type            cyclic;
    }
    outlet
    {
        type            cyclic;
    }
    sideLeft
    {
        type            cyclic;
    }
    sideRight
    {
        type            cyclic;
    }
    top
    {
        type            symmetryPlane;
    }
    bottomRoughWall
    {
        type            kqRWallFunction;
        value           nonuniform List<scalar> 
100
(
2.20937
2.20937
2.20937
2.20937
2.20937
2.20937
2.20937
2.20937
2.20937
2.20937
2.20937
2.20937
2.20937
2.20937
2.20937
2.20937
2.20937
2.20937
2.20937
2.20937
2.20937
2.20937
2.20937
2.20937
2.20937
2.20937
2.20937
2.20937
2.20937
2.20937
2.20937
2.20937
2.20937
2.20937
2.20937
2.20937
2.20937
2.20937
2.20937
2.20937
2.20937
2.20937
2.20937
2.20937
2.20937
2.20937
2.20937
2.20937
2.20937
2.20937
2.20937
2.20937
2.20937
2.20937
2.20937
2.20937
2.20937
2.20937
2.20937
2.20937
2.20937
2.20937
2.20937
2.20937
2.20937
2.20937
2.20937
2.20937
2.20937
2.20937
2.20937
2.20937
2.20937
2.20937
2.20937
2.20937
2.20937
2.20937
2.20937
2.20937
2.20937
2.20937
2.20937
2.20937
2.20937
2.20937
2.20937
2.20937
2.20937
2.20937
2.20937
2.20937
2.20937
2.20937
2.20937
2.20937
2.20937
2.20937
2.20937
2.20937
)
;
    }
}


// ************************************************************************* //
