/*--------------------------------*- C++ -*----------------------------------*\
| =========                 |                                                 |
| \\      /  F ield         | OpenFOAM: The Open Source CFD Toolbox           |
|  \\    /   O peration     | Version:  v1806                                 |
|   \\  /    A nd           | Web:      www.OpenFOAM.com                      |
|    \\/     M anipulation  |                                                 |
\*---------------------------------------------------------------------------*/
FoamFile
{
    version     2.0;
    format      ascii;
    class       volScalarField;
    location    "350000";
    object      nut;
}
// * * * * * * * * * * * * * * * * * * * * * * * * * * * * * * * * * * * * * //

dimensions      [0 2 -1 0 0 0 0];


internalField   nonuniform List<scalar> 
5000
(
0.00224486
0.00224486
0.00224486
0.00224486
0.00224486
0.00224486
0.00224486
0.00224486
0.00224486
0.00224486
0.00482258
0.00482258
0.00482258
0.00482258
0.00482258
0.00482258
0.00482258
0.00482258
0.00482258
0.00482258
0.00713546
0.00713546
0.00713546
0.00713546
0.00713546
0.00713546
0.00713546
0.00713546
0.00713546
0.00713546
0.00904684
0.00904684
0.00904684
0.00904684
0.00904684
0.00904684
0.00904684
0.00904684
0.00904684
0.00904684
0.0105605
0.0105605
0.0105605
0.0105605
0.0105605
0.0105605
0.0105605
0.0105605
0.0105605
0.0105605
0.0117282
0.0117282
0.0117282
0.0117282
0.0117282
0.0117282
0.0117282
0.0117282
0.0117282
0.0117282
0.0126068
0.0126068
0.0126068
0.0126068
0.0126068
0.0126068
0.0126068
0.0126068
0.0126068
0.0126068
0.0132463
0.0132463
0.0132463
0.0132463
0.0132463
0.0132463
0.0132463
0.0132463
0.0132463
0.0132463
0.0136881
0.0136881
0.0136881
0.0136881
0.0136881
0.0136881
0.0136881
0.0136881
0.0136881
0.0136881
0.0139659
0.0139659
0.0139659
0.0139659
0.0139659
0.0139659
0.0139659
0.0139659
0.0139659
0.0139659
0.0141071
0.0141071
0.0141071
0.0141071
0.0141071
0.0141071
0.0141071
0.0141071
0.0141071
0.0141071
0.0141336
0.0141336
0.0141336
0.0141336
0.0141336
0.0141336
0.0141336
0.0141336
0.0141336
0.0141336
0.0140636
0.0140636
0.0140636
0.0140636
0.0140636
0.0140636
0.0140636
0.0140636
0.0140636
0.0140636
0.013912
0.013912
0.013912
0.013912
0.013912
0.013912
0.013912
0.013912
0.013912
0.013912
0.0136911
0.0136911
0.0136911
0.0136911
0.0136911
0.0136911
0.0136911
0.0136911
0.0136911
0.0136911
0.0134113
0.0134113
0.0134113
0.0134113
0.0134113
0.0134113
0.0134113
0.0134113
0.0134113
0.0134113
0.0130815
0.0130815
0.0130815
0.0130815
0.0130815
0.0130815
0.0130815
0.0130815
0.0130815
0.0130815
0.0127091
0.0127091
0.0127091
0.0127091
0.0127091
0.0127091
0.0127091
0.0127091
0.0127091
0.0127091
0.0123008
0.0123008
0.0123008
0.0123008
0.0123008
0.0123008
0.0123008
0.0123008
0.0123008
0.0123008
0.0118623
0.0118623
0.0118623
0.0118623
0.0118623
0.0118623
0.0118623
0.0118623
0.0118623
0.0118623
0.0113987
0.0113987
0.0113987
0.0113987
0.0113987
0.0113987
0.0113987
0.0113987
0.0113987
0.0113987
0.0109147
0.0109147
0.0109147
0.0109147
0.0109147
0.0109147
0.0109147
0.0109147
0.0109147
0.0109147
0.0104144
0.0104144
0.0104144
0.0104144
0.0104144
0.0104144
0.0104144
0.0104144
0.0104144
0.0104144
0.0099019
0.0099019
0.0099019
0.0099019
0.0099019
0.0099019
0.0099019
0.0099019
0.0099019
0.0099019
0.00938076
0.00938076
0.00938076
0.00938076
0.00938076
0.00938076
0.00938076
0.00938076
0.00938076
0.00938076
0.00885457
0.00885457
0.00885457
0.00885457
0.00885457
0.00885457
0.00885457
0.00885457
0.00885457
0.00885457
0.00832679
0.00832679
0.00832679
0.00832679
0.00832679
0.00832679
0.00832679
0.00832679
0.00832679
0.00832679
0.00780081
0.00780081
0.00780081
0.00780081
0.00780081
0.00780081
0.00780081
0.00780081
0.00780081
0.00780081
0.00728003
0.00728003
0.00728003
0.00728003
0.00728003
0.00728003
0.00728003
0.00728003
0.00728003
0.00728003
0.00676786
0.00676786
0.00676786
0.00676786
0.00676786
0.00676786
0.00676786
0.00676786
0.00676786
0.00676786
0.0062677
0.0062677
0.0062677
0.0062677
0.0062677
0.0062677
0.0062677
0.0062677
0.0062677
0.0062677
0.00578297
0.00578297
0.00578297
0.00578297
0.00578297
0.00578297
0.00578297
0.00578297
0.00578297
0.00578297
0.00531702
0.00531702
0.00531703
0.00531703
0.00531702
0.00531702
0.00531703
0.00531702
0.00531702
0.00531702
0.00487311
0.00487311
0.00487311
0.00487311
0.00487311
0.00487311
0.00487311
0.00487311
0.00487311
0.00487311
0.00445413
0.00445413
0.00445413
0.00445412
0.00445413
0.00445413
0.00445413
0.00445413
0.00445413
0.00445413
0.00406262
0.00406262
0.00406262
0.00406262
0.00406262
0.00406262
0.00406262
0.00406262
0.00406262
0.00406262
0.00370042
0.00370042
0.00370042
0.00370042
0.00370042
0.00370042
0.00370042
0.00370042
0.00370042
0.00370042
0.00336837
0.00336837
0.00336837
0.00336837
0.00336837
0.00336837
0.00336837
0.00336837
0.00336837
0.00336837
0.00306585
0.00306586
0.00306586
0.00306585
0.00306585
0.00306585
0.00306585
0.00306585
0.00306585
0.00306585
0.00279015
0.00279014
0.00279015
0.00279015
0.00279014
0.00279015
0.00279015
0.00279015
0.00279015
0.00279015
0.00253586
0.00253585
0.00253586
0.00253586
0.00253585
0.00253586
0.00253586
0.00253585
0.00253585
0.00253585
0.00229528
0.00229528
0.00229528
0.00229528
0.00229528
0.00229528
0.00229528
0.00229528
0.00229528
0.00229528
0.00206123
0.00206123
0.00206124
0.00206123
0.00206123
0.00206124
0.00206123
0.00206123
0.00206123
0.00206124
0.00183021
0.00183021
0.00183021
0.00183021
0.00183021
0.00183021
0.00183021
0.00183021
0.00183021
0.00183022
0.00160605
0.00160606
0.00160605
0.00160605
0.00160606
0.00160606
0.00160605
0.00160606
0.00160606
0.00160606
0.00139752
0.00139752
0.00139753
0.00139752
0.00139752
0.00139752
0.00139752
0.00139752
0.00139752
0.00139752
0.00121232
0.00121232
0.00121232
0.00121232
0.00121232
0.00121232
0.00121232
0.00121232
0.00121232
0.00121232
0.00105743
0.00105743
0.00105743
0.00105743
0.00105743
0.00105743
0.00105743
0.00105743
0.00105743
0.00105743
0.000946507
0.000946507
0.000946507
0.000946507
0.000946507
0.000946507
0.000946507
0.000946507
0.000946507
0.000946507
0.000892562
0.000892563
0.000892562
0.000892563
0.000892563
0.000892563
0.000892563
0.000892563
0.000892563
0.000892563
0.00224486
0.00224486
0.00224486
0.00224486
0.00224486
0.00224486
0.00224486
0.00224486
0.00224486
0.00224486
0.00482258
0.00482258
0.00482258
0.00482258
0.00482258
0.00482258
0.00482258
0.00482258
0.00482258
0.00482258
0.00713546
0.00713546
0.00713546
0.00713546
0.00713546
0.00713546
0.00713546
0.00713546
0.00713546
0.00713546
0.00904684
0.00904684
0.00904684
0.00904684
0.00904684
0.00904684
0.00904684
0.00904684
0.00904684
0.00904684
0.0105605
0.0105605
0.0105605
0.0105605
0.0105605
0.0105605
0.0105605
0.0105605
0.0105605
0.0105605
0.0117282
0.0117282
0.0117282
0.0117282
0.0117282
0.0117282
0.0117282
0.0117282
0.0117282
0.0117282
0.0126068
0.0126068
0.0126068
0.0126068
0.0126068
0.0126068
0.0126068
0.0126068
0.0126068
0.0126068
0.0132463
0.0132463
0.0132463
0.0132463
0.0132463
0.0132463
0.0132463
0.0132463
0.0132463
0.0132463
0.0136881
0.0136881
0.0136881
0.0136881
0.0136881
0.0136881
0.0136881
0.0136881
0.0136881
0.0136881
0.0139659
0.0139659
0.0139659
0.0139659
0.0139659
0.0139659
0.0139659
0.0139659
0.0139659
0.0139659
0.0141071
0.0141071
0.0141071
0.0141071
0.0141071
0.0141071
0.0141071
0.0141071
0.0141071
0.0141071
0.0141336
0.0141336
0.0141336
0.0141336
0.0141336
0.0141336
0.0141336
0.0141336
0.0141336
0.0141336
0.0140636
0.0140636
0.0140636
0.0140636
0.0140636
0.0140636
0.0140636
0.0140636
0.0140636
0.0140636
0.013912
0.013912
0.013912
0.013912
0.013912
0.013912
0.013912
0.013912
0.013912
0.013912
0.0136911
0.0136911
0.0136911
0.0136911
0.0136911
0.0136911
0.0136911
0.0136911
0.0136911
0.0136911
0.0134113
0.0134113
0.0134113
0.0134113
0.0134113
0.0134113
0.0134113
0.0134113
0.0134113
0.0134113
0.0130815
0.0130815
0.0130815
0.0130815
0.0130815
0.0130815
0.0130815
0.0130815
0.0130815
0.0130815
0.0127091
0.0127091
0.0127091
0.0127091
0.0127091
0.0127091
0.0127091
0.0127091
0.0127091
0.0127091
0.0123008
0.0123008
0.0123008
0.0123008
0.0123008
0.0123008
0.0123008
0.0123008
0.0123008
0.0123008
0.0118623
0.0118623
0.0118623
0.0118623
0.0118623
0.0118623
0.0118623
0.0118623
0.0118623
0.0118623
0.0113987
0.0113987
0.0113987
0.0113987
0.0113987
0.0113987
0.0113987
0.0113987
0.0113987
0.0113987
0.0109147
0.0109147
0.0109147
0.0109147
0.0109147
0.0109147
0.0109147
0.0109147
0.0109147
0.0109147
0.0104144
0.0104144
0.0104144
0.0104144
0.0104144
0.0104144
0.0104144
0.0104144
0.0104144
0.0104144
0.0099019
0.0099019
0.0099019
0.0099019
0.0099019
0.0099019
0.0099019
0.0099019
0.0099019
0.0099019
0.00938076
0.00938076
0.00938076
0.00938076
0.00938076
0.00938076
0.00938076
0.00938076
0.00938076
0.00938076
0.00885457
0.00885457
0.00885457
0.00885457
0.00885457
0.00885457
0.00885457
0.00885457
0.00885457
0.00885457
0.00832679
0.00832679
0.00832679
0.00832679
0.00832679
0.00832679
0.00832679
0.00832679
0.00832679
0.00832679
0.00780081
0.00780081
0.00780081
0.00780081
0.00780081
0.00780081
0.00780081
0.00780081
0.00780081
0.00780081
0.00728003
0.00728003
0.00728003
0.00728003
0.00728003
0.00728003
0.00728003
0.00728003
0.00728003
0.00728003
0.00676786
0.00676786
0.00676786
0.00676786
0.00676786
0.00676786
0.00676786
0.00676786
0.00676786
0.00676786
0.00626769
0.00626769
0.00626769
0.00626769
0.0062677
0.00626769
0.00626769
0.00626769
0.00626769
0.00626769
0.00578297
0.00578297
0.00578297
0.00578297
0.00578297
0.00578297
0.00578297
0.00578297
0.00578297
0.00578297
0.00531703
0.00531703
0.00531702
0.00531703
0.00531703
0.00531703
0.00531703
0.00531703
0.00531703
0.00531703
0.00487311
0.00487311
0.00487311
0.0048731
0.00487311
0.00487311
0.00487311
0.00487311
0.00487311
0.00487311
0.00445413
0.00445412
0.00445413
0.00445413
0.00445412
0.00445412
0.00445413
0.00445412
0.00445413
0.00445412
0.00406262
0.00406262
0.00406262
0.00406262
0.00406262
0.00406262
0.00406262
0.00406262
0.00406262
0.00406262
0.00370041
0.00370041
0.00370041
0.00370041
0.00370041
0.00370041
0.00370041
0.00370041
0.00370041
0.00370041
0.00336836
0.00336836
0.00336836
0.00336836
0.00336836
0.00336836
0.00336836
0.00336836
0.00336836
0.00336836
0.00306584
0.00306584
0.00306584
0.00306584
0.00306585
0.00306585
0.00306584
0.00306584
0.00306584
0.00306585
0.00279016
0.00279015
0.00279016
0.00279015
0.00279015
0.00279016
0.00279016
0.00279015
0.00279016
0.00279015
0.00253582
0.00253582
0.00253582
0.00253582
0.00253582
0.00253582
0.00253581
0.00253582
0.00253582
0.00253582
0.0022951
0.00229511
0.00229511
0.0022951
0.00229511
0.0022951
0.00229512
0.00229511
0.00229511
0.00229512
0.00206116
0.00206116
0.00206116
0.00206116
0.00206116
0.00206116
0.00206116
0.00206116
0.00206116
0.00206116
0.00183012
0.00183013
0.00183013
0.00183012
0.00183013
0.00183013
0.00183013
0.00183013
0.00183013
0.00183013
0.00160595
0.00160595
0.00160595
0.00160595
0.00160595
0.00160595
0.00160595
0.00160595
0.00160595
0.00160595
0.00139763
0.00139763
0.00139763
0.00139763
0.00139763
0.00139763
0.00139763
0.00139763
0.00139763
0.00139763
0.00121251
0.0012125
0.0012125
0.0012125
0.0012125
0.0012125
0.0012125
0.0012125
0.0012125
0.0012125
0.00105761
0.00105761
0.00105761
0.00105761
0.00105761
0.00105761
0.00105761
0.00105761
0.00105761
0.00105761
0.000946596
0.000946596
0.000946596
0.000946596
0.000946596
0.000946596
0.000946596
0.000946596
0.000946596
0.000946596
0.0008926
0.0008926
0.000892601
0.0008926
0.0008926
0.0008926
0.0008926
0.0008926
0.0008926
0.000892601
0.00224486
0.00224486
0.00224486
0.00224486
0.00224486
0.00224486
0.00224486
0.00224486
0.00224486
0.00224486
0.00482258
0.00482258
0.00482258
0.00482258
0.00482258
0.00482258
0.00482258
0.00482258
0.00482258
0.00482258
0.00713546
0.00713546
0.00713546
0.00713546
0.00713546
0.00713546
0.00713546
0.00713546
0.00713546
0.00713546
0.00904684
0.00904684
0.00904684
0.00904684
0.00904684
0.00904684
0.00904684
0.00904684
0.00904684
0.00904684
0.0105605
0.0105605
0.0105605
0.0105605
0.0105605
0.0105605
0.0105605
0.0105605
0.0105605
0.0105605
0.0117282
0.0117282
0.0117282
0.0117282
0.0117282
0.0117282
0.0117282
0.0117282
0.0117282
0.0117282
0.0126068
0.0126068
0.0126068
0.0126068
0.0126068
0.0126068
0.0126068
0.0126068
0.0126068
0.0126068
0.0132463
0.0132463
0.0132463
0.0132463
0.0132463
0.0132463
0.0132463
0.0132463
0.0132463
0.0132463
0.0136881
0.0136881
0.0136881
0.0136881
0.0136881
0.0136881
0.0136881
0.0136881
0.0136881
0.0136881
0.0139659
0.0139659
0.0139659
0.0139659
0.0139659
0.0139659
0.0139659
0.0139659
0.0139659
0.0139659
0.0141071
0.0141071
0.0141071
0.0141071
0.0141071
0.0141071
0.0141071
0.0141071
0.0141071
0.0141071
0.0141336
0.0141336
0.0141336
0.0141336
0.0141336
0.0141336
0.0141336
0.0141336
0.0141336
0.0141336
0.0140636
0.0140636
0.0140636
0.0140636
0.0140636
0.0140636
0.0140636
0.0140636
0.0140636
0.0140636
0.013912
0.013912
0.013912
0.013912
0.013912
0.013912
0.013912
0.013912
0.013912
0.013912
0.0136911
0.0136911
0.0136911
0.0136911
0.0136911
0.0136911
0.0136911
0.0136911
0.0136911
0.0136911
0.0134113
0.0134113
0.0134113
0.0134113
0.0134113
0.0134113
0.0134113
0.0134113
0.0134113
0.0134113
0.0130815
0.0130815
0.0130815
0.0130815
0.0130815
0.0130815
0.0130815
0.0130815
0.0130815
0.0130815
0.0127091
0.0127091
0.0127091
0.0127091
0.0127091
0.0127091
0.0127091
0.0127091
0.0127091
0.0127091
0.0123008
0.0123008
0.0123008
0.0123008
0.0123008
0.0123008
0.0123008
0.0123008
0.0123008
0.0123008
0.0118623
0.0118623
0.0118623
0.0118623
0.0118623
0.0118623
0.0118623
0.0118623
0.0118623
0.0118623
0.0113987
0.0113987
0.0113987
0.0113987
0.0113987
0.0113987
0.0113987
0.0113987
0.0113987
0.0113987
0.0109147
0.0109147
0.0109147
0.0109147
0.0109147
0.0109147
0.0109147
0.0109147
0.0109147
0.0109147
0.0104144
0.0104144
0.0104144
0.0104144
0.0104144
0.0104144
0.0104144
0.0104144
0.0104144
0.0104144
0.0099019
0.0099019
0.0099019
0.0099019
0.0099019
0.0099019
0.0099019
0.0099019
0.0099019
0.0099019
0.00938077
0.00938076
0.00938076
0.00938076
0.00938076
0.00938076
0.00938076
0.00938076
0.00938076
0.00938076
0.00885457
0.00885457
0.00885457
0.00885457
0.00885457
0.00885457
0.00885457
0.00885457
0.00885457
0.00885457
0.00832679
0.00832679
0.00832679
0.00832679
0.00832679
0.00832679
0.00832679
0.00832679
0.00832679
0.00832679
0.00780081
0.00780081
0.00780081
0.00780081
0.00780081
0.00780081
0.00780081
0.00780081
0.00780081
0.00780081
0.00728003
0.00728003
0.00728003
0.00728003
0.00728003
0.00728003
0.00728003
0.00728003
0.00728003
0.00728003
0.00676786
0.00676786
0.00676786
0.00676786
0.00676786
0.00676786
0.00676786
0.00676786
0.00676786
0.00676786
0.0062677
0.0062677
0.0062677
0.00626769
0.0062677
0.0062677
0.0062677
0.0062677
0.0062677
0.0062677
0.00578297
0.00578297
0.00578297
0.00578297
0.00578297
0.00578297
0.00578297
0.00578297
0.00578297
0.00578297
0.00531703
0.00531703
0.00531703
0.00531703
0.00531703
0.00531703
0.00531703
0.00531703
0.00531703
0.00531703
0.0048731
0.0048731
0.0048731
0.0048731
0.0048731
0.0048731
0.0048731
0.0048731
0.0048731
0.0048731
0.00445412
0.00445413
0.00445413
0.00445413
0.00445412
0.00445413
0.00445413
0.00445413
0.00445412
0.00445412
0.00406262
0.00406262
0.00406262
0.00406262
0.00406262
0.00406262
0.00406262
0.00406262
0.00406262
0.00406262
0.00370041
0.00370041
0.00370041
0.00370041
0.00370041
0.00370041
0.00370041
0.00370041
0.00370041
0.00370041
0.00336837
0.00336837
0.00336837
0.00336837
0.00336837
0.00336837
0.00336837
0.00336837
0.00336837
0.00336836
0.00306586
0.00306586
0.00306586
0.00306586
0.00306586
0.00306586
0.00306586
0.00306586
0.00306586
0.00306586
0.00279017
0.00279015
0.00279016
0.00279016
0.00279015
0.00279016
0.00279016
0.00279016
0.00279016
0.00279015
0.00253578
0.00253577
0.00253579
0.00253578
0.00253577
0.00253578
0.00253579
0.00253578
0.00253578
0.00253578
0.00229525
0.00229525
0.00229525
0.00229525
0.00229525
0.00229525
0.00229525
0.00229525
0.00229525
0.00229525
0.00206117
0.00206118
0.00206117
0.00206117
0.00206118
0.00206117
0.00206117
0.00206117
0.00206118
0.00206118
0.00183014
0.00183014
0.00183014
0.00183014
0.00183014
0.00183014
0.00183014
0.00183014
0.00183014
0.00183015
0.00160591
0.00160592
0.00160591
0.00160591
0.00160591
0.00160591
0.00160591
0.00160591
0.00160591
0.00160592
0.00139764
0.00139764
0.00139764
0.00139764
0.00139763
0.00139764
0.00139764
0.00139764
0.00139764
0.00139764
0.0012126
0.0012126
0.0012126
0.00121259
0.0012126
0.0012126
0.00121259
0.0012126
0.0012126
0.00121259
0.0010577
0.0010577
0.0010577
0.0010577
0.0010577
0.0010577
0.0010577
0.0010577
0.0010577
0.0010577
0.000946644
0.000946643
0.000946644
0.000946644
0.000946643
0.000946644
0.000946644
0.000946644
0.000946644
0.000946643
0.000892584
0.000892583
0.000892583
0.000892584
0.000892583
0.000892583
0.000892584
0.000892583
0.000892583
0.000892583
0.00224486
0.00224486
0.00224486
0.00224486
0.00224486
0.00224486
0.00224486
0.00224486
0.00224486
0.00224486
0.00482258
0.00482258
0.00482258
0.00482258
0.00482258
0.00482258
0.00482258
0.00482258
0.00482258
0.00482258
0.00713546
0.00713546
0.00713546
0.00713546
0.00713546
0.00713546
0.00713546
0.00713546
0.00713546
0.00713546
0.00904684
0.00904684
0.00904684
0.00904684
0.00904684
0.00904684
0.00904684
0.00904684
0.00904684
0.00904684
0.0105605
0.0105605
0.0105605
0.0105605
0.0105605
0.0105605
0.0105605
0.0105605
0.0105605
0.0105605
0.0117282
0.0117282
0.0117282
0.0117282
0.0117282
0.0117282
0.0117282
0.0117282
0.0117282
0.0117282
0.0126068
0.0126068
0.0126068
0.0126068
0.0126068
0.0126068
0.0126068
0.0126068
0.0126068
0.0126068
0.0132463
0.0132463
0.0132463
0.0132463
0.0132463
0.0132463
0.0132463
0.0132463
0.0132463
0.0132463
0.0136881
0.0136881
0.0136881
0.0136881
0.0136881
0.0136881
0.0136881
0.0136881
0.0136881
0.0136881
0.0139659
0.0139659
0.0139659
0.0139659
0.0139659
0.0139659
0.0139659
0.0139659
0.0139659
0.0139659
0.0141071
0.0141071
0.0141071
0.0141071
0.0141071
0.0141071
0.0141071
0.0141071
0.0141071
0.0141071
0.0141336
0.0141336
0.0141336
0.0141336
0.0141336
0.0141336
0.0141336
0.0141336
0.0141336
0.0141336
0.0140636
0.0140636
0.0140636
0.0140636
0.0140636
0.0140636
0.0140636
0.0140636
0.0140636
0.0140636
0.013912
0.013912
0.013912
0.013912
0.013912
0.013912
0.013912
0.013912
0.013912
0.013912
0.0136911
0.0136911
0.0136911
0.0136911
0.0136911
0.0136911
0.0136911
0.0136911
0.0136911
0.0136911
0.0134113
0.0134113
0.0134113
0.0134113
0.0134113
0.0134113
0.0134113
0.0134113
0.0134113
0.0134113
0.0130815
0.0130815
0.0130815
0.0130815
0.0130815
0.0130815
0.0130815
0.0130815
0.0130815
0.0130815
0.0127091
0.0127091
0.0127091
0.0127091
0.0127091
0.0127091
0.0127091
0.0127091
0.0127091
0.0127091
0.0123008
0.0123008
0.0123008
0.0123008
0.0123008
0.0123008
0.0123008
0.0123008
0.0123008
0.0123008
0.0118623
0.0118623
0.0118623
0.0118623
0.0118623
0.0118623
0.0118623
0.0118623
0.0118623
0.0118623
0.0113987
0.0113987
0.0113987
0.0113987
0.0113987
0.0113987
0.0113987
0.0113987
0.0113987
0.0113987
0.0109147
0.0109147
0.0109147
0.0109147
0.0109147
0.0109147
0.0109147
0.0109147
0.0109147
0.0109147
0.0104144
0.0104144
0.0104144
0.0104144
0.0104144
0.0104144
0.0104144
0.0104144
0.0104144
0.0104144
0.0099019
0.0099019
0.0099019
0.0099019
0.0099019
0.0099019
0.0099019
0.0099019
0.0099019
0.0099019
0.00938076
0.00938076
0.00938076
0.00938076
0.00938076
0.00938076
0.00938076
0.00938076
0.00938076
0.00938076
0.00885457
0.00885457
0.00885457
0.00885457
0.00885457
0.00885457
0.00885457
0.00885457
0.00885457
0.00885457
0.00832679
0.00832679
0.00832679
0.00832679
0.00832679
0.00832679
0.00832679
0.00832679
0.00832679
0.00832679
0.00780081
0.00780081
0.00780081
0.00780081
0.00780081
0.00780081
0.00780081
0.00780081
0.00780081
0.00780081
0.00728004
0.00728004
0.00728003
0.00728004
0.00728004
0.00728003
0.00728003
0.00728004
0.00728004
0.00728004
0.00676786
0.00676786
0.00676786
0.00676786
0.00676786
0.00676786
0.00676786
0.00676786
0.00676786
0.00676786
0.00626769
0.00626769
0.00626769
0.00626769
0.00626769
0.0062677
0.00626769
0.00626769
0.00626769
0.00626769
0.00578296
0.00578296
0.00578296
0.00578296
0.00578296
0.00578296
0.00578296
0.00578296
0.00578296
0.00578297
0.00531703
0.00531703
0.00531703
0.00531703
0.00531703
0.00531703
0.00531703
0.00531703
0.00531703
0.00531703
0.0048731
0.0048731
0.0048731
0.0048731
0.0048731
0.0048731
0.0048731
0.00487311
0.0048731
0.0048731
0.00445412
0.00445412
0.00445412
0.00445412
0.00445412
0.00445412
0.00445412
0.00445412
0.00445412
0.00445412
0.00406262
0.00406262
0.00406262
0.00406261
0.00406262
0.00406262
0.00406261
0.00406262
0.00406262
0.00406261
0.00370041
0.00370041
0.00370041
0.00370041
0.00370041
0.00370041
0.00370041
0.00370041
0.00370041
0.00370041
0.00336837
0.00336836
0.00336837
0.00336837
0.00336837
0.00336836
0.00336837
0.00336837
0.00336836
0.00336836
0.00306584
0.00306584
0.00306585
0.00306584
0.00306584
0.00306585
0.00306584
0.00306584
0.00306584
0.00306584
0.00279012
0.00279012
0.00279013
0.00279012
0.00279012
0.00279013
0.00279012
0.00279012
0.00279012
0.00279012
0.00253569
0.00253569
0.0025357
0.00253569
0.00253569
0.00253569
0.00253569
0.00253569
0.00253569
0.00253569
0.00229515
0.00229516
0.00229514
0.00229515
0.00229515
0.00229515
0.00229515
0.00229515
0.00229515
0.00229516
0.00206136
0.00206136
0.00206136
0.00206136
0.00206136
0.00206137
0.00206136
0.00206136
0.00206136
0.00206136
0.00183029
0.00183029
0.00183029
0.00183029
0.00183029
0.00183029
0.00183029
0.00183029
0.00183029
0.00183029
0.00160603
0.00160603
0.00160603
0.00160604
0.00160603
0.00160604
0.00160604
0.00160603
0.00160604
0.00160604
0.00139764
0.00139765
0.00139765
0.00139765
0.00139765
0.00139765
0.00139765
0.00139764
0.00139765
0.00139765
0.00121263
0.00121263
0.00121263
0.00121263
0.00121263
0.00121263
0.00121263
0.00121263
0.00121263
0.00121263
0.00105785
0.00105785
0.00105785
0.00105785
0.00105785
0.00105785
0.00105785
0.00105785
0.00105785
0.00105785
0.000946737
0.000946737
0.000946737
0.000946737
0.000946737
0.000946737
0.000946737
0.000946737
0.000946737
0.000946737
0.00089261
0.00089261
0.00089261
0.00089261
0.00089261
0.00089261
0.00089261
0.00089261
0.00089261
0.00089261
0.00224486
0.00224486
0.00224486
0.00224486
0.00224486
0.00224486
0.00224486
0.00224486
0.00224486
0.00224486
0.00482258
0.00482258
0.00482258
0.00482258
0.00482258
0.00482258
0.00482258
0.00482258
0.00482258
0.00482258
0.00713546
0.00713546
0.00713546
0.00713546
0.00713546
0.00713546
0.00713546
0.00713546
0.00713546
0.00713546
0.00904684
0.00904684
0.00904684
0.00904684
0.00904684
0.00904684
0.00904684
0.00904684
0.00904684
0.00904684
0.0105605
0.0105605
0.0105605
0.0105605
0.0105605
0.0105605
0.0105605
0.0105605
0.0105605
0.0105605
0.0117282
0.0117282
0.0117282
0.0117282
0.0117282
0.0117282
0.0117282
0.0117282
0.0117282
0.0117282
0.0126068
0.0126068
0.0126068
0.0126068
0.0126068
0.0126068
0.0126068
0.0126068
0.0126068
0.0126068
0.0132463
0.0132463
0.0132463
0.0132463
0.0132463
0.0132463
0.0132463
0.0132463
0.0132463
0.0132463
0.0136881
0.0136881
0.0136881
0.0136881
0.0136881
0.0136881
0.0136881
0.0136881
0.0136881
0.0136881
0.0139659
0.0139659
0.0139659
0.0139659
0.0139659
0.0139659
0.0139659
0.0139659
0.0139659
0.0139659
0.0141071
0.0141071
0.0141071
0.0141071
0.0141071
0.0141071
0.0141071
0.0141071
0.0141071
0.0141071
0.0141336
0.0141336
0.0141336
0.0141336
0.0141336
0.0141336
0.0141336
0.0141336
0.0141336
0.0141336
0.0140636
0.0140636
0.0140636
0.0140636
0.0140636
0.0140636
0.0140636
0.0140636
0.0140636
0.0140636
0.013912
0.013912
0.013912
0.013912
0.013912
0.013912
0.013912
0.013912
0.013912
0.013912
0.0136911
0.0136911
0.0136911
0.0136911
0.0136911
0.0136911
0.0136911
0.0136911
0.0136911
0.0136911
0.0134113
0.0134113
0.0134113
0.0134113
0.0134113
0.0134113
0.0134113
0.0134113
0.0134113
0.0134113
0.0130815
0.0130815
0.0130815
0.0130815
0.0130815
0.0130815
0.0130815
0.0130815
0.0130815
0.0130815
0.0127091
0.0127091
0.0127091
0.0127091
0.0127091
0.0127091
0.0127091
0.0127091
0.0127091
0.0127091
0.0123008
0.0123008
0.0123008
0.0123008
0.0123008
0.0123008
0.0123008
0.0123008
0.0123008
0.0123008
0.0118623
0.0118623
0.0118623
0.0118623
0.0118623
0.0118623
0.0118623
0.0118623
0.0118623
0.0118623
0.0113987
0.0113987
0.0113987
0.0113987
0.0113987
0.0113987
0.0113987
0.0113987
0.0113987
0.0113987
0.0109147
0.0109147
0.0109147
0.0109147
0.0109147
0.0109147
0.0109147
0.0109147
0.0109147
0.0109147
0.0104144
0.0104144
0.0104144
0.0104144
0.0104144
0.0104144
0.0104144
0.0104144
0.0104144
0.0104144
0.0099019
0.0099019
0.0099019
0.0099019
0.0099019
0.0099019
0.0099019
0.0099019
0.0099019
0.0099019
0.00938076
0.00938076
0.00938076
0.00938076
0.00938077
0.00938077
0.00938077
0.00938076
0.00938076
0.00938076
0.00885457
0.00885457
0.00885457
0.00885457
0.00885457
0.00885458
0.00885457
0.00885457
0.00885457
0.00885458
0.00832679
0.00832679
0.00832679
0.00832679
0.00832679
0.00832679
0.00832679
0.00832679
0.00832679
0.00832679
0.00780081
0.00780081
0.00780081
0.00780081
0.00780081
0.00780081
0.00780081
0.00780081
0.00780081
0.00780081
0.00728003
0.00728003
0.00728004
0.00728003
0.00728003
0.00728004
0.00728003
0.00728003
0.00728003
0.00728003
0.00676786
0.00676786
0.00676786
0.00676786
0.00676786
0.00676786
0.00676786
0.00676786
0.00676786
0.00676786
0.0062677
0.0062677
0.0062677
0.0062677
0.0062677
0.0062677
0.0062677
0.0062677
0.0062677
0.0062677
0.00578296
0.00578296
0.00578296
0.00578296
0.00578296
0.00578296
0.00578297
0.00578296
0.00578296
0.00578296
0.00531703
0.00531703
0.00531703
0.00531703
0.00531703
0.00531703
0.00531703
0.00531703
0.00531703
0.00531703
0.0048731
0.0048731
0.0048731
0.0048731
0.0048731
0.0048731
0.0048731
0.0048731
0.0048731
0.0048731
0.00445412
0.00445412
0.00445412
0.00445412
0.00445412
0.00445412
0.00445412
0.00445412
0.00445412
0.00445412
0.00406262
0.00406262
0.00406262
0.00406262
0.00406262
0.00406262
0.00406262
0.00406262
0.00406262
0.00406261
0.00370041
0.00370041
0.00370041
0.00370041
0.00370041
0.00370041
0.00370041
0.00370041
0.00370041
0.00370041
0.00336836
0.00336836
0.00336836
0.00336836
0.00336836
0.00336836
0.00336836
0.00336836
0.00336836
0.00336836
0.00306585
0.00306585
0.00306585
0.00306585
0.00306585
0.00306585
0.00306585
0.00306585
0.00306585
0.00306585
0.00279003
0.00279003
0.00279003
0.00279003
0.00279003
0.00279002
0.00279003
0.00279003
0.00279002
0.00279002
0.00253565
0.00253564
0.00253565
0.00253565
0.00253565
0.00253564
0.00253565
0.00253565
0.00253564
0.00253564
0.00229528
0.00229528
0.00229528
0.00229528
0.00229528
0.00229528
0.00229528
0.00229528
0.00229528
0.00229528
0.00206135
0.00206135
0.00206135
0.00206135
0.00206135
0.00206135
0.00206136
0.00206135
0.00206135
0.00206136
0.00183032
0.00183032
0.00183032
0.00183032
0.00183032
0.00183033
0.00183032
0.00183032
0.00183032
0.00183033
0.0016063
0.0016063
0.00160631
0.0016063
0.0016063
0.0016063
0.0016063
0.0016063
0.0016063
0.0016063
0.00139772
0.00139772
0.00139772
0.00139772
0.00139772
0.00139773
0.00139772
0.00139772
0.00139772
0.00139773
0.00121268
0.00121267
0.00121267
0.00121267
0.00121267
0.00121267
0.00121267
0.00121267
0.00121267
0.00121267
0.00105792
0.00105792
0.00105792
0.00105792
0.00105792
0.00105792
0.00105792
0.00105792
0.00105792
0.00105792
0.000946771
0.00094677
0.00094677
0.000946771
0.00094677
0.00094677
0.000946771
0.00094677
0.00094677
0.00094677
0.000892596
0.000892595
0.000892595
0.000892595
0.000892595
0.000892595
0.000892596
0.000892595
0.000892595
0.000892595
0.00224486
0.00224486
0.00224486
0.00224486
0.00224486
0.00224486
0.00224486
0.00224486
0.00224486
0.00224486
0.00482258
0.00482258
0.00482258
0.00482258
0.00482258
0.00482258
0.00482258
0.00482258
0.00482258
0.00482258
0.00713546
0.00713546
0.00713546
0.00713546
0.00713546
0.00713546
0.00713546
0.00713546
0.00713546
0.00713546
0.00904684
0.00904684
0.00904684
0.00904684
0.00904684
0.00904684
0.00904684
0.00904684
0.00904684
0.00904684
0.0105605
0.0105605
0.0105605
0.0105605
0.0105605
0.0105605
0.0105605
0.0105605
0.0105605
0.0105605
0.0117282
0.0117282
0.0117282
0.0117282
0.0117282
0.0117282
0.0117282
0.0117282
0.0117282
0.0117282
0.0126068
0.0126068
0.0126068
0.0126068
0.0126068
0.0126068
0.0126068
0.0126068
0.0126068
0.0126068
0.0132463
0.0132463
0.0132463
0.0132463
0.0132463
0.0132463
0.0132463
0.0132463
0.0132463
0.0132463
0.0136881
0.0136881
0.0136881
0.0136881
0.0136881
0.0136881
0.0136881
0.0136881
0.0136881
0.0136881
0.0139659
0.0139659
0.0139659
0.0139659
0.0139659
0.0139659
0.0139659
0.0139659
0.0139659
0.0139659
0.0141071
0.0141071
0.0141071
0.0141071
0.0141071
0.0141071
0.0141071
0.0141071
0.0141071
0.0141071
0.0141336
0.0141336
0.0141336
0.0141336
0.0141336
0.0141336
0.0141336
0.0141336
0.0141336
0.0141336
0.0140636
0.0140636
0.0140636
0.0140636
0.0140636
0.0140636
0.0140636
0.0140636
0.0140636
0.0140636
0.013912
0.013912
0.013912
0.013912
0.013912
0.013912
0.013912
0.013912
0.013912
0.013912
0.0136911
0.0136911
0.0136911
0.0136911
0.0136911
0.0136911
0.0136911
0.0136911
0.0136911
0.0136911
0.0134113
0.0134113
0.0134113
0.0134113
0.0134113
0.0134113
0.0134113
0.0134113
0.0134113
0.0134113
0.0130815
0.0130815
0.0130815
0.0130815
0.0130815
0.0130815
0.0130815
0.0130815
0.0130815
0.0130815
0.0127091
0.0127091
0.0127091
0.0127091
0.0127091
0.0127091
0.0127091
0.0127091
0.0127091
0.0127091
0.0123008
0.0123008
0.0123008
0.0123008
0.0123008
0.0123008
0.0123008
0.0123008
0.0123008
0.0123008
0.0118623
0.0118623
0.0118623
0.0118623
0.0118623
0.0118623
0.0118623
0.0118623
0.0118623
0.0118623
0.0113987
0.0113987
0.0113987
0.0113987
0.0113987
0.0113987
0.0113987
0.0113987
0.0113987
0.0113987
0.0109147
0.0109147
0.0109147
0.0109147
0.0109147
0.0109147
0.0109147
0.0109147
0.0109147
0.0109147
0.0104144
0.0104144
0.0104144
0.0104144
0.0104144
0.0104144
0.0104144
0.0104144
0.0104144
0.0104144
0.0099019
0.0099019
0.0099019
0.0099019
0.0099019
0.0099019
0.0099019
0.0099019
0.0099019
0.0099019
0.00938076
0.00938076
0.00938076
0.00938076
0.00938076
0.00938076
0.00938077
0.00938076
0.00938077
0.00938077
0.00885457
0.00885458
0.00885458
0.00885458
0.00885458
0.00885458
0.00885458
0.00885458
0.00885458
0.00885458
0.00832679
0.00832679
0.00832679
0.00832679
0.00832679
0.00832679
0.00832679
0.00832679
0.00832679
0.00832679
0.00780081
0.00780081
0.00780081
0.00780081
0.00780081
0.00780081
0.00780081
0.00780081
0.00780081
0.00780081
0.00728004
0.00728004
0.00728004
0.00728004
0.00728004
0.00728004
0.00728004
0.00728004
0.00728004
0.00728003
0.00676786
0.00676786
0.00676786
0.00676786
0.00676786
0.00676786
0.00676786
0.00676786
0.00676786
0.00676786
0.00626771
0.0062677
0.0062677
0.0062677
0.0062677
0.0062677
0.0062677
0.0062677
0.0062677
0.0062677
0.00578297
0.00578297
0.00578297
0.00578297
0.00578297
0.00578297
0.00578297
0.00578297
0.00578297
0.00578297
0.00531703
0.00531703
0.00531703
0.00531703
0.00531703
0.00531703
0.00531703
0.00531703
0.00531703
0.00531703
0.0048731
0.0048731
0.0048731
0.0048731
0.0048731
0.0048731
0.0048731
0.0048731
0.0048731
0.0048731
0.00445412
0.00445412
0.00445412
0.00445412
0.00445412
0.00445412
0.00445412
0.00445412
0.00445412
0.00445412
0.00406262
0.00406262
0.00406262
0.00406262
0.00406262
0.00406262
0.00406262
0.00406262
0.00406262
0.00406262
0.00370042
0.00370041
0.00370042
0.00370042
0.00370042
0.00370041
0.00370042
0.00370041
0.00370041
0.00370041
0.00336836
0.00336836
0.00336836
0.00336836
0.00336836
0.00336836
0.00336836
0.00336836
0.00336836
0.00336836
0.00306582
0.00306582
0.00306583
0.00306582
0.00306582
0.00306582
0.00306582
0.00306582
0.00306582
0.00306582
0.00279006
0.00279006
0.00279006
0.00279006
0.00279006
0.00279006
0.00279006
0.00279006
0.00279006
0.00279006
0.00253567
0.00253566
0.00253567
0.00253567
0.00253567
0.00253567
0.00253567
0.00253567
0.00253567
0.00253566
0.00229531
0.00229531
0.00229531
0.00229531
0.00229531
0.00229532
0.00229531
0.00229531
0.00229532
0.00229532
0.0020614
0.00206141
0.0020614
0.0020614
0.0020614
0.00206141
0.0020614
0.0020614
0.00206141
0.0020614
0.0018303
0.0018303
0.00183031
0.0018303
0.0018303
0.00183031
0.00183031
0.00183031
0.00183031
0.00183031
0.00160611
0.00160611
0.00160611
0.00160611
0.00160611
0.00160611
0.00160611
0.00160611
0.00160611
0.00160611
0.00139763
0.00139764
0.00139763
0.00139763
0.00139763
0.00139763
0.00139763
0.00139763
0.00139763
0.00139763
0.00121251
0.00121251
0.00121251
0.00121251
0.00121251
0.00121251
0.00121251
0.00121251
0.00121251
0.0012125
0.00105767
0.00105767
0.00105767
0.00105767
0.00105767
0.00105767
0.00105767
0.00105767
0.00105767
0.00105767
0.000946582
0.000946582
0.000946582
0.000946582
0.000946582
0.000946582
0.000946582
0.000946582
0.000946582
0.000946582
0.000892574
0.000892574
0.000892574
0.000892575
0.000892574
0.000892574
0.000892575
0.000892574
0.000892574
0.000892575
0.00224486
0.00224486
0.00224486
0.00224486
0.00224486
0.00224486
0.00224486
0.00224486
0.00224486
0.00224486
0.00482258
0.00482258
0.00482258
0.00482258
0.00482258
0.00482258
0.00482258
0.00482258
0.00482258
0.00482258
0.00713546
0.00713546
0.00713546
0.00713546
0.00713546
0.00713546
0.00713546
0.00713546
0.00713546
0.00713546
0.00904684
0.00904684
0.00904684
0.00904684
0.00904684
0.00904684
0.00904684
0.00904684
0.00904684
0.00904684
0.0105605
0.0105605
0.0105605
0.0105605
0.0105605
0.0105605
0.0105605
0.0105605
0.0105605
0.0105605
0.0117282
0.0117282
0.0117282
0.0117282
0.0117282
0.0117282
0.0117282
0.0117282
0.0117282
0.0117282
0.0126068
0.0126068
0.0126068
0.0126068
0.0126068
0.0126068
0.0126068
0.0126068
0.0126068
0.0126068
0.0132463
0.0132463
0.0132463
0.0132463
0.0132463
0.0132463
0.0132463
0.0132463
0.0132463
0.0132463
0.0136881
0.0136881
0.0136881
0.0136881
0.0136881
0.0136881
0.0136881
0.0136881
0.0136881
0.0136881
0.0139659
0.0139659
0.0139659
0.0139659
0.0139659
0.0139659
0.0139659
0.0139659
0.0139659
0.0139659
0.0141071
0.0141071
0.0141071
0.0141071
0.0141071
0.0141071
0.0141071
0.0141071
0.0141071
0.0141071
0.0141336
0.0141336
0.0141336
0.0141336
0.0141336
0.0141336
0.0141336
0.0141336
0.0141336
0.0141336
0.0140636
0.0140636
0.0140636
0.0140636
0.0140636
0.0140636
0.0140636
0.0140636
0.0140636
0.0140636
0.013912
0.013912
0.013912
0.013912
0.013912
0.013912
0.013912
0.013912
0.013912
0.013912
0.0136911
0.0136911
0.0136911
0.0136911
0.0136911
0.0136911
0.0136911
0.0136911
0.0136911
0.0136911
0.0134113
0.0134113
0.0134113
0.0134113
0.0134113
0.0134113
0.0134113
0.0134113
0.0134113
0.0134113
0.0130815
0.0130815
0.0130815
0.0130815
0.0130815
0.0130815
0.0130815
0.0130815
0.0130815
0.0130815
0.0127091
0.0127091
0.0127091
0.0127091
0.0127091
0.0127091
0.0127091
0.0127091
0.0127091
0.0127091
0.0123008
0.0123008
0.0123008
0.0123008
0.0123008
0.0123008
0.0123008
0.0123008
0.0123008
0.0123008
0.0118623
0.0118623
0.0118623
0.0118623
0.0118623
0.0118623
0.0118623
0.0118623
0.0118623
0.0118623
0.0113987
0.0113987
0.0113987
0.0113987
0.0113987
0.0113987
0.0113987
0.0113987
0.0113987
0.0113987
0.0109147
0.0109147
0.0109147
0.0109147
0.0109147
0.0109147
0.0109147
0.0109147
0.0109147
0.0109147
0.0104144
0.0104144
0.0104144
0.0104144
0.0104144
0.0104144
0.0104144
0.0104144
0.0104144
0.0104144
0.0099019
0.0099019
0.0099019
0.0099019
0.0099019
0.0099019
0.0099019
0.0099019
0.0099019
0.0099019
0.00938077
0.00938077
0.00938077
0.00938077
0.00938077
0.00938077
0.00938077
0.00938076
0.00938077
0.00938076
0.00885457
0.00885458
0.00885458
0.00885458
0.00885458
0.00885458
0.00885458
0.00885458
0.00885458
0.00885458
0.00832679
0.00832679
0.00832679
0.00832679
0.00832679
0.00832679
0.00832679
0.00832679
0.00832679
0.00832679
0.00780081
0.00780081
0.00780081
0.00780081
0.00780081
0.00780081
0.00780081
0.00780081
0.00780081
0.00780081
0.00728003
0.00728003
0.00728003
0.00728003
0.00728003
0.00728003
0.00728003
0.00728003
0.00728003
0.00728003
0.00676786
0.00676786
0.00676786
0.00676786
0.00676786
0.00676786
0.00676786
0.00676786
0.00676786
0.00676786
0.00626771
0.00626771
0.00626771
0.00626771
0.00626771
0.00626771
0.00626771
0.00626771
0.00626771
0.00626771
0.00578297
0.00578297
0.00578297
0.00578297
0.00578297
0.00578297
0.00578297
0.00578297
0.00578297
0.00578297
0.00531703
0.00531703
0.00531703
0.00531703
0.00531703
0.00531703
0.00531703
0.00531703
0.00531703
0.00531703
0.0048731
0.0048731
0.0048731
0.0048731
0.0048731
0.0048731
0.0048731
0.0048731
0.0048731
0.0048731
0.00445413
0.00445413
0.00445413
0.00445413
0.00445413
0.00445413
0.00445413
0.00445412
0.00445413
0.00445413
0.00406262
0.00406262
0.00406262
0.00406262
0.00406262
0.00406262
0.00406262
0.00406262
0.00406262
0.00406262
0.00370042
0.00370042
0.00370042
0.00370042
0.00370042
0.00370042
0.00370042
0.00370042
0.00370042
0.00370042
0.00336836
0.00336836
0.00336836
0.00336836
0.00336836
0.00336836
0.00336836
0.00336836
0.00336836
0.00336836
0.00306585
0.00306585
0.00306584
0.00306585
0.00306585
0.00306585
0.00306585
0.00306585
0.00306585
0.00306585
0.00279009
0.00279009
0.00279008
0.00279009
0.00279009
0.00279009
0.00279009
0.00279009
0.00279009
0.00279009
0.0025357
0.00253569
0.0025357
0.0025357
0.00253569
0.00253569
0.0025357
0.0025357
0.00253569
0.00253569
0.00229539
0.00229538
0.0022954
0.00229539
0.00229539
0.0022954
0.00229539
0.00229539
0.00229539
0.00229539
0.00206137
0.00206137
0.00206138
0.00206137
0.00206137
0.00206137
0.00206138
0.00206137
0.00206137
0.00206138
0.00183029
0.00183029
0.00183029
0.00183029
0.00183029
0.00183029
0.00183029
0.00183029
0.00183029
0.00183029
0.00160602
0.00160602
0.00160602
0.00160602
0.00160602
0.00160602
0.00160602
0.00160602
0.00160602
0.00160602
0.0013975
0.0013975
0.0013975
0.0013975
0.0013975
0.0013975
0.0013975
0.0013975
0.0013975
0.0013975
0.0012124
0.0012124
0.0012124
0.0012124
0.0012124
0.0012124
0.0012124
0.0012124
0.0012124
0.0012124
0.00105753
0.00105753
0.00105753
0.00105753
0.00105753
0.00105753
0.00105753
0.00105753
0.00105753
0.00105753
0.000946513
0.000946513
0.000946513
0.000946513
0.000946513
0.000946513
0.000946513
0.000946513
0.000946513
0.000946513
0.000892581
0.000892581
0.000892582
0.000892581
0.000892581
0.000892582
0.000892581
0.000892581
0.000892581
0.000892582
0.00224486
0.00224486
0.00224486
0.00224486
0.00224486
0.00224486
0.00224486
0.00224486
0.00224486
0.00224486
0.00482258
0.00482258
0.00482258
0.00482258
0.00482258
0.00482258
0.00482258
0.00482258
0.00482258
0.00482258
0.00713546
0.00713546
0.00713546
0.00713546
0.00713546
0.00713546
0.00713546
0.00713546
0.00713546
0.00713546
0.00904684
0.00904684
0.00904684
0.00904684
0.00904684
0.00904684
0.00904684
0.00904684
0.00904684
0.00904684
0.0105605
0.0105605
0.0105605
0.0105605
0.0105605
0.0105605
0.0105605
0.0105605
0.0105605
0.0105605
0.0117282
0.0117282
0.0117282
0.0117282
0.0117282
0.0117282
0.0117282
0.0117282
0.0117282
0.0117282
0.0126068
0.0126068
0.0126068
0.0126068
0.0126068
0.0126068
0.0126068
0.0126068
0.0126068
0.0126068
0.0132463
0.0132463
0.0132463
0.0132463
0.0132463
0.0132463
0.0132463
0.0132463
0.0132463
0.0132463
0.0136881
0.0136881
0.0136881
0.0136881
0.0136881
0.0136881
0.0136881
0.0136881
0.0136881
0.0136881
0.0139659
0.0139659
0.0139659
0.0139659
0.0139659
0.0139659
0.0139659
0.0139659
0.0139659
0.0139659
0.0141071
0.0141071
0.0141071
0.0141071
0.0141071
0.0141071
0.0141071
0.0141071
0.0141071
0.0141071
0.0141336
0.0141336
0.0141336
0.0141336
0.0141336
0.0141336
0.0141336
0.0141336
0.0141336
0.0141336
0.0140636
0.0140636
0.0140636
0.0140636
0.0140636
0.0140636
0.0140636
0.0140636
0.0140636
0.0140636
0.013912
0.013912
0.013912
0.013912
0.013912
0.013912
0.013912
0.013912
0.013912
0.013912
0.0136911
0.0136911
0.0136911
0.0136911
0.0136911
0.0136911
0.0136911
0.0136911
0.0136911
0.0136911
0.0134113
0.0134113
0.0134113
0.0134113
0.0134113
0.0134113
0.0134113
0.0134113
0.0134113
0.0134113
0.0130815
0.0130815
0.0130815
0.0130815
0.0130815
0.0130815
0.0130815
0.0130815
0.0130815
0.0130815
0.0127091
0.0127091
0.0127091
0.0127091
0.0127091
0.0127091
0.0127091
0.0127091
0.0127091
0.0127091
0.0123008
0.0123008
0.0123008
0.0123008
0.0123008
0.0123008
0.0123008
0.0123008
0.0123008
0.0123008
0.0118623
0.0118623
0.0118623
0.0118623
0.0118623
0.0118623
0.0118623
0.0118623
0.0118623
0.0118623
0.0113987
0.0113987
0.0113987
0.0113987
0.0113987
0.0113987
0.0113987
0.0113987
0.0113987
0.0113987
0.0109147
0.0109147
0.0109147
0.0109147
0.0109147
0.0109147
0.0109147
0.0109147
0.0109147
0.0109147
0.0104144
0.0104144
0.0104144
0.0104144
0.0104144
0.0104144
0.0104144
0.0104144
0.0104144
0.0104144
0.0099019
0.0099019
0.0099019
0.0099019
0.0099019
0.0099019
0.0099019
0.0099019
0.0099019
0.0099019
0.00938077
0.00938076
0.00938076
0.00938077
0.00938076
0.00938076
0.00938077
0.00938076
0.00938076
0.00938076
0.00885458
0.00885458
0.00885458
0.00885458
0.00885458
0.00885458
0.00885458
0.00885458
0.00885457
0.00885458
0.00832679
0.00832679
0.00832679
0.00832679
0.00832679
0.00832679
0.00832679
0.00832679
0.00832679
0.00832679
0.00780081
0.00780081
0.00780081
0.00780081
0.00780081
0.00780081
0.00780081
0.00780081
0.00780081
0.00780081
0.00728003
0.00728003
0.00728003
0.00728003
0.00728003
0.00728003
0.00728003
0.00728003
0.00728003
0.00728003
0.00676786
0.00676786
0.00676786
0.00676786
0.00676786
0.00676786
0.00676786
0.00676786
0.00676786
0.00676786
0.00626771
0.0062677
0.0062677
0.00626771
0.0062677
0.0062677
0.00626771
0.00626771
0.00626771
0.0062677
0.00578297
0.00578297
0.00578297
0.00578297
0.00578297
0.00578297
0.00578297
0.00578297
0.00578297
0.00578297
0.00531703
0.00531703
0.00531703
0.00531703
0.00531703
0.00531703
0.00531703
0.00531703
0.00531703
0.00531703
0.0048731
0.0048731
0.0048731
0.0048731
0.0048731
0.00487311
0.0048731
0.0048731
0.0048731
0.0048731
0.00445413
0.00445413
0.00445413
0.00445413
0.00445413
0.00445413
0.00445413
0.00445413
0.00445413
0.00445413
0.00406262
0.00406262
0.00406262
0.00406262
0.00406262
0.00406262
0.00406262
0.00406262
0.00406262
0.00406262
0.00370042
0.00370042
0.00370042
0.00370042
0.00370042
0.00370042
0.00370042
0.00370042
0.00370042
0.00370042
0.00336838
0.00336838
0.00336838
0.00336838
0.00336837
0.00336838
0.00336838
0.00336838
0.00336838
0.00336837
0.00306586
0.00306586
0.00306586
0.00306586
0.00306586
0.00306586
0.00306586
0.00306586
0.00306586
0.00306586
0.00279004
0.00279003
0.00279004
0.00279004
0.00279004
0.00279004
0.00279004
0.00279004
0.00279003
0.00279003
0.00253578
0.00253578
0.00253578
0.00253577
0.00253578
0.00253578
0.00253578
0.00253578
0.00253578
0.00253578
0.00229546
0.00229545
0.00229546
0.00229545
0.00229545
0.00229546
0.00229546
0.00229546
0.00229546
0.00229545
0.00206144
0.00206145
0.00206144
0.00206144
0.00206145
0.00206145
0.00206145
0.00206145
0.00206145
0.00206145
0.00183031
0.00183031
0.00183031
0.00183031
0.00183031
0.00183032
0.00183032
0.00183031
0.00183032
0.00183032
0.00160596
0.00160596
0.00160596
0.00160596
0.00160596
0.00160596
0.00160596
0.00160596
0.00160596
0.00160596
0.0013974
0.0013974
0.00139739
0.0013974
0.0013974
0.0013974
0.0013974
0.0013974
0.0013974
0.0013974
0.00121227
0.00121227
0.00121226
0.00121227
0.00121227
0.00121227
0.00121226
0.00121227
0.00121227
0.00121226
0.00105745
0.00105745
0.00105745
0.00105745
0.00105745
0.00105745
0.00105745
0.00105745
0.00105745
0.00105745
0.000946505
0.000946505
0.000946505
0.000946505
0.000946505
0.000946505
0.000946505
0.000946505
0.000946505
0.000946505
0.000892555
0.000892555
0.000892555
0.000892555
0.000892555
0.000892555
0.000892555
0.000892555
0.000892555
0.000892555
0.00224486
0.00224486
0.00224486
0.00224486
0.00224486
0.00224486
0.00224486
0.00224486
0.00224486
0.00224486
0.00482258
0.00482258
0.00482258
0.00482258
0.00482258
0.00482258
0.00482258
0.00482258
0.00482258
0.00482258
0.00713546
0.00713546
0.00713546
0.00713546
0.00713546
0.00713546
0.00713546
0.00713546
0.00713546
0.00713546
0.00904684
0.00904684
0.00904684
0.00904684
0.00904684
0.00904684
0.00904684
0.00904684
0.00904684
0.00904684
0.0105605
0.0105605
0.0105605
0.0105605
0.0105605
0.0105605
0.0105605
0.0105605
0.0105605
0.0105605
0.0117282
0.0117282
0.0117282
0.0117282
0.0117282
0.0117282
0.0117282
0.0117282
0.0117282
0.0117282
0.0126068
0.0126068
0.0126068
0.0126068
0.0126068
0.0126068
0.0126068
0.0126068
0.0126068
0.0126068
0.0132463
0.0132463
0.0132463
0.0132463
0.0132463
0.0132463
0.0132463
0.0132463
0.0132463
0.0132463
0.0136881
0.0136881
0.0136881
0.0136881
0.0136881
0.0136881
0.0136881
0.0136881
0.0136881
0.0136881
0.0139659
0.0139659
0.0139659
0.0139659
0.0139659
0.0139659
0.0139659
0.0139659
0.0139659
0.0139659
0.0141071
0.0141071
0.0141071
0.0141071
0.0141071
0.0141071
0.0141071
0.0141071
0.0141071
0.0141071
0.0141336
0.0141336
0.0141336
0.0141336
0.0141336
0.0141336
0.0141336
0.0141336
0.0141336
0.0141336
0.0140636
0.0140636
0.0140636
0.0140636
0.0140636
0.0140636
0.0140636
0.0140636
0.0140636
0.0140636
0.013912
0.013912
0.013912
0.013912
0.013912
0.013912
0.013912
0.013912
0.013912
0.013912
0.0136911
0.0136911
0.0136911
0.0136911
0.0136911
0.0136911
0.0136911
0.0136911
0.0136911
0.0136911
0.0134113
0.0134113
0.0134113
0.0134113
0.0134113
0.0134113
0.0134113
0.0134113
0.0134113
0.0134113
0.0130815
0.0130815
0.0130815
0.0130815
0.0130815
0.0130815
0.0130815
0.0130815
0.0130815
0.0130815
0.0127091
0.0127091
0.0127091
0.0127091
0.0127091
0.0127091
0.0127091
0.0127091
0.0127091
0.0127091
0.0123008
0.0123008
0.0123008
0.0123008
0.0123008
0.0123008
0.0123008
0.0123008
0.0123008
0.0123008
0.0118623
0.0118623
0.0118623
0.0118623
0.0118623
0.0118623
0.0118623
0.0118623
0.0118623
0.0118623
0.0113987
0.0113987
0.0113987
0.0113987
0.0113987
0.0113987
0.0113987
0.0113987
0.0113987
0.0113987
0.0109147
0.0109147
0.0109147
0.0109147
0.0109147
0.0109147
0.0109147
0.0109147
0.0109147
0.0109147
0.0104144
0.0104144
0.0104144
0.0104144
0.0104144
0.0104144
0.0104144
0.0104144
0.0104144
0.0104144
0.0099019
0.0099019
0.0099019
0.0099019
0.0099019
0.0099019
0.0099019
0.0099019
0.0099019
0.0099019
0.00938076
0.00938076
0.00938076
0.00938076
0.00938076
0.00938076
0.00938076
0.00938076
0.00938076
0.00938076
0.00885458
0.00885458
0.00885458
0.00885458
0.00885458
0.00885458
0.00885458
0.00885458
0.00885458
0.00885458
0.00832679
0.00832679
0.00832679
0.00832679
0.00832679
0.00832679
0.00832679
0.00832679
0.00832679
0.00832679
0.00780081
0.00780081
0.00780081
0.00780081
0.00780081
0.00780081
0.00780081
0.00780081
0.00780081
0.00780081
0.00728003
0.00728003
0.00728003
0.00728003
0.00728003
0.00728003
0.00728003
0.00728003
0.00728003
0.00728003
0.00676785
0.00676785
0.00676785
0.00676785
0.00676785
0.00676785
0.00676785
0.00676785
0.00676786
0.00676786
0.00626771
0.00626771
0.00626771
0.00626771
0.00626771
0.00626771
0.00626771
0.00626771
0.00626771
0.00626771
0.00578297
0.00578297
0.00578297
0.00578297
0.00578297
0.00578297
0.00578297
0.00578297
0.00578297
0.00578297
0.00531703
0.00531703
0.00531703
0.00531703
0.00531703
0.00531704
0.00531703
0.00531703
0.00531703
0.00531703
0.0048731
0.0048731
0.0048731
0.0048731
0.0048731
0.0048731
0.0048731
0.0048731
0.0048731
0.0048731
0.00445413
0.00445413
0.00445413
0.00445413
0.00445412
0.00445413
0.00445413
0.00445413
0.00445413
0.00445412
0.00406262
0.00406262
0.00406262
0.00406262
0.00406262
0.00406262
0.00406262
0.00406262
0.00406262
0.00406262
0.00370042
0.00370042
0.00370042
0.00370042
0.00370042
0.00370042
0.00370042
0.00370042
0.00370042
0.00370042
0.00336838
0.00336838
0.00336838
0.00336838
0.00336838
0.00336838
0.00336838
0.00336838
0.00336838
0.00336838
0.00306586
0.00306586
0.00306586
0.00306586
0.00306586
0.00306586
0.00306586
0.00306586
0.00306586
0.00306586
0.00279008
0.00279008
0.00279007
0.00279008
0.00279008
0.00279008
0.00279007
0.00279007
0.00279007
0.00279007
0.00253577
0.00253577
0.00253578
0.00253577
0.00253577
0.00253576
0.00253577
0.00253577
0.00253577
0.00253576
0.00229546
0.00229546
0.00229545
0.00229546
0.00229547
0.00229545
0.00229546
0.00229546
0.00229547
0.00229546
0.00206142
0.00206143
0.00206142
0.00206143
0.00206143
0.00206142
0.00206143
0.00206143
0.00206143
0.00206143
0.00183032
0.00183032
0.00183032
0.00183032
0.00183032
0.00183032
0.00183032
0.00183032
0.00183032
0.00183033
0.00160599
0.00160599
0.00160599
0.00160599
0.00160599
0.00160599
0.00160599
0.00160599
0.00160599
0.001606
0.00139732
0.00139732
0.00139732
0.00139732
0.00139732
0.00139732
0.00139732
0.00139732
0.00139732
0.00139732
0.00121211
0.0012121
0.00121211
0.00121211
0.00121211
0.0012121
0.00121211
0.00121211
0.0012121
0.0012121
0.00105736
0.00105736
0.00105736
0.00105736
0.00105736
0.00105736
0.00105736
0.00105736
0.00105736
0.00105736
0.000946544
0.000946544
0.000946544
0.000946544
0.000946544
0.000946544
0.000946544
0.000946544
0.000946544
0.000946544
0.000892519
0.000892519
0.00089252
0.000892519
0.000892519
0.00089252
0.000892519
0.000892519
0.000892519
0.00089252
0.00224486
0.00224486
0.00224486
0.00224486
0.00224486
0.00224486
0.00224486
0.00224486
0.00224486
0.00224486
0.00482258
0.00482258
0.00482258
0.00482258
0.00482258
0.00482258
0.00482258
0.00482258
0.00482258
0.00482258
0.00713546
0.00713546
0.00713546
0.00713546
0.00713546
0.00713546
0.00713546
0.00713546
0.00713546
0.00713546
0.00904684
0.00904684
0.00904684
0.00904684
0.00904684
0.00904684
0.00904684
0.00904684
0.00904684
0.00904684
0.0105605
0.0105605
0.0105605
0.0105605
0.0105605
0.0105605
0.0105605
0.0105605
0.0105605
0.0105605
0.0117282
0.0117282
0.0117282
0.0117282
0.0117282
0.0117282
0.0117282
0.0117282
0.0117282
0.0117282
0.0126068
0.0126068
0.0126068
0.0126068
0.0126068
0.0126068
0.0126068
0.0126068
0.0126068
0.0126068
0.0132463
0.0132463
0.0132463
0.0132463
0.0132463
0.0132463
0.0132463
0.0132463
0.0132463
0.0132463
0.0136881
0.0136881
0.0136881
0.0136881
0.0136881
0.0136881
0.0136881
0.0136881
0.0136881
0.0136881
0.0139659
0.0139659
0.0139659
0.0139659
0.0139659
0.0139659
0.0139659
0.0139659
0.0139659
0.0139659
0.0141071
0.0141071
0.0141071
0.0141071
0.0141071
0.0141071
0.0141071
0.0141071
0.0141071
0.0141071
0.0141336
0.0141336
0.0141336
0.0141336
0.0141336
0.0141336
0.0141336
0.0141336
0.0141336
0.0141336
0.0140636
0.0140636
0.0140636
0.0140636
0.0140636
0.0140636
0.0140636
0.0140636
0.0140636
0.0140636
0.013912
0.013912
0.013912
0.013912
0.013912
0.013912
0.013912
0.013912
0.013912
0.013912
0.0136911
0.0136911
0.0136911
0.0136911
0.0136911
0.0136911
0.0136911
0.0136911
0.0136911
0.0136911
0.0134113
0.0134113
0.0134113
0.0134113
0.0134113
0.0134113
0.0134113
0.0134113
0.0134113
0.0134113
0.0130815
0.0130815
0.0130815
0.0130815
0.0130815
0.0130815
0.0130815
0.0130815
0.0130815
0.0130815
0.0127091
0.0127091
0.0127091
0.0127091
0.0127091
0.0127091
0.0127091
0.0127091
0.0127091
0.0127091
0.0123008
0.0123008
0.0123008
0.0123008
0.0123008
0.0123008
0.0123008
0.0123008
0.0123008
0.0123008
0.0118623
0.0118623
0.0118623
0.0118623
0.0118623
0.0118623
0.0118623
0.0118623
0.0118623
0.0118623
0.0113987
0.0113987
0.0113987
0.0113987
0.0113987
0.0113987
0.0113987
0.0113987
0.0113987
0.0113987
0.0109147
0.0109147
0.0109147
0.0109147
0.0109147
0.0109147
0.0109147
0.0109147
0.0109147
0.0109147
0.0104144
0.0104144
0.0104144
0.0104144
0.0104144
0.0104144
0.0104144
0.0104144
0.0104144
0.0104144
0.0099019
0.0099019
0.0099019
0.0099019
0.0099019
0.0099019
0.0099019
0.0099019
0.0099019
0.0099019
0.00938076
0.00938076
0.00938076
0.00938076
0.00938076
0.00938077
0.00938077
0.00938076
0.00938077
0.00938077
0.00885458
0.00885458
0.00885458
0.00885458
0.00885458
0.00885458
0.00885458
0.00885458
0.00885458
0.00885458
0.00832679
0.00832679
0.00832679
0.00832679
0.00832679
0.00832679
0.00832679
0.00832679
0.00832679
0.00832679
0.00780081
0.00780081
0.00780081
0.00780081
0.00780081
0.00780081
0.00780081
0.00780081
0.00780081
0.00780081
0.00728004
0.00728003
0.00728003
0.00728003
0.00728003
0.00728003
0.00728003
0.00728003
0.00728003
0.00728003
0.00676786
0.00676786
0.00676786
0.00676786
0.00676786
0.00676786
0.00676786
0.00676786
0.00676786
0.00676786
0.0062677
0.0062677
0.0062677
0.0062677
0.0062677
0.0062677
0.0062677
0.0062677
0.0062677
0.0062677
0.00578297
0.00578297
0.00578297
0.00578297
0.00578297
0.00578297
0.00578297
0.00578297
0.00578297
0.00578297
0.00531703
0.00531703
0.00531703
0.00531703
0.00531703
0.00531703
0.00531703
0.00531703
0.00531703
0.00531703
0.0048731
0.0048731
0.0048731
0.0048731
0.0048731
0.0048731
0.0048731
0.0048731
0.0048731
0.0048731
0.00445412
0.00445412
0.00445412
0.00445412
0.00445412
0.00445412
0.00445412
0.00445412
0.00445412
0.00445412
0.00406262
0.00406263
0.00406263
0.00406263
0.00406263
0.00406263
0.00406263
0.00406263
0.00406263
0.00406262
0.00370042
0.00370042
0.00370042
0.00370042
0.00370042
0.00370042
0.00370042
0.00370042
0.00370042
0.00370042
0.00336837
0.00336837
0.00336838
0.00336837
0.00336837
0.00336837
0.00336837
0.00336837
0.00336837
0.00336837
0.00306585
0.00306585
0.00306585
0.00306585
0.00306585
0.00306585
0.00306585
0.00306585
0.00306585
0.00306585
0.00279007
0.00279006
0.00279007
0.00279006
0.00279006
0.00279006
0.00279006
0.00279006
0.00279006
0.00279006
0.00253584
0.00253584
0.00253584
0.00253584
0.00253584
0.00253584
0.00253585
0.00253584
0.00253585
0.00253584
0.00229539
0.00229539
0.00229539
0.0022954
0.00229539
0.00229539
0.0022954
0.00229539
0.00229539
0.00229539
0.00206135
0.00206135
0.00206135
0.00206135
0.00206135
0.00206135
0.00206135
0.00206135
0.00206135
0.00206136
0.00183022
0.00183023
0.00183022
0.00183023
0.00183022
0.00183023
0.00183023
0.00183022
0.00183023
0.00183023
0.00160594
0.00160594
0.00160595
0.00160594
0.00160594
0.00160595
0.00160594
0.00160594
0.00160595
0.00160595
0.00139736
0.00139735
0.00139736
0.00139736
0.00139735
0.00139736
0.00139736
0.00139735
0.00139736
0.00139736
0.00121219
0.00121219
0.00121218
0.00121219
0.00121219
0.00121218
0.00121219
0.00121219
0.00121219
0.00121218
0.00105738
0.00105738
0.00105738
0.00105738
0.00105738
0.00105738
0.00105737
0.00105738
0.00105738
0.00105737
0.000946515
0.000946515
0.000946515
0.000946515
0.000946515
0.000946515
0.000946515
0.000946515
0.000946515
0.000946514
0.000892522
0.000892522
0.000892522
0.000892522
0.000892522
0.000892523
0.000892522
0.000892522
0.000892522
0.000892523
)
;

boundaryField
{
    inlet
    {
        type            cyclic;
    }
    outlet
    {
        type            cyclic;
    }
    sideLeft
    {
        type            cyclic;
    }
    sideRight
    {
        type            cyclic;
    }
    top
    {
        type            symmetryPlane;
    }
    bottomRoughWall
    {
        type            nutkRoughWallFunction;
        Cmu             0.03;
        kappa           0.41;
        E               9.8;
        Cs              uniform 0.5;
        Ks              uniform 0.0044;
        value           nonuniform List<scalar> 
100
(
0.000597765
0.000597765
0.000597765
0.000597765
0.000597765
0.000597765
0.000597765
0.000597765
0.000597765
0.000597765
0.000597765
0.000597765
0.000597765
0.000597765
0.000597765
0.000597765
0.000597765
0.000597765
0.000597765
0.000597765
0.000597765
0.000597765
0.000597765
0.000597765
0.000597765
0.000597765
0.000597765
0.000597765
0.000597765
0.000597765
0.000597765
0.000597765
0.000597765
0.000597765
0.000597765
0.000597765
0.000597765
0.000597765
0.000597765
0.000597765
0.000597765
0.000597765
0.000597765
0.000597765
0.000597765
0.000597765
0.000597765
0.000597765
0.000597765
0.000597765
0.000597765
0.000597765
0.000597765
0.000597765
0.000597765
0.000597765
0.000597765
0.000597765
0.000597765
0.000597765
0.000597765
0.000597765
0.000597765
0.000597765
0.000597765
0.000597765
0.000597765
0.000597765
0.000597765
0.000597765
0.000597765
0.000597765
0.000597765
0.000597765
0.000597765
0.000597765
0.000597765
0.000597765
0.000597765
0.000597765
0.000597765
0.000597765
0.000597765
0.000597765
0.000597765
0.000597765
0.000597765
0.000597765
0.000597765
0.000597765
0.000597765
0.000597765
0.000597765
0.000597765
0.000597765
0.000597765
0.000597765
0.000597765
0.000597765
0.000597765
)
;
    }
}


// ************************************************************************* //
