/*--------------------------------*- C++ -*----------------------------------*\
| =========                 |                                                 |
| \\      /  F ield         | foam-extend: Open Source CFD                    |
|  \\    /   O peration     | Version:     3.2                                |
|   \\  /    A nd           | Web:         http://www.foam-extend.org         |
|    \\/     M anipulation  | For copyright notice see file Copyright         |
\*---------------------------------------------------------------------------*/
FoamFile
{
    version     2.0;
    format      ascii;
    class       volScalarField;
    location    "350000";
    object      Uz;
}
// * * * * * * * * * * * * * * * * * * * * * * * * * * * * * * * * * * * * * //

dimensions      [0 1 -1 0 0 0 0];

internalField   nonuniform List<scalar> 
5000
(
-3.99179e-10
-3.90591e-11
2.52833e-09
3.22652e-09
-8.90593e-10
-3.10683e-10
-2.77199e-10
-1.06992e-09
-1.71232e-09
-5.09205e-10
-2.76911e-10
1.30828e-09
5.75166e-09
5.1532e-09
-3.8279e-09
-1.82087e-09
3.61937e-11
-2.76548e-09
-5.00154e-09
-1.82403e-09
-8.22441e-10
-4.48529e-10
8.04212e-09
-7.52572e-11
-5.79173e-09
-6.79007e-11
4.43473e-09
-6.85857e-10
-5.9545e-09
-3.96617e-10
-5.60856e-09
-2.72906e-10
7.19083e-09
-4.14144e-09
-6.20379e-09
1.51005e-09
4.86572e-09
2.70393e-09
-1.03337e-09
-3.40687e-10
-1.16258e-08
-2.02245e-09
7.37287e-10
-6.56271e-09
-5.35095e-09
8.08708e-10
6.67332e-10
4.98163e-09
-2.94576e-09
9.33147e-11
-1.6576e-08
-7.27457e-09
-6.00016e-09
-8.90179e-09
-3.29969e-09
-1.52615e-09
-1.60416e-09
3.64501e-09
-1.55749e-09
6.25741e-10
-1.76833e-08
-3.60155e-09
-3.03616e-09
-1.11287e-08
-6.67199e-09
3.21773e-10
-3.44191e-09
6.18253e-11
3.13411e-09
-2.33155e-09
-1.27509e-08
-1.48364e-09
-1.99823e-09
-1.23392e-08
-6.34151e-09
4.61021e-09
2.89945e-11
2.57916e-09
3.41762e-09
-5.57271e-10
-5.0455e-10
-3.02023e-09
-8.58234e-09
-7.66264e-09
-9.11914e-10
-1.43881e-09
4.14479e-09
4.40497e-09
7.58514e-09
2.5101e-09
9.40442e-09
8.04573e-09
-6.18722e-09
-1.19582e-08
-1.13978e-08
-5.20274e-09
5.2936e-09
9.97151e-09
8.48867e-09
6.21631e-09
9.12596e-09
1.1183e-08
1.56937e-09
-1.64119e-08
-2.01759e-08
-5.97827e-09
1.27902e-09
8.80534e-09
6.01317e-09
8.36306e-09
5.14134e-09
-3.40564e-09
7.60324e-09
-5.8731e-09
-1.63682e-08
1.02037e-08
7.60192e-10
-5.01966e-09
7.3354e-09
1.45521e-08
-2.34629e-09
-3.54651e-09
7.37634e-09
-1.26562e-09
-3.66357e-09
1.1094e-08
-1.4257e-09
-9.17847e-09
3.15448e-09
1.61396e-08
5.23258e-09
-8.79584e-09
-5.07347e-09
4.01565e-09
6.16515e-09
6.46841e-09
-7.34887e-09
-5.42511e-09
-2.23429e-08
-2.82512e-09
4.95621e-09
-1.09474e-08
3.82446e-09
2.81265e-09
1.98486e-09
-8.61094e-09
-1.33222e-08
-6.32276e-10
-2.37312e-08
5.46968e-09
-1.94472e-08
-7.86962e-09
-2.1096e-08
-2.72805e-09
-5.72054e-09
-3.08731e-08
-6.25888e-09
-1.08412e-08
-1.2544e-08
-4.00447e-09
-3.20467e-08
-6.41089e-09
-2.26152e-08
-1.22226e-08
4.6165e-09
7.28519e-09
-2.16187e-09
-2.19873e-08
-2.61065e-09
-1.54657e-08
-8.84047e-09
-7.56144e-09
3.04564e-09
-1.39322e-08
6.27115e-10
1.00212e-08
-1.11599e-08
2.56008e-09
-2.62358e-09
-1.70214e-08
-3.26215e-09
4.00962e-09
-1.62854e-10
-5.69998e-09
1.23746e-08
-1.57307e-08
-1.73385e-08
1.14078e-08
-1.23561e-08
-7.02676e-09
1.44765e-08
1.67897e-08
4.01922e-09
2.01852e-08
1.39612e-08
-9.0031e-09
1.78372e-08
7.00758e-09
-9.02305e-09
2.22709e-08
4.99929e-08
8.71071e-09
2.43267e-08
3.86364e-08
9.2439e-09
5.31371e-09
3.50109e-08
2.18877e-09
1.13889e-08
2.41063e-08
1.93853e-08
3.73285e-08
1.71831e-08
2.29286e-08
7.94642e-09
1.74997e-08
2.04959e-08
2.00231e-09
3.09182e-08
-3.61684e-09
1.81835e-08
4.42302e-08
3.00729e-09
-5.5263e-09
2.53351e-08
8.28222e-09
-1.63108e-08
9.42484e-09
4.21729e-08
-1.07775e-08
1.58916e-08
-1.45643e-08
7.76573e-09
2.40889e-08
3.1329e-08
-1.67722e-08
-2.21183e-09
2.1901e-08
-1.01003e-08
-6.95549e-10
-3.78036e-09
-3.20973e-08
2.33448e-08
2.29577e-08
-1.05566e-08
-8.65263e-09
1.12779e-08
-1.0051e-09
-1.70992e-08
4.30033e-09
-7.42086e-09
-2.17485e-08
2.80907e-09
-4.10196e-08
-7.3558e-09
-8.11119e-09
1.52347e-08
3.36846e-09
-6.45275e-09
8.82155e-11
-4.11355e-08
-3.5833e-08
-7.3409e-08
-5.49944e-08
-3.67861e-08
-6.36267e-08
-5.6997e-09
-2.97775e-08
-4.93357e-08
-4.10942e-08
-5.00259e-08
-2.93405e-08
-5.04936e-08
-4.90647e-08
-4.18535e-08
-4.0048e-08
-4.41439e-08
-4.70557e-08
-4.87669e-08
-5.45337e-08
-3.58135e-08
-9.63929e-09
-6.74434e-08
-5.53966e-08
-5.60001e-08
-3.27796e-08
-6.49735e-08
-3.60391e-08
-1.81731e-08
-1.71409e-08
9.01086e-08
1.08732e-07
8.08732e-08
9.74511e-08
5.77183e-08
7.07236e-08
8.87533e-08
9.9689e-08
1.07117e-07
8.82172e-08
4.63215e-08
8.82558e-08
8.99594e-08
7.85134e-08
1.12991e-07
5.29262e-08
6.9277e-08
6.74276e-08
8.76378e-08
6.54584e-08
1.4046e-07
1.74448e-07
1.97678e-07
1.48826e-07
2.40666e-07
1.79839e-07
1.65085e-07
1.33843e-07
1.48708e-07
1.97203e-07
-2.04825e-08
5.6706e-09
5.09037e-08
-9.1717e-09
3.23131e-08
3.71873e-08
-2.16366e-08
4.48805e-08
-3.68836e-08
4.33454e-08
-7.38865e-08
-1.23512e-07
-8.75972e-08
-1.2082e-07
-1.24239e-07
-1.23175e-07
-1.07877e-07
-3.04634e-08
-9.43407e-08
-7.04448e-08
1.68625e-08
1.21228e-08
2.76199e-08
1.18745e-08
-1.58975e-10
-1.00448e-08
1.06057e-08
2.44354e-08
8.51784e-08
8.30287e-08
-6.33266e-08
-9.83347e-08
-8.00649e-08
4.28185e-09
-3.09471e-08
-8.70652e-08
-7.53664e-08
-8.42247e-08
-9.7966e-08
-8.6407e-08
-8.81621e-08
-6.93238e-08
-1.15616e-07
-1.21785e-07
-9.69348e-08
-1.16191e-07
-1.19608e-07
-1.11204e-07
-8.50506e-08
-8.21996e-08
-1.56428e-07
-1.57346e-07
-3.00647e-07
-2.39429e-07
-2.13795e-07
-1.95529e-07
-2.01828e-07
-2.95119e-07
-2.22775e-07
-2.37376e-07
5.64332e-08
-1.0527e-09
-7.41087e-08
2.12126e-08
3.65088e-08
1.53096e-07
1.43035e-07
9.32661e-09
5.68634e-08
1.72249e-08
-2.53045e-07
-2.771e-07
-2.25468e-07
-2.82995e-07
-1.62859e-07
-1.20942e-07
-3.22813e-07
-2.21545e-07
-2.19109e-07
-3.30625e-07
5.02976e-08
-1.23598e-07
2.54412e-08
6.30703e-09
-1.27606e-07
-6.44019e-08
-3.01391e-08
8.58216e-08
-1.98754e-07
-1.60485e-07
-8.51721e-08
-8.44159e-08
3.2969e-08
-2.56573e-07
-2.04107e-07
-8.99261e-08
-1.03729e-07
-1.18445e-07
-2.52461e-07
-9.09251e-08
5.40126e-07
5.62656e-07
5.3607e-07
4.43256e-07
4.83683e-07
5.40643e-07
4.98158e-07
4.3978e-07
4.50899e-07
5.25248e-07
-9.17847e-07
-8.85355e-07
-8.19847e-07
-8.6947e-07
-8.81729e-07
-7.5614e-07
-8.52312e-07
-9.1037e-07
-9.00345e-07
-9.19659e-07
-5.08832e-06
-5.07993e-06
-4.97071e-06
-5.01287e-06
-5.00794e-06
-4.98029e-06
-4.9179e-06
-4.99135e-06
-4.97647e-06
-4.95724e-06
-4.32733e-06
-4.42333e-06
-4.26945e-06
-4.09795e-06
-4.17519e-06
-4.39546e-06
-4.53002e-06
-4.36174e-06
-4.21284e-06
-4.37134e-06
3.72524e-07
1.13103e-07
2.18665e-07
3.38833e-07
1.07495e-07
8.51833e-09
-2.383e-07
-1.45139e-07
2.47943e-07
2.934e-07
-1.22106e-06
-1.38547e-06
-1.48758e-06
-1.23397e-06
-1.24064e-06
-1.24328e-06
-1.14213e-06
-1.36057e-06
-1.31832e-06
-1.12037e-06
-2.45103e-06
-2.02246e-06
-2.30546e-06
-2.37692e-06
-1.8332e-06
-1.9945e-06
-2.00813e-06
-2.04408e-06
-2.23511e-06
-2.42624e-06
-1.22411e-06
-8.24049e-07
-1.01684e-06
-1.09108e-06
-1.05781e-06
-8.80901e-07
-9.01891e-07
-9.48025e-07
-9.66688e-07
-9.54382e-07
-7.7192e-10
2.08042e-10
7.62679e-10
1.45889e-09
-9.98331e-10
1.40488e-10
-3.42922e-10
-1.62992e-09
-1.33037e-09
7.99553e-10
1.25923e-09
-1.02653e-09
3.13851e-10
1.24972e-09
-6.49047e-09
1.3252e-09
1.2735e-09
-6.104e-09
-3.50352e-09
2.06411e-09
-5.2599e-10
-2.64635e-09
2.04138e-09
2.27904e-09
-5.1078e-09
4.0464e-09
6.54436e-09
-4.80611e-09
-7.9431e-09
5.29725e-09
-4.39339e-09
-5.89513e-11
2.55668e-09
-1.17457e-09
-4.27997e-09
7.29639e-09
7.58262e-09
-4.98903e-09
-9.38923e-09
-1.41235e-09
-6.62515e-09
1.58189e-09
5.04377e-09
3.40117e-10
-3.76771e-09
3.48104e-09
7.69277e-09
-4.4322e-09
-4.19037e-09
-1.02332e-08
-4.07761e-09
6.96939e-09
8.30925e-09
6.04867e-09
1.9284e-09
2.56862e-09
8.32115e-09
6.1893e-10
-2.63251e-09
-1.0445e-08
-1.4832e-09
1.46105e-08
8.70605e-09
3.85249e-09
7.51295e-09
7.66962e-09
7.25429e-09
1.11212e-09
-9.51314e-09
-5.3925e-09
-3.08174e-09
1.47073e-08
7.87404e-09
6.00116e-10
1.34888e-08
9.09712e-09
2.68706e-09
-2.25476e-09
-1.03208e-08
-2.91674e-09
-3.09337e-09
-7.85197e-10
3.83452e-09
-4.10394e-09
1.33644e-08
3.29229e-10
5.45006e-10
4.61287e-10
-8.46e-09
4.36562e-09
-4.43687e-09
-3.6361e-09
-7.25029e-09
-1.22133e-08
5.76141e-09
1.83491e-09
4.41909e-09
4.61857e-09
-3.60743e-09
8.52418e-09
-8.19787e-09
-9.60111e-09
-1.45988e-08
-1.72837e-08
-8.66391e-10
1.17e-08
7.93156e-09
4.1599e-09
2.33003e-09
2.66364e-09
-5.1432e-09
-1.38093e-08
5.19459e-10
-6.25159e-09
-2.13441e-09
1.64022e-08
2.61557e-09
9.00589e-09
6.37621e-09
-2.66296e-09
-1.11324e-09
-1.23788e-08
1.38552e-09
-1.97999e-09
-1.42624e-08
8.96109e-09
6.64416e-10
2.11318e-09
1.4786e-08
3.47603e-09
1.7547e-09
-1.34595e-08
7.79393e-09
1.97037e-09
-1.42162e-08
1.48964e-09
-4.33824e-09
-1.70693e-08
-7.4286e-09
1.46571e-08
-8.6549e-09
-1.52469e-08
4.003e-09
-1.35129e-09
-1.16469e-08
-9.65659e-09
7.58492e-09
-1.18882e-08
-1.93217e-08
6.76771e-09
-1.64067e-08
-6.95565e-09
-1.65959e-08
7.07357e-09
-1.21563e-09
-1.49929e-08
4.37408e-09
-6.7557e-09
-6.95385e-09
-1.74171e-08
-1.56768e-08
9.56828e-09
2.24073e-09
4.56556e-09
2.2581e-08
-2.25198e-09
-1.71555e-08
-9.4239e-09
7.12303e-09
-1.44452e-08
2.79696e-09
3.84151e-09
2.36518e-09
4.69034e-10
1.10166e-08
-5.08268e-09
-1.93392e-08
-2.97425e-10
-1.14175e-08
-3.66186e-09
-7.62844e-09
4.23437e-09
-1.47431e-08
-8.25223e-10
1.59354e-09
-1.52858e-08
-4.92699e-09
1.5475e-08
-1.26002e-08
-6.69084e-09
-7.08504e-09
8.83375e-09
-9.22965e-09
6.96428e-09
-1.23514e-09
-1.62522e-09
1.60964e-08
-4.39115e-09
9.11603e-09
-3.82433e-09
1.11222e-08
-9.20722e-09
7.92721e-09
2.08619e-08
-2.13232e-08
1.98947e-08
2.24969e-08
-1.50345e-08
7.38626e-09
1.22549e-08
3.07808e-08
1.17187e-08
3.0743e-08
5.78896e-09
1.16948e-08
2.88197e-08
1.17025e-08
3.8744e-09
2.73405e-08
3.04673e-08
-2.87528e-09
7.20669e-09
1.01536e-08
1.36298e-08
3.10357e-08
-4.18709e-09
1.11776e-08
2.26727e-08
2.03042e-08
2.52924e-08
-4.04805e-08
8.62515e-10
-1.1101e-08
-2.53507e-08
1.3575e-08
-3.64556e-08
-2.86001e-08
1.21184e-08
-1.53904e-08
-2.19737e-08
-2.61439e-08
-8.48695e-09
-2.64929e-08
-6.15532e-08
-4.76151e-09
-4.3778e-08
-4.09038e-08
-2.36934e-08
-2.03475e-08
-4.13933e-08
-1.96233e-08
-2.17164e-08
-9.48631e-09
-1.78915e-08
7.94496e-09
-4.01726e-08
-3.54703e-08
-6.48943e-09
-5.04951e-08
-4.43376e-08
-9.69515e-09
-3.39686e-08
-1.64742e-09
-2.69955e-08
-1.36604e-08
-2.1715e-08
-1.02762e-08
-4.19826e-08
-5.7457e-08
-3.06768e-08
-2.23926e-08
-6.06495e-08
-1.21879e-08
-1.28289e-08
-5.05071e-08
-1.39203e-08
-1.90775e-08
-6.08514e-08
-1.17996e-08
-3.06551e-08
9.13993e-09
9.74559e-09
5.29574e-09
1.55951e-08
-2.5658e-08
-1.81722e-09
-6.08527e-09
-1.36962e-09
1.12817e-08
-2.09774e-08
6.1485e-08
8.81532e-08
3.57717e-08
7.13385e-08
3.94736e-08
5.23563e-08
7.70197e-08
6.12749e-08
8.84101e-08
4.47939e-08
-6.67202e-08
-4.50117e-08
-4.22148e-08
-5.52122e-09
-5.82248e-08
-7.4635e-08
-5.42641e-08
-1.00331e-07
-7.11692e-08
-3.2748e-08
9.06923e-08
6.98185e-08
9.56374e-08
8.35353e-08
8.13125e-08
1.09688e-07
9.56848e-08
9.41583e-08
4.38585e-08
1.24733e-07
1.07513e-07
7.54791e-08
1.30245e-07
7.03422e-08
8.47265e-08
1.74236e-07
1.1253e-07
2.20611e-07
1.56031e-07
1.88849e-07
5.84956e-08
3.82255e-08
6.12329e-08
4.56708e-08
2.91761e-08
5.01154e-08
2.55196e-08
3.22385e-08
6.8995e-08
8.65401e-08
1.47031e-07
1.22216e-07
1.06563e-07
1.8656e-07
1.9368e-07
7.73151e-08
1.74116e-07
1.54882e-07
1.11708e-07
1.40525e-07
-4.49479e-09
9.06787e-08
1.11958e-08
-6.62248e-10
6.86802e-08
5.86909e-09
2.37402e-08
6.54993e-08
8.15868e-08
1.74967e-08
5.89786e-08
8.30373e-08
7.56693e-08
8.79841e-08
1.18973e-07
8.37827e-08
9.96756e-08
6.83826e-08
6.48426e-08
7.59374e-08
2.31497e-08
4.15358e-08
-5.81067e-08
5.42941e-09
2.48795e-08
1.00113e-07
9.1143e-08
-5.76848e-08
-7.80769e-09
-7.43969e-09
3.72487e-07
3.70231e-07
2.17867e-07
2.60034e-07
2.38341e-07
3.01018e-07
2.81429e-07
2.21728e-07
2.37142e-07
2.7e-07
5.31529e-07
5.26172e-07
6.526e-07
6.86831e-07
5.67243e-07
6.12013e-07
5.18281e-07
5.6115e-07
5.66793e-07
4.53176e-07
7.65593e-08
-1.95549e-08
1.04556e-07
7.21744e-08
1.17216e-07
2.52672e-07
6.33423e-08
1.99819e-07
1.03603e-07
-6.44126e-09
1.51821e-06
1.36559e-06
1.42207e-06
1.24533e-06
1.29148e-06
1.36443e-06
1.41749e-06
1.47324e-06
1.19476e-06
1.34461e-06
4.79353e-07
6.23633e-07
6.77761e-07
3.82058e-07
2.31286e-07
3.66823e-07
4.83587e-07
4.36517e-07
4.03514e-07
4.6124e-07
-1.3627e-06
-1.39493e-06
-1.34763e-06
-1.40989e-06
-1.40718e-06
-1.32934e-06
-1.29471e-06
-1.39559e-06
-1.36386e-06
-1.33843e-06
-6.97468e-06
-6.963e-06
-6.83756e-06
-6.80171e-06
-6.6699e-06
-6.32508e-06
-6.59099e-06
-6.76386e-06
-6.58184e-06
-6.56076e-06
-9.93417e-06
-9.94918e-06
-9.88146e-06
-9.77429e-06
-9.76138e-06
-9.78846e-06
-1.00846e-05
-1.02864e-05
-9.75124e-06
-9.90133e-06
-6.75846e-06
-6.99682e-06
-7.16126e-06
-6.78231e-06
-6.71974e-06
-7.22507e-06
-7.30532e-06
-6.96189e-06
-7.09387e-06
-7.14472e-06
-9.38292e-06
-9.60052e-06
-9.50718e-06
-9.39695e-06
-9.57239e-06
-9.63062e-06
-9.37084e-06
-9.25667e-06
-9.63455e-06
-9.57075e-06
-1.37307e-06
-1.18446e-06
-1.5493e-06
-1.40843e-06
-1.41842e-06
-1.89615e-06
-1.26274e-06
-1.38162e-06
-1.44882e-06
-1.51132e-06
2.03336e-06
2.14059e-06
1.69304e-06
1.97178e-06
2.04962e-06
1.90048e-06
1.83345e-06
2.09844e-06
2.17171e-06
1.78621e-06
2.39158e-09
-2.55847e-10
5.13133e-10
-1.00543e-09
-1.47708e-10
-5.08632e-10
3.43592e-10
-2.53947e-10
9.52619e-10
5.6015e-10
5.08122e-09
-5.17301e-09
1.49676e-09
-3.29833e-09
-1.30565e-09
-1.05459e-09
3.23564e-09
-2.33616e-09
2.08251e-09
3.05681e-09
3.96907e-09
-5.06201e-09
3.62128e-09
-8.1641e-10
-3.33498e-09
-3.37341e-09
3.54911e-09
-7.03891e-09
3.02386e-09
6.06376e-09
2.13205e-09
-5.07183e-09
2.27364e-09
1.97833e-09
-1.75225e-09
-8.97329e-10
1.22456e-09
-9.14312e-09
3.54071e-09
9.36229e-09
3.90885e-09
-5.18447e-09
2.31581e-09
7.3158e-10
2.57769e-09
4.48868e-09
1.99481e-09
-3.70663e-09
2.9343e-09
2.59935e-09
7.42299e-09
-1.50498e-09
-5.68268e-10
4.89067e-09
6.666e-09
2.49967e-09
2.42454e-09
-1.83845e-09
5.29055e-09
2.29312e-10
1.24341e-08
2.19671e-09
-6.97922e-09
7.42703e-09
1.09083e-08
-2.65776e-09
-4.35586e-09
-2.18507e-09
2.58746e-09
-1.5346e-09
4.15041e-09
4.86753e-09
-7.97127e-09
2.81563e-09
6.24238e-09
-2.25266e-09
-7.74219e-09
-3.2845e-09
1.26245e-09
-2.4164e-09
-1.08297e-08
-5.06544e-10
1.11578e-08
1.14092e-09
2.4055e-09
3.73163e-09
-1.13984e-09
-2.62554e-09
2.1447e-09
2.7124e-09
-1.94111e-08
3.40481e-09
1.05776e-08
1.51766e-09
8.38792e-09
1.45141e-08
8.05534e-11
-6.19737e-09
4.13125e-09
2.50618e-09
-1.17519e-08
1.51292e-08
3.24767e-09
1.35777e-09
1.90688e-08
2.15127e-08
-1.24984e-09
-8.41649e-09
2.03325e-09
2.89179e-09
-5.38089e-09
1.49584e-08
4.31166e-09
-2.66279e-09
1.19572e-08
1.10222e-08
-5.67248e-09
-1.85014e-10
-8.33119e-09
-3.01222e-10
4.26687e-09
2.7028e-09
2.2571e-09
-5.50353e-10
3.10322e-09
8.13885e-09
1.16573e-09
1.38921e-08
-2.24165e-09
-2.87023e-09
1.09095e-08
6.02661e-10
1.61709e-08
2.00498e-08
-2.21585e-09
1.86057e-08
1.6334e-08
1.22072e-08
9.35569e-09
1.60769e-08
5.13169e-09
2.46896e-09
1.85644e-08
1.35e-08
-4.1907e-10
1.68142e-08
2.0032e-08
-3.71447e-09
-1.30263e-09
2.05074e-08
1.25604e-08
5.16766e-09
2.85436e-09
-2.92207e-09
8.52159e-10
1.41744e-09
-4.0582e-09
-4.2046e-09
-8.48874e-09
-1.09309e-08
1.27867e-08
8.11464e-09
-1.52176e-08
7.06179e-09
-6.65715e-09
-2.99802e-08
-1.56353e-08
5.46792e-09
-9.53577e-09
-1.15293e-08
-7.95372e-09
1.47633e-09
-1.21643e-08
5.56957e-10
-4.96882e-09
-2.41537e-08
-7.02586e-10
-1.44068e-08
-9.36617e-09
-3.12716e-09
-1.22951e-08
4.00191e-09
1.24279e-08
-7.10252e-09
-2.01685e-09
3.6382e-09
5.92187e-09
-2.54369e-08
-6.34648e-10
-4.98621e-09
-1.47395e-08
-1.22004e-08
-1.56415e-08
-1.7172e-08
-1.18004e-08
-2.39744e-09
-7.28706e-09
-1.3853e-08
-7.60353e-09
-2.34302e-08
-3.5728e-08
-3.43148e-08
-2.60899e-08
-3.19514e-08
-2.77438e-08
-8.77931e-09
-3.06378e-08
-1.1189e-08
-2.09245e-08
-2.41121e-08
-4.4642e-08
-3.64542e-08
-2.32017e-08
-3.90454e-08
-1.15288e-08
-1.51996e-08
-3.52162e-08
-8.5071e-09
-1.84829e-08
-1.0013e-08
-6.27934e-09
-1.3169e-08
-5.17765e-09
1.63136e-08
-3.38316e-10
-1.98429e-08
2.28162e-08
-1.28698e-09
2.46685e-09
1.49235e-08
8.67238e-09
8.85289e-09
1.08428e-08
1.05378e-08
-2.13683e-09
-3.94032e-09
3.18391e-08
-4.28368e-10
5.61338e-09
3.92322e-09
-5.55327e-09
1.19826e-08
-1.06946e-08
-3.16211e-08
-8.81413e-09
-5.04697e-09
-3.07783e-08
-1.66768e-08
-1.68657e-09
-2.44173e-08
2.72014e-08
4.36805e-08
1.93276e-08
-9.49049e-11
2.48316e-08
1.26526e-08
-3.21798e-08
2.25798e-08
2.87157e-09
-1.93761e-09
2.78766e-08
2.62035e-09
4.36258e-08
1.141e-08
2.89174e-08
-6.9448e-09
-2.01596e-08
3.31218e-08
-7.42277e-09
3.58812e-08
2.98406e-08
8.1681e-11
3.49801e-08
4.18027e-08
2.05615e-08
2.82072e-08
3.36807e-08
1.02238e-08
2.37437e-08
4.84167e-08
3.90983e-08
6.18564e-08
3.07835e-08
5.37433e-08
5.37639e-08
6.57384e-08
7.41391e-08
4.53428e-08
7.67468e-08
3.43928e-09
4.17725e-08
5.66105e-08
3.93732e-08
2.94132e-08
3.5459e-08
3.57389e-08
4.98769e-08
3.89198e-08
5.03443e-08
4.62269e-08
-5.15691e-08
-6.55928e-08
-6.87907e-08
-7.56427e-08
-4.86279e-08
-5.64818e-08
-5.50167e-08
-5.49751e-08
-9.35105e-08
-4.08921e-08
-6.21964e-08
-6.93807e-08
-5.95742e-08
-8.6357e-08
-7.26638e-08
-7.62019e-08
-5.60589e-08
-4.12001e-08
-8.32792e-08
-7.35272e-08
5.1216e-08
1.18559e-08
3.83929e-08
9.79422e-09
5.69369e-09
-3.97888e-08
-3.89306e-08
-1.36947e-08
2.83779e-08
4.67311e-08
3.23483e-08
1.29128e-08
-3.81716e-08
-1.12476e-08
-2.69216e-08
-8.25475e-08
-4.31709e-08
-6.40732e-08
-4.48739e-08
-3.77701e-08
5.24008e-08
1.27862e-07
1.0509e-07
8.73992e-08
9.42831e-08
9.78894e-08
7.36173e-08
1.02422e-07
1.26863e-07
1.04991e-07
-3.07574e-08
4.17412e-08
9.20145e-08
9.31689e-08
1.28127e-07
7.29207e-08
8.25466e-08
1.07439e-07
9.28189e-08
8.75261e-08
7.53304e-08
1.2364e-07
7.09299e-08
7.53324e-08
9.19237e-08
8.74735e-08
8.37497e-08
8.54112e-08
9.48995e-08
9.84437e-08
3.10233e-07
3.37469e-07
1.98029e-07
2.2429e-07
2.67443e-07
2.78796e-07
2.98468e-07
2.16157e-07
2.29517e-07
2.45261e-07
6.30622e-07
6.14688e-07
5.636e-07
6.38071e-07
6.43153e-07
7.20472e-07
6.96444e-07
5.85463e-07
6.08184e-07
5.49849e-07
7.98519e-07
7.35262e-07
7.75409e-07
7.53722e-07
8.66741e-07
9.51569e-07
7.81921e-07
8.90993e-07
8.88219e-07
7.55892e-07
1.98395e-06
1.79918e-06
1.96745e-06
1.96253e-06
1.84151e-06
1.92835e-06
1.94915e-06
2.11197e-06
1.84537e-06
1.85974e-06
2.10658e-06
2.19055e-06
2.3846e-06
2.11365e-06
2.16086e-06
2.19951e-06
2.22368e-06
2.16816e-06
2.05159e-06
2.10855e-06
2.37793e-06
2.48731e-06
2.53426e-06
2.52755e-06
2.65212e-06
2.42252e-06
2.48146e-06
2.51626e-06
2.51572e-06
2.45779e-06
6.40558e-07
6.29792e-07
7.17786e-07
5.82748e-07
6.51072e-07
6.92494e-07
6.47137e-07
6.79187e-07
6.87655e-07
6.48404e-07
-3.96716e-06
-4.07324e-06
-4.00714e-06
-4.34865e-06
-4.27764e-06
-3.8408e-06
-3.75882e-06
-4.16181e-06
-3.85117e-06
-3.48306e-06
-1.32072e-05
-1.32005e-05
-1.31892e-05
-1.3166e-05
-1.30976e-05
-1.30598e-05
-1.32217e-05
-1.3124e-05
-1.30307e-05
-1.31159e-05
-1.58321e-05
-1.61315e-05
-1.60913e-05
-1.57367e-05
-1.60096e-05
-1.61092e-05
-1.64829e-05
-1.62107e-05
-1.6155e-05
-1.63929e-05
-1.35052e-05
-1.37679e-05
-1.39021e-05
-1.34592e-05
-1.3465e-05
-1.36503e-05
-1.35959e-05
-1.36334e-05
-1.37122e-05
-1.35941e-05
-1.60451e-06
-1.16992e-06
-1.30754e-06
-1.58849e-06
-1.07515e-06
-1.36942e-06
-1.34565e-06
-1.35912e-06
-1.28747e-06
-1.40661e-06
6.30785e-06
6.69983e-06
6.61386e-06
6.41889e-06
6.561e-06
6.52307e-06
6.57367e-06
6.30061e-06
6.66978e-06
6.66509e-06
1.48715e-09
-2.65569e-09
-8.84496e-10
-9.82654e-10
-1.51315e-09
-1.03029e-09
-3.00869e-10
-1.25075e-09
8.34885e-10
1.80673e-10
2.79877e-09
-2.72813e-09
3.88173e-09
-2.42454e-09
-2.61752e-09
-6.4581e-10
1.49809e-09
-4.25521e-09
3.79593e-09
3.76307e-09
-2.35077e-10
-3.1057e-09
5.71422e-09
-3.98883e-09
-9.38932e-09
-1.07833e-09
2.30634e-11
-7.99409e-09
5.1678e-09
4.69369e-09
-3.67804e-09
-4.81483e-09
9.06554e-09
-6.31483e-11
-1.01031e-08
-9.68742e-10
-6.9571e-10
-9.97897e-09
4.71927e-09
3.05585e-09
-1.18924e-09
7.83231e-10
1.01559e-08
2.03549e-09
-2.77392e-09
-1.12383e-10
-1.18014e-09
-3.8513e-09
-4.74336e-09
2.22477e-09
-9.68286e-10
4.09595e-10
5.5422e-09
3.44066e-09
-1.18712e-09
-6.15635e-09
-9.47844e-10
-4.76746e-10
-7.09868e-09
-1.39053e-09
-3.25547e-09
-8.48484e-09
-1.31009e-09
1.02285e-09
-4.65381e-09
-1.35033e-08
-4.07069e-10
2.38427e-09
-3.48189e-10
-4.68721e-09
2.56703e-09
-8.48106e-09
-4.87059e-09
2.30969e-09
-3.35755e-09
-1.11018e-08
-2.91565e-09
3.17272e-09
3.34462e-09
-4.05021e-09
-4.20393e-09
2.18507e-09
3.03622e-09
-2.39911e-10
-5.07833e-10
-2.99141e-09
-1.86832e-09
-8.0308e-10
9.73506e-09
-4.43654e-09
-6.62944e-09
5.55497e-09
1.84226e-09
-6.05211e-09
3.22346e-09
2.68715e-09
-8.06092e-09
-3.00409e-09
3.63012e-09
-5.29619e-09
1.78799e-09
1.0946e-08
-7.96664e-09
3.88846e-09
4.36904e-09
-4.3985e-09
-1.81336e-08
-8.81593e-09
-1.12121e-09
-7.68733e-10
-1.75616e-09
2.61047e-08
-1.35511e-08
-1.02175e-08
6.87268e-09
-6.92538e-09
-1.96552e-08
-1.32604e-08
-8.06953e-10
-3.4107e-09
-1.70073e-08
1.70279e-08
-1.10671e-08
-1.10141e-08
6.68176e-09
-2.33824e-09
-4.79576e-09
-1.34085e-08
-9.06044e-09
-8.48738e-10
-2.10686e-08
9.48078e-09
-2.39225e-09
-3.53407e-09
-3.66613e-09
1.25441e-09
-3.36223e-10
-1.84733e-08
1.84009e-09
2.09309e-09
-2.5139e-09
1.72392e-09
-2.97762e-09
-1.23647e-08
2.94046e-09
2.9929e-09
3.21325e-10
-9.24451e-09
9.22079e-09
1.27359e-08
1.98372e-08
-8.13385e-09
-7.56072e-09
1.11725e-08
-1.86319e-09
-1.75805e-09
8.98708e-09
1.10083e-08
-6.65346e-09
1.95827e-08
3.6445e-08
-1.3964e-08
-1.73913e-09
2.11548e-08
-9.69511e-09
7.1638e-09
2.1466e-08
3.04507e-08
-9.46533e-09
1.05024e-08
2.01611e-08
1.21298e-08
1.43474e-08
1.64073e-08
5.32091e-09
2.47641e-08
2.74993e-08
2.03071e-08
1.58148e-08
1.06873e-08
9.21695e-09
1.48836e-08
1.4736e-08
-5.66211e-09
1.27875e-08
1.99568e-08
8.66206e-09
-3.19582e-09
9.52007e-09
1.80786e-08
1.01536e-09
-6.83985e-10
-3.96917e-10
-1.74549e-10
7.44787e-09
-9.45165e-09
-9.01735e-09
-1.31321e-08
-2.40411e-08
9.84807e-09
-1.38409e-08
-3.4778e-09
-4.43685e-09
-1.48908e-08
1.75928e-09
-4.5854e-09
-1.24998e-08
5.82778e-12
-1.04289e-08
-2.81435e-09
-4.0441e-08
-1.11066e-08
-2.13444e-08
-3.88857e-08
-7.03384e-09
-2.78147e-08
-2.70098e-08
-2.48647e-08
-2.67004e-08
-4.70751e-08
-2.7329e-08
-2.34995e-08
-2.21745e-08
-2.10031e-08
-2.03381e-08
-2.20895e-08
-1.96594e-08
-2.4241e-08
-2.44527e-08
-3.34237e-08
-3.09558e-09
-2.52582e-08
-8.20293e-09
3.50124e-09
-2.28145e-08
-1.21243e-08
2.73661e-08
3.69049e-09
4.63794e-10
7.97786e-09
2.7056e-08
1.11943e-08
1.38355e-08
1.39278e-08
-2.75711e-10
7.53713e-09
1.76628e-08
-2.75084e-09
9.89368e-09
1.56436e-08
5.21888e-08
3.70192e-08
2.56831e-08
2.91201e-08
1.79835e-08
6.57003e-08
5.47284e-09
3.64828e-08
3.99256e-08
2.24971e-08
5.45513e-08
1.95125e-08
2.33304e-09
1.44376e-08
2.49224e-09
2.67689e-08
9.60278e-09
6.97353e-08
2.88201e-08
1.06808e-08
5.14848e-08
3.70603e-08
2.98339e-08
4.32827e-08
2.71521e-08
4.7842e-08
5.21923e-08
2.9543e-08
6.49243e-08
5.49781e-08
6.58966e-08
6.46383e-08
2.85335e-08
6.07675e-08
5.59966e-08
6.62893e-09
9.25052e-08
3.1632e-08
1.24946e-08
8.3612e-08
4.79901e-08
4.76106e-08
5.71846e-08
6.24584e-08
8.56042e-08
2.58277e-08
5.11761e-08
7.14422e-08
1.70871e-08
4.91315e-08
7.96459e-08
8.00187e-08
1.25203e-07
5.41885e-08
8.40314e-08
1.29659e-07
1.17427e-07
1.34574e-07
1.41307e-07
1.30211e-07
-6.96035e-08
-8.88704e-08
-7.08746e-08
-7.5035e-08
-1.04611e-07
-6.53668e-08
-5.8259e-08
-6.71202e-08
-7.52793e-08
-7.49146e-08
-1.56217e-07
-2.46645e-07
-1.64645e-07
-1.16889e-07
-1.49073e-07
-1.56738e-07
-1.64932e-07
-2.13878e-07
-1.91552e-07
-2.06081e-07
-4.0482e-08
-8.41187e-09
2.3209e-08
3.75536e-08
-2.62127e-09
-7.05713e-09
8.68774e-09
-5.60876e-08
4.4793e-09
-4.86765e-09
-1.07055e-07
1.18919e-08
1.78091e-08
2.50097e-08
9.71255e-08
-4.36983e-08
2.69462e-09
4.50794e-08
-1.94972e-08
-5.28557e-09
-9.72478e-08
-1.83297e-08
-8.57747e-08
-1.30618e-07
-1.9315e-08
-9.06836e-08
-9.76139e-08
-4.20991e-08
-4.39038e-08
-3.31798e-08
8.82843e-08
1.39408e-07
1.46665e-07
1.35075e-07
1.68823e-07
1.32836e-07
1.42881e-07
1.31614e-07
1.17354e-07
1.23681e-07
1.92867e-07
2.3324e-07
1.688e-07
1.86999e-07
2.24399e-07
3.00655e-07
3.01082e-07
1.7142e-07
1.9588e-07
1.95757e-07
7.55376e-07
7.56032e-07
5.92617e-07
6.34992e-07
6.65402e-07
7.21981e-07
6.94146e-07
6.41524e-07
6.68811e-07
6.56009e-07
1.18454e-06
1.1959e-06
1.23803e-06
1.25125e-06
1.13719e-06
1.15546e-06
1.08205e-06
1.13316e-06
1.18302e-06
1.07252e-06
2.08498e-06
1.98704e-06
2.08229e-06
2.07014e-06
2.09916e-06
2.21991e-06
2.0576e-06
2.19194e-06
2.13811e-06
2.02165e-06
1.79118e-06
1.69061e-06
1.86172e-06
1.71249e-06
1.84581e-06
1.90428e-06
1.9633e-06
1.96446e-06
1.69362e-06
1.69291e-06
1.4442e-06
1.51249e-06
1.6905e-06
1.39447e-06
1.58457e-06
1.58662e-06
1.56921e-06
1.5607e-06
1.59618e-06
1.71237e-06
-3.93194e-09
-2.20333e-07
-2.09863e-07
-2.34248e-07
-3.1829e-07
-2.52129e-07
-2.29784e-07
-1.92006e-07
-2.64172e-07
-7.24463e-09
-1.26077e-06
-1.745e-06
-1.32376e-06
-1.41231e-06
-1.94629e-06
-1.48595e-06
-1.15807e-06
-1.52088e-06
-1.88515e-06
-1.21786e-06
-8.61956e-06
-8.69986e-06
-8.64132e-06
-8.64575e-06
-8.80406e-06
-8.58279e-06
-8.94691e-06
-8.85927e-06
-8.51077e-06
-8.56574e-06
-1.74617e-05
-1.71823e-05
-1.77414e-05
-1.72949e-05
-1.68844e-05
-1.7369e-05
-1.76696e-05
-1.73393e-05
-1.7144e-05
-1.7818e-05
-1.52595e-05
-1.53295e-05
-1.54435e-05
-1.51336e-05
-1.52488e-05
-1.52534e-05
-1.50608e-05
-1.49104e-05
-1.5427e-05
-1.54733e-05
-4.37011e-06
-4.55331e-06
-4.362e-06
-4.28353e-06
-4.30484e-06
-4.55163e-06
-4.23341e-06
-4.41522e-06
-4.42034e-06
-4.24641e-06
5.85656e-06
5.83388e-06
5.67018e-06
5.80286e-06
6.06767e-06
5.8727e-06
5.65197e-06
5.75596e-06
5.95217e-06
5.77861e-06
-9.66876e-10
-1.1426e-09
1.56285e-09
2.43384e-09
-1.6388e-10
1.40279e-09
-1.26858e-09
-2.53704e-10
2.53649e-09
2.32093e-09
-3.62139e-09
-1.68997e-09
3.55187e-09
1.90077e-09
2.2644e-10
5.06589e-09
-3.02652e-09
-1.09404e-10
5.89762e-09
7.55185e-09
-6.09301e-09
1.48199e-09
1.14831e-08
-4.09875e-09
-2.28791e-09
1.3346e-08
-5.35617e-09
2.95999e-09
7.47397e-09
6.78465e-09
-5.73188e-09
3.85357e-09
1.38003e-08
-5.85043e-09
3.1094e-09
1.24748e-08
-9.34241e-10
5.56474e-10
2.85591e-09
8.21483e-10
-2.87322e-10
9.18816e-09
1.56975e-08
-4.92378e-09
4.63923e-09
6.79164e-09
-9.91184e-10
-6.32701e-10
-3.25805e-09
5.35265e-09
4.03926e-10
8.85586e-09
1.05965e-08
-5.67108e-09
3.56111e-09
7.55141e-09
1.7984e-09
2.12895e-10
-5.19702e-09
4.69321e-09
-6.04137e-09
1.08004e-09
7.11556e-09
-9.18462e-09
2.19169e-09
7.13946e-09
2.05732e-09
3.64819e-09
-2.71722e-09
-3.77242e-09
-3.37726e-09
-1.54125e-09
9.79815e-10
-9.75003e-09
9.15834e-10
-5.95616e-10
-5.30503e-10
5.12682e-09
-3.13839e-10
-6.3387e-09
-4.77173e-09
1.29729e-08
-1.00521e-08
-7.62968e-09
2.33988e-09
-6.45396e-11
-6.25038e-09
-4.27705e-10
-5.32808e-09
-1.49738e-08
7.53631e-10
1.43427e-08
-1.46364e-08
5.10926e-09
6.10299e-10
-5.82745e-09
-8.02389e-09
-2.19201e-09
-2.17534e-09
-1.67787e-08
-5.81385e-09
1.38621e-09
-7.26951e-09
3.72281e-09
-5.37134e-09
-2.01024e-08
-1.7497e-08
3.87663e-09
3.23181e-09
-2.77037e-09
-1.76041e-09
6.52654e-10
-4.50158e-09
4.26291e-09
4.29839e-09
-1.36515e-08
-2.65987e-09
9.41038e-10
9.2603e-09
3.05961e-09
3.96446e-09
1.24076e-08
-5.14435e-09
3.45066e-09
1.16779e-08
-5.13599e-09
1.45893e-09
-1.12964e-08
8.49736e-09
7.72818e-09
-4.94415e-09
9.65135e-09
-8.21953e-09
-5.17264e-09
-4.46868e-09
-8.13641e-09
-1.39416e-08
-1.0023e-08
1.58284e-08
-8.87641e-09
-2.6072e-09
1.00256e-08
-2.0553e-09
3.01856e-09
6.82969e-09
3.60353e-09
-1.21048e-08
-2.87217e-09
2.26924e-08
-9.01754e-09
6.10983e-09
-1.46553e-08
4.07581e-09
1.68649e-08
4.29294e-09
6.21862e-09
7.61e-09
6.71836e-09
-1.34749e-09
9.52809e-09
1.25725e-08
-2.18457e-08
1.25022e-08
1.92379e-08
-1.8775e-08
1.18328e-08
7.62629e-09
9.68157e-09
-9.36957e-09
2.27955e-09
1.80971e-08
1.82647e-09
1.1636e-08
-3.07478e-10
1.66621e-08
2.4029e-09
4.65244e-09
1.57651e-08
4.09663e-10
1.4583e-08
1.40817e-08
6.74712e-09
-2.25163e-08
1.51549e-08
1.28402e-08
-6.80786e-09
-9.09349e-09
1.72496e-08
2.89246e-09
-6.39062e-09
1.3024e-08
6.0876e-09
3.68158e-09
9.86349e-09
-5.62614e-09
1.59449e-08
9.65644e-09
6.60534e-09
-1.2227e-09
2.2055e-08
2.2179e-09
2.28666e-08
2.2091e-08
1.4683e-09
1.96464e-08
1.85726e-08
2.52947e-08
-5.0328e-09
7.61429e-09
2.97297e-08
8.29543e-09
1.55703e-08
3.30336e-10
-1.98996e-09
2.35024e-09
-5.9729e-09
-7.62141e-10
-1.35207e-08
-2.18061e-09
-1.78698e-08
-9.47436e-09
1.50803e-08
-2.55889e-08
-1.56122e-08
1.17877e-09
-2.08157e-08
-2.70064e-08
-9.13701e-09
-2.0167e-08
-2.83254e-08
-1.83445e-08
-1.58957e-08
1.28886e-08
-1.66059e-08
-3.30628e-08
-3.36373e-09
-1.84007e-08
-1.01212e-08
-1.33879e-08
6.66889e-09
-2.23908e-09
-2.19857e-08
5.29834e-10
-7.98252e-09
-1.56178e-08
-1.97916e-08
1.31278e-09
-8.06265e-09
-3.10439e-08
1.05057e-08
-1.41279e-08
-3.00925e-08
-3.78217e-08
-1.88325e-08
-3.8281e-09
-2.17237e-08
-1.27062e-08
-9.23061e-09
-1.55928e-08
-3.85661e-08
9.29516e-09
6.21931e-09
5.50696e-09
1.21621e-08
-7.41862e-10
3.79454e-08
1.27533e-08
-8.23927e-09
2.6035e-08
3.32584e-09
3.32106e-09
-4.3898e-09
-1.08759e-08
-8.09972e-09
-1.31674e-08
-7.35416e-09
-1.26925e-08
-2.63179e-09
-2.18311e-09
-5.80774e-09
-1.74088e-08
-2.22918e-08
-1.94922e-08
-2.05552e-08
-1.75354e-08
2.0665e-09
-8.27208e-08
-3.08501e-08
-3.50228e-08
-3.5536e-08
-7.97734e-08
-7.54615e-08
-5.15595e-08
-1.12131e-07
-2.69283e-08
-6.54606e-08
-9.29308e-08
-6.45871e-08
-6.213e-08
-4.48043e-08
-1.33881e-08
-8.83923e-08
-2.89691e-08
-3.21478e-08
-5.46379e-08
-6.11001e-08
-9.87117e-09
-1.70836e-08
-8.71462e-08
-1.58794e-08
-1.71803e-07
-1.6548e-07
-2.05284e-07
-1.83378e-07
-2.18967e-07
-1.97197e-07
-2.10411e-07
-1.52911e-07
-1.82827e-07
-1.91549e-07
-9.23256e-08
-8.62731e-08
-1.78858e-07
-7.9719e-08
-1.61658e-07
-7.78606e-08
-3.58154e-08
-1.07942e-07
-1.04268e-07
-1.52634e-07
4.13016e-09
-1.25459e-08
-1.42168e-07
9.56818e-08
2.93855e-08
-1.22648e-07
1.30906e-07
-7.40921e-09
-3.36896e-08
-1.32864e-08
-1.31316e-07
-3.96469e-08
6.20794e-09
-1.23375e-07
-3.82549e-08
-1.27046e-07
-1.04404e-07
-5.87113e-08
7.09349e-10
-2.64981e-08
-1.532e-07
-1.21062e-07
-6.55397e-08
-1.66665e-07
-9.96197e-08
-1.17592e-07
-1.6688e-07
-1.17695e-07
-1.04232e-07
-8.65905e-08
-1.21423e-07
-1.13474e-07
-9.41644e-08
-1.39238e-07
-1.28944e-07
-1.31806e-07
-1.52084e-07
-1.14066e-07
-9.63465e-08
-9.7762e-08
3.6991e-07
3.82815e-07
2.42124e-07
2.42435e-07
2.7561e-07
3.00784e-07
3.24688e-07
2.49129e-07
3.15324e-07
3.08923e-07
2.43582e-07
2.29626e-07
1.96603e-07
1.80557e-07
2.34663e-07
3.37351e-07
3.09822e-07
1.90793e-07
2.26465e-07
2.05373e-07
-2.95653e-07
-2.83534e-07
-2.21209e-07
-3.20383e-07
-2.17264e-07
-1.74802e-07
-3.72131e-07
-2.64719e-07
-2.27462e-07
-3.36008e-07
6.63523e-07
4.89592e-07
6.04513e-07
6.51672e-07
5.07317e-07
5.45288e-07
5.8132e-07
7.38457e-07
4.89965e-07
5.35658e-07
6.21704e-07
6.7183e-07
8.72042e-07
6.69232e-07
7.15247e-07
8.15339e-07
8.85914e-07
8.24849e-07
7.57148e-07
8.78832e-07
-4.95861e-07
-4.20346e-07
-4.38267e-07
-5.59875e-07
-4.8388e-07
-4.22496e-07
-4.5208e-07
-4.38577e-07
-4.12992e-07
-4.38044e-07
-2.02844e-06
-2.04347e-06
-2.1083e-06
-2.20045e-06
-2.21461e-06
-2.11411e-06
-2.22685e-06
-2.20272e-06
-2.31293e-06
-2.33893e-06
-1.91764e-06
-2.15336e-06
-2.14889e-06
-2.13814e-06
-2.31281e-06
-2.19225e-06
-2.28906e-06
-2.13407e-06
-2.22674e-06
-2.36038e-06
-3.43041e-06
-3.50524e-06
-3.48331e-06
-3.48628e-06
-3.53438e-06
-3.55166e-06
-3.65496e-06
-3.5037e-06
-3.3287e-06
-3.50778e-06
-1.03343e-06
-1.03438e-06
-9.42697e-07
-7.05077e-07
-7.70031e-07
-8.82034e-07
-9.86963e-07
-1.26963e-06
-8.87008e-07
-7.60109e-07
-1.11896e-06
-1.14988e-06
-1.36996e-06
-8.59318e-07
-1.02339e-06
-1.2777e-06
-1.08832e-06
-1.04537e-06
-1.1024e-06
-1.08788e-06
4.35262e-06
4.49979e-06
4.04346e-06
4.33044e-06
4.57811e-06
4.39988e-06
4.44684e-06
4.46764e-06
4.40644e-06
4.35777e-06
7.76306e-06
7.7333e-06
7.70678e-06
7.56857e-06
7.7488e-06
7.68667e-06
7.86393e-06
7.67475e-06
7.61629e-06
7.96657e-06
-2.33779e-10
1.14813e-10
1.288e-09
1.6075e-09
-1.32953e-09
-8.15228e-11
9.21312e-10
3.92779e-09
-7.36775e-10
1.73567e-10
-4.90462e-09
1.64488e-09
9.84979e-10
1.52857e-10
-2.1283e-09
-7.86003e-13
9.76095e-10
6.91322e-09
7.48643e-10
2.33406e-09
-4.01996e-09
4.57421e-09
1.32045e-09
-7.145e-09
1.01476e-10
5.49643e-09
2.65678e-09
9.06982e-09
2.75701e-09
1.10018e-09
-2.71021e-09
9.87519e-09
1.87461e-09
-5.47512e-09
3.19039e-09
2.76647e-09
-2.07147e-11
6.10494e-09
6.18965e-09
-1.77912e-09
-4.7175e-09
6.03941e-09
-4.51606e-09
-3.37201e-09
-4.79224e-10
-4.18709e-09
-2.44299e-10
1.64595e-09
9.37631e-09
-1.80854e-09
-3.84796e-09
3.31651e-09
-5.18493e-09
-5.75596e-09
-2.57648e-09
-6.62776e-09
-7.57911e-09
-5.63463e-09
2.31093e-09
-1.83056e-09
5.45362e-09
1.35772e-09
2.0661e-10
-2.62939e-09
3.7044e-09
-3.56296e-09
-1.33929e-08
-4.22954e-09
-8.16677e-09
-4.51269e-09
4.68912e-09
-4.16771e-09
-3.01601e-10
3.5479e-09
5.61387e-09
-4.73857e-09
-5.4069e-09
-8.74266e-10
-9.91974e-09
-2.22511e-09
9.00041e-09
-3.39746e-10
-6.55942e-09
8.04569e-09
6.20152e-09
-7.97123e-09
-4.05022e-09
-3.83524e-09
-1.16535e-09
-4.38843e-09
1.46236e-08
7.28512e-09
-9.06813e-09
1.04239e-08
5.58172e-09
1.65571e-09
-1.86217e-09
3.60196e-09
7.67703e-09
-5.18194e-09
5.16919e-09
2.06014e-09
-4.18103e-09
2.66004e-09
4.73257e-09
-2.6166e-09
-1.40176e-10
1.50423e-08
8.00207e-09
-7.10782e-09
3.44099e-09
9.41368e-11
-1.99607e-09
8.94487e-10
2.80908e-09
-1.28455e-11
1.68701e-09
9.00966e-09
1.08536e-08
3.76793e-09
1.25187e-08
-8.53961e-09
-8.40811e-10
5.59727e-09
8.36759e-10
-7.32554e-10
-1.62621e-09
2.39562e-09
3.37056e-09
8.84492e-10
2.00567e-08
-1.2758e-08
-6.02349e-10
-1.82895e-09
-5.04597e-09
2.55565e-09
-8.29161e-09
1.21879e-08
-6.83092e-09
-6.66459e-09
1.83712e-09
-3.38871e-09
-1.6124e-10
1.13504e-09
-5.25832e-09
9.11126e-09
-1.79909e-08
-2.28434e-09
-2.75405e-09
-4.79786e-09
-1.52049e-08
6.17648e-10
1.03843e-08
-1.1703e-08
-1.16164e-08
4.9441e-09
-8.02578e-09
-1.61382e-08
8.7207e-09
5.87714e-10
-2.14276e-08
-8.90748e-09
1.02846e-08
-1.68807e-08
-1.66945e-08
8.04025e-09
-4.0501e-09
-2.56775e-08
-1.12901e-08
6.76817e-09
2.27893e-09
-8.9162e-10
-1.79175e-08
2.22278e-10
-7.88833e-09
-2.19013e-08
-1.58646e-09
-3.54137e-09
-3.16376e-09
3.28892e-09
7.29494e-09
-9.43301e-09
-2.17403e-08
-9.76938e-09
-1.25912e-08
-2.39213e-08
-2.46742e-08
3.2758e-09
-4.23862e-09
-2.79508e-08
-5.77781e-09
-2.82792e-08
-3.72639e-09
-7.78589e-09
-2.55746e-08
-1.22663e-09
-1.41717e-08
-2.06581e-08
4.69872e-09
-1.54673e-08
-1.49545e-08
1.557e-08
2.08194e-09
-1.07072e-08
1.65786e-08
2.67315e-09
1.65457e-09
1.03701e-09
1.77459e-08
1.76125e-08
3.18207e-08
2.14707e-08
-1.86609e-08
2.77085e-08
1.93523e-08
-1.48503e-08
1.42747e-08
3.74507e-08
-2.12336e-09
1.05839e-08
3.56972e-08
9.35885e-09
1.28236e-08
2.83633e-08
8.3926e-09
9.41835e-09
3.58148e-08
1.86808e-08
-6.45576e-09
3.09111e-08
8.45125e-09
2.1017e-08
2.51737e-08
1.39894e-08
9.88187e-09
3.20974e-08
1.68742e-08
-1.38395e-08
1.76269e-08
1.09897e-08
6.48188e-09
-5.16891e-09
9.10899e-09
2.40927e-08
-2.68198e-10
2.14143e-08
1.42533e-08
-4.22306e-09
-1.42649e-08
-8.91744e-10
-4.01386e-08
-2.63103e-08
-2.49946e-08
-1.37114e-08
-1.56624e-08
-9.39232e-09
-7.43224e-09
-4.65627e-08
-3.89283e-09
-9.58499e-10
-5.45743e-08
1.21619e-08
-7.67913e-09
-8.41712e-09
2.71104e-08
1.00391e-09
-5.56402e-09
-3.91848e-08
1.08175e-08
-2.6721e-09
-1.34647e-08
-1.85685e-08
-4.63806e-08
-2.00299e-08
5.15832e-09
-2.80389e-08
-6.06433e-08
2.58542e-08
-4.90798e-08
-5.75623e-08
-3.77123e-08
-5.96917e-08
-3.99494e-08
-5.77943e-08
-5.86558e-08
-2.88284e-08
-7.28168e-08
-3.52373e-08
-4.82102e-08
-5.98879e-08
-1.1795e-07
-2.36504e-07
-1.34752e-07
-1.54459e-07
-2.20991e-07
-1.33756e-07
-1.54007e-07
-1.51518e-07
-2.06707e-07
-1.4316e-07
-1.40982e-07
-1.95442e-07
-1.45539e-07
-1.7769e-07
-1.39412e-07
-1.37024e-07
-2.0083e-07
-1.28726e-07
-1.41513e-07
-2.07823e-07
-4.20476e-08
-6.32061e-08
-4.87683e-08
-3.28925e-08
-7.47936e-08
-6.67693e-08
-7.24665e-08
-7.04646e-08
-5.84913e-08
-9.49435e-08
-1.67793e-07
-1.26911e-07
-1.56003e-07
-8.3344e-08
-8.4072e-08
-1.88233e-07
-1.18735e-07
-1.13429e-07
-2.07602e-07
-1.59438e-07
-8.76686e-08
6.64326e-09
-8.6151e-08
-6.49442e-08
-1.48933e-08
-1.31905e-07
-6.04224e-08
-3.9803e-08
-2.74085e-09
-1.41273e-08
2.38576e-08
3.56831e-08
6.09849e-08
5.03173e-08
3.87567e-08
3.54179e-08
9.78547e-08
4.24303e-08
1.04863e-07
1.24856e-07
-8.11315e-08
-5.5024e-08
-3.18417e-08
-1.17607e-07
-6.13683e-08
-5.7103e-08
-5.66209e-08
-4.4239e-08
-3.33283e-08
-9.14554e-09
-2.13776e-08
-1.62296e-08
-5.49122e-09
9.10295e-09
3.4269e-09
-2.55757e-08
-1.55075e-10
-4.67182e-08
-4.6824e-08
-1.49846e-08
-6.52175e-08
-4.27289e-08
-7.92351e-08
-9.95461e-08
-6.28803e-08
1.07315e-08
2.12674e-08
-1.17531e-07
-8.39385e-08
-7.09335e-08
1.89975e-07
1.82642e-07
8.36091e-08
-1.19588e-09
-1.28881e-08
9.74152e-08
9.17059e-08
5.66642e-08
6.33029e-08
1.06736e-07
-9.95588e-07
-9.99942e-07
-9.10254e-07
-8.7389e-07
-1.02089e-06
-9.8888e-07
-1.08342e-06
-1.04711e-06
-1.02576e-06
-1.07815e-06
-4.36581e-07
-5.13788e-07
-4.9142e-07
-3.81055e-07
-3.73294e-07
-2.8528e-07
-4.46086e-07
-2.95677e-07
-3.87143e-07
-4.64082e-07
-7.61737e-07
-9.78902e-07
-9.33555e-07
-1.07298e-06
-1.00129e-06
-8.99644e-07
-8.12229e-07
-6.96082e-07
-9.77509e-07
-7.28303e-07
-3.44432e-07
-2.44548e-07
-1.21275e-07
-4.01858e-07
-3.46858e-07
-2.94569e-07
-2.80733e-07
-2.96848e-07
-2.10048e-07
-6.05593e-08
1.54563e-06
1.61479e-06
1.65101e-06
1.61696e-06
1.53425e-06
1.5692e-06
1.62058e-06
1.50991e-06
1.61812e-06
1.51934e-06
3.51509e-06
3.42199e-06
3.71577e-06
3.64825e-06
3.19369e-06
3.63767e-06
3.66766e-06
3.41704e-06
3.50258e-06
3.42412e-06
6.25746e-06
6.239e-06
6.23581e-06
6.24204e-06
6.15241e-06
6.31183e-06
6.01121e-06
5.81023e-06
6.38945e-06
6.25144e-06
5.51113e-06
5.4273e-06
4.93763e-06
5.34474e-06
5.92441e-06
5.35151e-06
5.28773e-06
5.74655e-06
5.42327e-06
5.25668e-06
9.49302e-06
9.57164e-06
9.35301e-06
9.89322e-06
1.00477e-05
9.60851e-06
9.87884e-06
1.00195e-05
9.57036e-06
9.5045e-06
7.10229e-06
6.84438e-06
7.44087e-06
7.42967e-06
7.05859e-06
6.82274e-06
7.25108e-06
6.93526e-06
6.60487e-06
7.39729e-06
2.77438e-06
2.51758e-06
2.82772e-06
2.6002e-06
2.47179e-06
2.76036e-06
2.52907e-06
2.51604e-06
2.50183e-06
2.78258e-06
-2.71568e-09
2.5875e-10
1.70131e-09
-1.88237e-09
-1.3519e-09
3.25867e-10
4.13535e-10
-8.62209e-10
-3.10886e-09
1.38602e-10
-7.48122e-09
7.34935e-09
2.51372e-10
-1.82902e-09
-9.19442e-11
2.78174e-09
-4.50865e-10
-3.06689e-09
-3.24216e-09
-1.65912e-09
-4.67632e-09
8.16549e-09
-4.08899e-09
-3.76721e-09
2.28688e-09
4.94055e-10
-7.06771e-10
-6.07654e-09
-1.14828e-09
-2.06406e-09
8.77084e-10
9.1839e-09
-6.34039e-09
-8.1118e-09
-2.78799e-09
-1.24576e-09
-1.27099e-09
-6.49606e-09
1.8546e-09
4.90996e-10
4.83565e-09
3.91785e-09
-6.44943e-09
-6.36898e-09
-9.93802e-09
4.12682e-10
-1.31454e-10
-6.66542e-09
3.81586e-09
8.84508e-10
1.06808e-08
-1.89649e-09
-5.16307e-09
2.72798e-09
-1.64697e-08
-6.01242e-09
2.02266e-09
-1.94089e-09
1.69899e-09
4.29872e-09
1.53127e-08
8.35922e-10
-2.787e-09
6.76505e-09
-1.21073e-08
-1.00684e-08
3.47968e-09
1.5096e-09
-4.49277e-09
1.14016e-08
1.43295e-08
2.29316e-09
4.22849e-09
1.04871e-08
-1.07895e-08
-4.93883e-09
9.05916e-09
4.49848e-09
-8.88936e-09
1.4533e-08
1.05994e-08
-2.80107e-09
2.56827e-09
1.17748e-08
-1.05909e-08
2.68999e-09
4.65569e-09
4.23734e-09
9.32508e-10
1.10538e-08
7.94025e-09
-1.2551e-08
-2.33374e-10
-1.80647e-09
-1.14948e-08
7.31843e-09
-6.15636e-10
9.90782e-09
1.24837e-09
5.60398e-09
9.29627e-09
-1.0366e-08
-1.96771e-09
-2.66056e-09
-6.1413e-09
9.98295e-09
5.59133e-09
4.4162e-09
3.24119e-09
-9.13263e-09
4.59248e-09
-7.82998e-09
-1.98483e-08
-9.55184e-12
5.40836e-09
-1.29246e-10
-6.67951e-09
8.8223e-09
3.73616e-09
-2.04562e-08
-3.78465e-09
-1.83073e-08
-7.98828e-09
-4.61899e-09
2.77616e-09
3.26451e-09
-1.44666e-08
2.97959e-09
4.33003e-09
-1.12003e-08
-1.13532e-09
-7.17617e-09
7.05301e-09
-7.54444e-09
9.80185e-09
8.94192e-09
6.97024e-09
1.53554e-09
2.36693e-10
1.05103e-08
5.31797e-09
4.03309e-09
1.37304e-09
-1.1618e-08
-1.85104e-09
-7.42677e-09
-5.40991e-09
1.07375e-08
7.52517e-10
3.2641e-09
-1.32232e-08
1.3798e-08
2.23986e-09
-2.49463e-09
-6.67095e-09
6.49608e-11
4.32732e-09
-1.25758e-08
1.51022e-08
5.91812e-09
-6.60342e-09
1.69116e-08
-5.15702e-09
3.12509e-10
1.15767e-08
-2.44365e-10
3.13506e-09
-8.9891e-09
1.30459e-08
1.32048e-08
-1.21216e-08
-1.9831e-08
-1.67329e-08
-1.34021e-08
-1.54264e-08
1.85316e-09
-1.28222e-08
-1.34029e-08
-6.86293e-09
-1.24171e-08
-4.57132e-09
-2.13762e-08
-3.20884e-09
-9.7784e-09
-1.76759e-08
4.0609e-10
-7.04765e-09
-1.01815e-09
-4.4633e-09
-1.27506e-08
-5.27891e-09
-1.67093e-08
8.85263e-09
-1.2147e-08
-7.3171e-09
-3.84322e-09
-1.30063e-08
-1.07227e-08
5.23869e-09
-1.41868e-08
-5.05255e-09
-1.22046e-08
-1.03842e-08
-1.4199e-08
-1.05589e-08
-1.70021e-08
-1.16014e-08
-2.54291e-09
-5.93402e-09
-1.90044e-08
1.88345e-08
9.05468e-09
-1.15365e-08
2.08383e-09
1.52543e-08
-1.84451e-08
7.10903e-10
3.08246e-08
-2.14846e-08
-8.88751e-09
4.13886e-09
-1.89218e-08
3.3596e-09
-1.82366e-09
2.99141e-09
-6.39711e-09
2.18238e-08
4.15852e-09
-1.40082e-08
8.01501e-09
-5.43324e-09
3.50139e-11
-1.36963e-08
-1.19481e-08
2.26578e-08
3.82086e-09
-1.09193e-09
5.17962e-09
-1.07884e-08
-1.25941e-09
-9.65402e-09
2.76938e-08
-3.45833e-09
4.8202e-09
7.52561e-09
3.00835e-08
3.33705e-09
-1.01023e-09
2.62291e-08
1.29295e-09
-3.64744e-08
1.04552e-08
-5.44918e-09
3.31042e-08
-5.96759e-10
-4.55633e-09
2.69707e-08
-2.71152e-08
6.46895e-09
3.74085e-08
2.83873e-08
4.93598e-08
1.74154e-08
4.42368e-08
3.02096e-08
4.81646e-08
1.05835e-08
2.64717e-08
5.64867e-08
1.53415e-08
8.19363e-08
4.08765e-08
4.56571e-08
4.84251e-08
2.66024e-08
1.56206e-08
2.42926e-08
7.39402e-08
4.09292e-08
3.49527e-08
2.53199e-08
6.74671e-09
4.64598e-08
1.59584e-08
2.65013e-09
2.78562e-08
6.19322e-08
3.84013e-08
3.08537e-09
4.11317e-08
-2.94209e-08
-2.32925e-08
-5.37049e-08
-7.19053e-08
-5.00742e-08
-2.67057e-08
-6.31638e-08
-2.73597e-08
-3.15899e-08
-9.36404e-08
-2.12259e-08
-6.60242e-08
-1.12782e-07
-1.87874e-08
-5.07933e-08
4.97163e-09
-5.6724e-08
-3.10406e-08
-4.89887e-08
-1.24394e-07
6.57185e-08
4.63312e-08
-1.2593e-10
9.02648e-08
7.43986e-08
2.52496e-08
6.58207e-08
1.88019e-08
4.70514e-08
2.76757e-08
1.4551e-07
1.10006e-07
4.33402e-08
1.21184e-07
1.35562e-07
4.98952e-08
1.27137e-07
1.10492e-07
1.48467e-07
1.08192e-07
8.53117e-08
1.13125e-07
1.38607e-07
1.04142e-07
1.53128e-07
1.11357e-07
1.4911e-07
1.17567e-07
1.19914e-07
2.23389e-07
-5.70371e-08
1.90673e-08
7.43462e-08
-4.63258e-08
-1.3864e-08
-2.20922e-08
-9.73297e-08
-2.33607e-08
-5.69229e-08
5.15557e-08
1.33853e-07
1.23213e-07
1.96549e-07
1.69246e-07
1.65117e-07
1.72794e-07
9.74543e-08
1.30219e-07
1.50354e-07
1.83059e-07
2.09616e-07
1.10339e-07
1.59873e-07
1.20858e-07
1.91107e-07
2.03285e-07
1.81133e-07
1.76847e-07
1.92473e-07
2.1243e-07
-1.58867e-08
-3.25264e-08
-1.04247e-07
-1.9765e-07
-1.6983e-07
-1.39315e-07
4.88136e-09
-9.75008e-08
-1.00989e-07
-1.05451e-07
-5.89911e-07
-5.2116e-07
-4.80874e-07
-5.04348e-07
-6.21122e-07
-5.19422e-07
-4.99855e-07
-6.14743e-07
-5.93865e-07
-6.28229e-07
-5.76547e-07
-5.75205e-07
-6.16079e-07
-5.2014e-07
-4.61046e-07
-4.02219e-07
-6.03281e-07
-4.97423e-07
-5.13149e-07
-6.46146e-07
-8.10292e-07
-9.72103e-07
-8.82945e-07
-8.90727e-07
-8.96458e-07
-9.30422e-07
-9.08008e-07
-7.10523e-07
-9.70823e-07
-8.83305e-07
-1.27407e-06
-1.21634e-06
-1.07332e-06
-1.32344e-06
-1.32179e-06
-1.26484e-06
-1.25143e-06
-1.27035e-06
-1.40741e-06
-1.2382e-06
-1.26494e-06
-1.1484e-06
-1.16236e-06
-1.28886e-06
-1.20349e-06
-1.12001e-06
-1.12593e-06
-1.15086e-06
-1.21055e-06
-1.1814e-06
1.54455e-06
1.59288e-06
1.62963e-06
1.57635e-06
1.61101e-06
1.6457e-06
1.53184e-06
1.54581e-06
1.53406e-06
1.47692e-06
7.01535e-06
7.05431e-06
7.13005e-06
7.32269e-06
7.16703e-06
7.14907e-06
7.12393e-06
6.92457e-06
7.00634e-06
7.03139e-06
1.25209e-05
1.2563e-05
1.26567e-05
1.26119e-05
1.25924e-05
1.25913e-05
1.24383e-05
1.25662e-05
1.2737e-05
1.26238e-05
1.20222e-05
1.18684e-05
1.19713e-05
1.18229e-05
1.18283e-05
1.18259e-05
1.16761e-05
1.17375e-05
1.20455e-05
1.19462e-05
1.20356e-05
1.20318e-05
1.19871e-05
1.21109e-05
1.22461e-05
1.20036e-05
1.22196e-05
1.21457e-05
1.23569e-05
1.23535e-05
7.46475e-07
9.83494e-07
6.17395e-07
6.42717e-07
1.3371e-06
9.86501e-07
8.04222e-07
1.03617e-06
8.49407e-07
6.51155e-07
-5.19507e-06
-5.49158e-06
-5.73471e-06
-5.26475e-06
-5.28717e-06
-5.27436e-06
-5.27694e-06
-5.48567e-06
-5.60306e-06
-5.80002e-06
-1.29561e-09
2.63074e-09
-1.44263e-09
-9.767e-10
9.71373e-10
6.96603e-10
-1.03632e-09
-4.61426e-10
3.20981e-09
5.1035e-11
-2.1569e-09
5.74346e-09
-2.15989e-09
2.12433e-10
3.647e-09
1.36712e-09
-1.13687e-09
-9.34174e-10
4.20378e-09
-2.70286e-09
-4.03951e-10
5.63629e-09
-3.70729e-09
1.6557e-10
5.24341e-09
6.35582e-10
1.84431e-09
-1.73334e-09
3.53979e-09
-3.58199e-09
1.0395e-09
2.0484e-09
-7.99358e-09
-2.91474e-09
5.15949e-09
3.74368e-09
4.34389e-09
-2.34322e-09
2.45345e-09
2.47602e-09
5.6785e-10
-6.21943e-09
-5.38357e-09
-4.38529e-09
-2.33204e-09
8.65085e-09
3.20385e-09
-4.49041e-10
-5.34185e-10
4.01191e-09
6.41534e-10
-1.24803e-08
-5.00306e-09
-2.88009e-09
-4.48956e-09
9.14273e-09
9.13008e-09
2.44968e-09
1.50247e-09
8.14491e-09
1.09283e-09
-1.49244e-08
-7.2852e-09
1.27048e-09
-5.17988e-09
3.29895e-09
1.39622e-08
-7.73488e-10
4.37976e-11
1.19715e-08
9.2868e-10
-8.26098e-09
-1.03841e-08
8.29486e-10
-7.42546e-09
2.75856e-09
1.05329e-08
-5.83284e-09
-3.79859e-09
9.59385e-09
7.8726e-10
-6.94628e-09
-6.6346e-09
-2.73249e-09
-3.15608e-09
5.07358e-09
-2.36302e-09
1.47357e-10
-9.82952e-09
4.98392e-09
-6.10691e-09
-2.06841e-08
1.4925e-10
-8.38748e-09
-9.63351e-09
2.58488e-09
-5.58891e-09
-4.01107e-09
-1.09118e-08
-6.59661e-10
-1.93806e-10
-1.33032e-08
-8.4239e-10
-1.01702e-08
-4.50248e-09
-1.35432e-09
-4.28092e-09
-6.1542e-09
-5.01647e-09
-7.59558e-09
1.4657e-10
-8.61948e-09
-1.00835e-08
4.94793e-09
8.11605e-10
-1.50196e-08
-3.61131e-09
2.76925e-09
-6.84073e-09
-1.82224e-08
-1.07476e-08
-8.61709e-09
3.99229e-09
8.30153e-10
3.92225e-09
-1.48407e-08
-8.0234e-09
5.76799e-09
-1.02317e-08
-1.05856e-08
-1.10137e-08
1.30893e-08
-1.18209e-09
-1.23969e-08
1.11374e-08
-3.00221e-09
-1.11019e-08
1.06892e-09
1.60374e-08
-3.39379e-09
-1.4029e-09
1.43735e-08
2.47338e-09
-6.99598e-09
1.14293e-08
3.36558e-09
6.42003e-09
1.09998e-08
1.67948e-08
7.10349e-09
4.42011e-09
-1.68458e-09
2.95624e-09
-6.46844e-09
-9.36616e-09
-9.45928e-11
-2.4151e-09
1.77914e-09
3.41955e-10
-4.5969e-09
-8.26262e-09
-2.93775e-09
-3.32997e-09
3.14971e-10
-1.62009e-08
-7.94959e-09
-5.45175e-09
-1.93318e-08
6.5829e-09
-5.71156e-09
-1.49956e-08
-8.03535e-09
5.66092e-09
9.09503e-09
-5.92726e-09
3.79493e-09
1.67854e-08
-1.85008e-08
1.90283e-09
1.71937e-08
6.76665e-09
-9.18635e-09
1.23666e-08
1.94749e-08
1.49547e-09
1.26746e-08
2.1697e-08
8.0329e-10
2.53839e-09
1.37474e-08
2.45618e-08
1.69681e-08
2.69171e-08
2.51419e-08
2.1639e-08
2.79591e-08
2.60205e-08
2.51524e-08
2.1587e-08
2.31756e-08
1.0152e-08
1.89954e-08
1.69682e-08
-2.3164e-09
1.71775e-08
1.77453e-08
-9.25846e-10
1.42917e-08
1.40612e-08
-2.28158e-09
4.97865e-09
-1.58025e-08
-1.18518e-09
1.57754e-09
-8.23369e-09
5.76777e-09
6.92093e-09
-9.21209e-09
1.27453e-09
-3.36859e-09
6.70115e-09
3.87308e-09
-9.03387e-09
1.16801e-08
2.07536e-09
-9.78623e-10
1.92478e-08
1.03521e-08
-2.54699e-09
-1.33753e-08
-1.20624e-08
1.75393e-08
9.99437e-09
-1.23359e-08
1.15715e-08
-1.86336e-09
-2.12741e-08
1.36404e-08
-7.64258e-09
1.61106e-08
-1.13286e-08
1.69438e-08
9.36192e-09
-6.6886e-09
8.52839e-09
1.73893e-08
1.64283e-09
1.84859e-08
5.23316e-09
1.91699e-08
1.88733e-08
3.31362e-08
-8.46958e-10
1.76188e-08
5.86088e-10
-5.44113e-10
2.31407e-08
7.95346e-09
1.02746e-08
4.15684e-09
2.75175e-08
2.74111e-08
3.10487e-08
2.61548e-08
1.77301e-08
3.16673e-08
2.88549e-08
1.60583e-08
3.17334e-08
3.41963e-08
7.07539e-08
-2.81383e-09
4.52405e-08
4.15489e-08
2.74866e-08
5.7392e-08
6.8965e-08
2.13668e-08
5.23771e-08
5.55314e-08
4.00085e-08
2.89803e-08
3.89962e-08
4.62008e-08
4.21437e-08
3.61591e-08
4.6817e-08
3.76254e-08
3.68422e-08
4.6834e-08
6.44553e-08
9.49719e-08
3.05149e-08
6.39888e-08
6.94175e-08
5.75646e-08
2.9791e-08
6.30578e-08
7.68069e-08
3.58564e-08
1.48062e-07
1.62863e-07
1.07994e-07
1.3492e-07
1.51457e-07
1.3699e-07
1.52546e-07
1.69256e-07
1.7693e-07
1.38688e-07
1.58101e-07
1.59319e-07
1.07418e-07
1.39084e-07
1.57318e-07
1.44438e-07
1.6368e-07
1.65961e-07
1.81955e-07
1.45302e-07
2.13369e-07
2.56744e-07
1.56459e-07
1.90378e-07
2.16999e-07
1.39523e-07
2.34786e-07
2.13851e-07
2.53293e-07
2.06139e-07
-1.61213e-08
5.61141e-09
1.51649e-08
8.95579e-09
2.54933e-08
-2.4576e-09
7.32141e-09
3.54924e-08
2.19912e-08
4.01882e-08
-2.17662e-07
-2.34362e-07
-9.96646e-08
-1.31244e-07
-1.53801e-07
-1.71438e-07
-1.95749e-07
-2.15651e-07
-2.4358e-07
-1.61435e-07
9.11181e-08
1.24709e-07
1.39909e-07
1.04714e-07
8.13678e-08
1.117e-07
1.26213e-07
3.32602e-08
5.20139e-08
1.11547e-07
-9.17862e-08
-7.04494e-08
-1.42421e-07
-1.1459e-07
-1.44654e-07
-1.40014e-07
-1.38916e-07
-1.67477e-07
-1.8302e-07
-1.51937e-07
1.36355e-07
1.19952e-07
1.74958e-07
2.34088e-07
1.11839e-07
1.43954e-07
1.38438e-07
9.00616e-08
1.23583e-07
1.00972e-07
-3.71792e-07
-4.3072e-07
-4.43387e-07
-4.50506e-07
-5.14833e-07
-4.29442e-07
-4.49554e-07
-4.67255e-07
-4.25382e-07
-4.29994e-07
-1.08146e-06
-1.04196e-06
-1.00029e-06
-1.04356e-06
-1.06512e-06
-1.00596e-06
-1.14194e-06
-1.09531e-06
-1.07259e-06
-1.13339e-06
-1.70721e-06
-1.84947e-06
-1.77871e-06
-1.78455e-06
-1.68065e-06
-1.64877e-06
-1.85659e-06
-1.6889e-06
-1.73726e-06
-1.77572e-06
-1.40057e-06
-1.5722e-06
-1.50265e-06
-1.6451e-06
-1.50353e-06
-1.44065e-06
-1.37901e-06
-1.3037e-06
-1.60946e-06
-1.45104e-06
-1.68125e-06
-1.55955e-06
-1.39651e-06
-1.68624e-06
-1.69999e-06
-1.53194e-06
-1.61539e-06
-1.37404e-06
-1.36361e-06
-1.3142e-06
1.38066e-06
1.40898e-06
1.44919e-06
1.37668e-06
1.38462e-06
1.39309e-06
1.42268e-06
1.42102e-06
1.48033e-06
1.47709e-06
7.55278e-06
7.58636e-06
7.59132e-06
7.63432e-06
7.59613e-06
7.83743e-06
7.89154e-06
7.4181e-06
7.46225e-06
7.53843e-06
1.11129e-05
1.09442e-05
1.10266e-05
1.11004e-05
1.1063e-05
1.11309e-05
1.08401e-05
1.05908e-05
1.117e-05
1.11594e-05
1.44885e-05
1.42706e-05
1.41503e-05
1.44697e-05
1.46671e-05
1.42064e-05
1.42368e-05
1.47736e-05
1.44585e-05
1.41645e-05
1.33102e-05
1.35011e-05
1.33328e-05
1.37327e-05
1.38579e-05
1.33145e-05
1.34959e-05
1.38316e-05
1.34029e-05
1.34002e-05
2.69983e-06
2.70074e-06
2.91514e-06
2.8377e-06
2.60891e-06
2.49457e-06
3.27132e-06
2.75244e-06
2.5133e-06
2.83661e-06
-5.62082e-06
-5.54372e-06
-5.71156e-06
-5.7851e-06
-6.01944e-06
-5.43101e-06
-5.49586e-06
-5.64939e-06
-5.51421e-06
-5.71211e-06
1.84538e-09
-9.84987e-10
-4.00096e-09
-1.11009e-10
2.65154e-10
-9.92264e-10
8.734e-10
6.32661e-10
8.04638e-10
-4.88915e-10
3.55547e-09
-2.74887e-09
-4.6697e-09
6.22585e-10
-1.20124e-09
-4.63058e-09
2.3591e-09
1.66845e-09
1.73695e-10
-1.81047e-09
3.74975e-09
-3.48931e-09
-7.98669e-09
5.12861e-09
-1.71316e-09
-4.5743e-09
4.58752e-10
2.76757e-09
-1.98801e-09
-2.5647e-09
-3.46056e-11
-3.04109e-09
-1.09942e-08
1.09091e-08
-5.78054e-10
-4.99369e-09
1.75242e-10
4.84119e-09
-3.57981e-09
-3.66872e-09
-6.69188e-09
-1.68256e-10
-2.85881e-09
6.29346e-09
2.20046e-09
-3.4556e-09
7.05321e-09
-6.54542e-10
-9.21261e-10
-4.59473e-09
-1.10758e-08
2.5426e-09
2.97046e-09
1.29498e-10
2.01439e-09
4.57463e-09
6.82248e-09
-4.19087e-09
1.75918e-09
-3.82034e-09
-1.1962e-08
1.37048e-09
5.23517e-09
2.72292e-09
4.5358e-09
1.1992e-08
4.7601e-09
-3.03866e-09
5.77301e-09
-3.1662e-09
-6.07645e-09
-6.41343e-09
9.37251e-09
5.17748e-09
5.65052e-09
8.6503e-09
1.07409e-09
-5.45843e-09
3.67879e-09
-2.56968e-09
-4.69051e-09
-9.60113e-09
1.65827e-08
2.33928e-09
1.34943e-09
1.56976e-09
-4.62028e-09
-1.01589e-08
-2.49304e-09
3.5275e-09
-6.59625e-09
-8.70394e-09
1.79426e-08
8.84803e-10
1.67871e-08
-3.78925e-09
-6.88244e-09
-8.26073e-09
-8.09662e-09
3.49615e-09
-5.50398e-09
-8.86495e-09
1.05121e-08
2.09831e-09
1.86142e-08
-1.61007e-09
-3.50047e-09
9.71606e-10
-8.31769e-09
-3.22195e-09
5.07422e-10
-2.79195e-09
7.60901e-09
6.64913e-09
4.77541e-09
-5.45512e-09
3.93846e-09
3.06242e-09
-1.13252e-08
1.31125e-10
-9.86081e-10
9.2613e-09
6.40333e-09
5.00952e-09
-9.73987e-09
-1.58406e-08
5.19636e-10
2.93468e-09
-1.37491e-08
-1.49919e-09
-8.64897e-09
3.83838e-10
-1.78828e-08
-8.65239e-09
-4.71814e-09
-2.43059e-08
-2.44621e-09
2.66976e-09
-2.43516e-09
-1.25866e-08
-1.77363e-09
-6.29418e-09
-2.50505e-08
1.61124e-09
2.94516e-09
-1.55636e-08
2.37178e-09
5.32138e-09
-2.62489e-10
-1.33096e-08
1.8141e-08
8.79425e-10
-8.39358e-10
6.46417e-10
1.76064e-08
1.38878e-08
5.92666e-10
2.27557e-08
3.46992e-10
-2.70447e-09
1.38676e-08
3.91444e-09
2.14449e-08
-3.31855e-09
2.53662e-09
1.57198e-08
-6.19912e-10
8.77292e-09
1.53762e-08
1.40706e-08
2.05532e-09
2.23617e-08
1.671e-08
1.45136e-08
6.24557e-09
9.71907e-09
1.74795e-08
4.34271e-09
1.95077e-08
2.3181e-08
4.29402e-09
1.33406e-08
1.39044e-08
1.51037e-08
7.53451e-09
2.17163e-08
2.5689e-08
5.86842e-09
2.12298e-08
2.91935e-08
-4.7585e-09
4.07745e-09
-6.44016e-09
-2.75558e-09
7.31689e-09
2.70534e-11
-6.78624e-10
1.58529e-08
2.63449e-09
-1.30717e-08
-4.05244e-09
1.92989e-08
-1.36972e-08
-2.31888e-09
2.13272e-08
2.84082e-09
-9.19453e-09
1.69396e-08
5.71396e-09
-3.92628e-09
4.49143e-10
-2.20945e-08
1.97829e-08
2.04623e-08
-4.14619e-09
1.60103e-08
1.61642e-08
4.55075e-09
-5.10467e-09
2.57622e-08
1.15709e-08
-1.52343e-08
-9.96663e-09
8.78897e-09
-2.22695e-08
1.96368e-08
5.55385e-09
-1.19274e-08
-1.87699e-08
4.51517e-09
1.82099e-08
4.66871e-09
-1.84223e-08
-4.21659e-09
-8.00875e-09
1.29541e-08
-2.58065e-09
1.90992e-09
1.7381e-08
8.34019e-12
1.29596e-08
2.45967e-08
-1.88712e-08
1.18668e-08
2.16508e-08
-1.15598e-09
7.13512e-09
1.00654e-08
1.265e-08
6.67647e-09
2.95454e-08
1.2655e-09
7.38212e-09
2.2151e-08
-9.8757e-09
2.52937e-09
1.23598e-08
8.72387e-09
1.62637e-08
1.47024e-08
-2.45592e-08
-3.68295e-08
8.12121e-09
-1.68216e-08
-2.03511e-08
-1.5612e-08
-1.38044e-08
-2.06834e-08
-2.32642e-08
-2.22938e-08
-5.49e-08
1.51769e-08
-3.03723e-08
-5.27147e-08
7.21138e-09
-1.31084e-08
-2.13654e-08
-4.32697e-08
-1.78846e-08
-2.82895e-08
2.42908e-09
-1.63234e-08
-2.92001e-09
-1.87315e-08
1.90917e-08
-4.13623e-08
-1.95325e-08
-3.31289e-09
-3.13005e-08
-7.37978e-09
-4.00176e-08
-4.61936e-08
-2.12802e-08
6.59348e-10
-1.70815e-08
-5.3883e-08
-2.26834e-08
-5.10289e-08
-6.05488e-08
-2.47479e-08
5.54702e-08
9.56497e-08
8.96748e-08
6.8656e-08
3.48261e-08
8.47978e-08
6.75275e-08
4.91231e-08
1.16231e-07
1.10994e-07
5.18234e-08
4.2965e-08
3.43381e-08
-9.16112e-09
-1.10511e-08
5.34395e-09
-1.01289e-08
4.51082e-08
3.69805e-08
3.58031e-10
-3.74719e-08
-3.30733e-08
-4.99554e-08
-4.08967e-08
-2.0685e-09
-2.60449e-08
-4.07384e-08
-1.025e-08
-2.41697e-08
-2.74939e-08
-1.97222e-08
-2.16761e-08
-4.41102e-08
2.54611e-08
3.79189e-09
-6.74041e-09
-5.19075e-08
-3.91791e-08
-4.21927e-08
1.10881e-09
-1.05796e-07
-4.46717e-08
-2.44348e-08
-5.43432e-08
-5.94954e-08
-8.63387e-08
-8.25691e-08
-9.60168e-08
-8.89152e-08
-3.7585e-08
-1.52001e-07
-1.08328e-07
-4.42884e-08
-3.60182e-08
-5.74434e-08
-1.37952e-07
7.06879e-08
-1.72602e-08
-9.38987e-08
-9.46622e-08
-1.17787e-07
1.81144e-08
-5.54609e-08
-9.66049e-09
-4.77265e-08
-7.56918e-08
-5.67477e-08
-6.47651e-08
-6.56083e-08
-7.6763e-08
-2.56826e-07
-2.48991e-07
-3.81536e-07
-1.79056e-07
-2.67623e-07
-2.58651e-07
-3.4416e-07
-3.91894e-07
-3.45894e-07
-3.17225e-07
-2.32787e-07
-3.66136e-07
-3.47698e-07
-2.31681e-07
-3.69076e-07
-2.5978e-07
-2.93034e-07
-4.03071e-07
-3.4495e-07
-3.7383e-07
1.41011e-07
7.25258e-08
2.02991e-07
8.34141e-08
1.12823e-07
2.90169e-07
7.65785e-08
1.61109e-07
1.65139e-07
3.94844e-08
-1.43301e-06
-1.62981e-06
-1.54172e-06
-1.66078e-06
-1.56325e-06
-1.53587e-06
-1.54013e-06
-1.42709e-06
-1.68456e-06
-1.57579e-06
-1.73166e-06
-1.67455e-06
-1.55651e-06
-1.84961e-06
-1.83875e-06
-1.71916e-06
-1.67266e-06
-1.66958e-06
-1.83217e-06
-1.7013e-06
-1.33915e-06
-1.41576e-06
-1.46302e-06
-1.58421e-06
-1.51598e-06
-1.46705e-06
-1.51798e-06
-1.57364e-06
-1.3418e-06
-1.19194e-06
6.89085e-07
6.54283e-07
7.10833e-07
6.65994e-07
6.92543e-07
6.44208e-07
4.73521e-07
5.71835e-07
6.70801e-07
6.7848e-07
3.86081e-06
4.00216e-06
4.0864e-06
4.06764e-06
4.1404e-06
4.18857e-06
4.22776e-06
4.11647e-06
3.97178e-06
3.88087e-06
8.29581e-06
8.19201e-06
8.24526e-06
8.18327e-06
8.12463e-06
8.21816e-06
8.134e-06
8.19452e-06
8.33057e-06
8.25031e-06
5.30325e-06
5.16562e-06
5.22807e-06
5.27539e-06
5.15754e-06
5.126e-06
4.90369e-06
5.14735e-06
5.3873e-06
5.32783e-06
3.11395e-06
3.05779e-06
3.31011e-06
3.25488e-06
3.57733e-06
3.46386e-06
3.47358e-06
3.55699e-06
3.82049e-06
3.71698e-06
-1.80082e-06
-1.35065e-06
-1.68206e-06
-1.80789e-06
-1.31111e-06
-1.51384e-06
-1.63603e-06
-1.18102e-06
-1.05922e-06
-1.5339e-06
-8.07615e-06
-8.29876e-06
-8.41278e-06
-8.03085e-06
-8.43024e-06
-8.34228e-06
-8.03756e-06
-8.35817e-06
-8.33915e-06
-8.25043e-06
1.33789e-09
-2.81962e-09
1.38508e-10
1.03889e-09
5.0242e-10
-8.73019e-11
1.41654e-09
-2.37658e-10
-2.14206e-09
-6.88488e-10
2.92098e-09
-5.53627e-09
2.98467e-10
3.20008e-09
1.11154e-09
-1.66005e-09
1.13624e-09
1.49575e-10
-5.13095e-09
-2.17709e-09
3.56567e-09
-7.69653e-09
-2.78369e-10
5.97985e-09
-1.87015e-09
-3.50441e-09
-3.41128e-09
-1.08599e-09
-6.77474e-09
-1.57091e-09
3.38556e-09
-6.17361e-09
1.01573e-09
9.10395e-09
-5.96474e-09
-5.51814e-09
-9.37074e-10
2.94073e-11
-4.47524e-09
2.68626e-09
2.38924e-09
-7.84316e-10
4.93345e-09
2.12766e-09
-1.60488e-09
-1.92859e-09
-1.08877e-09
-2.16328e-09
4.02114e-10
8.65125e-09
1.12164e-09
8.0958e-09
4.89699e-09
-4.03887e-09
-1.10474e-09
4.73236e-09
-3.86469e-09
-4.79356e-09
8.38739e-10
9.03622e-09
2.31819e-10
9.11e-09
7.11364e-09
-5.34326e-09
-2.31061e-09
8.94774e-09
-6.59422e-09
-4.58112e-09
8.34672e-09
5.54852e-09
-3.07542e-09
3.70183e-09
9.26635e-09
-4.66484e-09
-5.54445e-09
4.94877e-09
-9.09787e-09
1.96343e-10
1.47074e-08
5.60646e-09
-3.50135e-09
5.15937e-09
9.08065e-09
1.72626e-09
-6.88811e-09
4.90353e-10
-5.0605e-09
-6.05684e-10
1.27401e-08
4.09893e-09
1.83797e-09
1.41081e-08
1.50251e-08
8.043e-09
-1.53778e-09
-6.79419e-09
-8.77578e-10
-4.69019e-09
7.74069e-09
1.04703e-08
5.02135e-09
1.53895e-08
2.42991e-08
1.57293e-08
5.09565e-09
-8.65551e-09
6.37019e-10
-8.63075e-10
5.50212e-11
8.20508e-09
9.26379e-09
3.16954e-09
1.40795e-08
8.04872e-09
-1.11744e-09
1.25576e-09
6.67959e-09
-2.54917e-10
-7.06928e-09
1.26422e-08
1.46724e-08
3.06356e-09
5.09182e-09
8.82488e-09
6.47156e-09
6.13356e-09
1.11913e-08
1.61856e-09
-1.0648e-09
1.53702e-08
1.08338e-08
3.74319e-09
-8.94218e-09
9.23526e-09
1.48545e-08
2.23962e-09
2.11034e-08
1.5496e-08
-4.62151e-09
-2.34142e-09
1.09695e-08
-1.30728e-09
-1.48926e-08
1.80608e-08
9.22329e-09
-5.04896e-09
6.28527e-09
1.14504e-08
-1.46423e-08
-1.14028e-08
1.38551e-08
7.9715e-09
6.28252e-09
7.75645e-09
2.20082e-08
4.02415e-09
-3.70287e-09
1.50547e-08
3.91979e-10
6.05072e-09
5.61464e-10
1.39037e-08
-1.19623e-09
-9.23869e-09
1.98728e-08
1.50124e-09
8.2119e-09
2.232e-08
7.99951e-09
1.25048e-08
-2.16296e-08
-4.31572e-09
8.22141e-09
-2.89517e-08
-4.48547e-09
1.09524e-09
-1.81583e-08
-1.79595e-08
-8.36134e-10
-1.34084e-08
-1.43507e-08
2.70559e-09
6.85344e-09
-6.94943e-09
5.62188e-09
3.46831e-09
-1.55566e-08
1.34427e-09
-1.43974e-09
-1.57363e-08
2.23907e-09
-1.31914e-09
-1.62179e-08
-1.14617e-08
-3.90352e-10
-1.92153e-08
-1.41982e-08
1.29693e-08
-1.76129e-08
-2.17417e-08
-7.03048e-10
-2.4104e-08
-1.97558e-08
-1.06468e-09
-1.73773e-08
-3.50549e-08
-1.32352e-08
-9.49992e-09
-3.80881e-08
-1.94498e-08
-2.21291e-08
4.46843e-09
-3.52115e-09
-2.9242e-09
1.79973e-10
-1.60679e-09
-1.0928e-08
-2.09946e-09
-1.15101e-10
-6.07446e-09
-1.0674e-08
3.02143e-09
1.35917e-08
-3.03862e-08
-1.14176e-08
1.05385e-08
-4.13552e-08
-9.83587e-09
7.52698e-09
-2.79516e-09
4.62591e-08
-1.07574e-08
-2.89648e-08
3.42708e-08
-7.12137e-09
2.44598e-09
1.23461e-08
-9.64123e-09
4.17784e-09
-1.21669e-08
1.57154e-08
-8.6374e-09
-1.49181e-09
2.47407e-08
6.15414e-09
-5.64558e-09
1.75417e-08
5.32851e-09
1.53982e-08
1.28915e-08
-1.20079e-08
-2.7871e-08
-3.19331e-09
-1.74832e-08
-1.65331e-09
9.85407e-10
9.9694e-09
7.84754e-09
8.34757e-09
2.71251e-08
-2.23602e-08
-1.08996e-08
-2.67227e-08
-8.94821e-09
-2.74867e-08
-3.4875e-08
-1.27571e-08
-6.17955e-09
-2.07879e-08
-5.16546e-09
-6.44336e-08
3.33735e-08
-2.82094e-08
-4.79998e-08
9.61924e-09
-4.74348e-08
-2.81108e-08
1.50039e-08
-5.46286e-08
-1.96049e-08
-7.2215e-08
-4.02354e-08
-3.29791e-08
-6.01395e-08
2.40737e-09
-1.7604e-08
-6.31966e-08
-3.09281e-08
-1.43973e-08
-4.88817e-08
-2.48636e-08
6.47266e-09
6.46105e-09
-8.47583e-10
1.25321e-08
-5.01581e-09
1.65598e-08
-7.35477e-09
2.80549e-08
2.73173e-08
-3.3352e-08
-9.35863e-09
-7.6891e-08
-1.91819e-08
-2.6961e-08
-8.7315e-08
-4.23376e-09
-4.09426e-08
-6.25799e-08
-1.4806e-08
-8.32415e-08
-7.17538e-08
-8.94582e-08
-9.34501e-08
-8.96299e-08
-9.72617e-08
-9.20636e-08
-1.1141e-07
-7.82211e-08
-6.58024e-08
2.7272e-08
6.2336e-09
-2.93685e-08
-3.91352e-08
-1.6627e-08
-4.2889e-08
-2.51975e-08
-3.48094e-08
-4.08728e-08
-4.53317e-09
4.41687e-09
9.82128e-09
5.26339e-08
-2.31903e-09
-5.73886e-09
5.96874e-08
2.91868e-08
1.23149e-08
3.06458e-09
3.2735e-08
-7.07525e-08
-6.49564e-08
1.71608e-08
2.24518e-08
2.31812e-08
-8.63264e-09
6.55906e-09
1.46244e-08
-5.30885e-08
-4.18887e-08
-1.69011e-08
2.69279e-09
3.068e-08
2.31226e-08
2.48988e-08
-2.85083e-08
4.51805e-09
4.27955e-08
4.79465e-08
2.98443e-08
-7.06069e-08
-4.92827e-08
-6.08215e-08
-1.08416e-08
-2.74206e-08
-5.38798e-08
-3.89737e-08
-6.46955e-08
-7.77792e-08
-6.23875e-08
-2.93106e-07
-2.76138e-07
-3.63784e-07
-2.53174e-07
-2.50864e-07
-1.83203e-07
-2.22019e-07
-3.433e-07
-3.00931e-07
-2.96083e-07
-5.35431e-07
-5.12858e-07
-6.6076e-07
-4.63923e-07
-5.48067e-07
-5.26032e-07
-5.71615e-07
-6.45023e-07
-6.484e-07
-6.44084e-07
3.45678e-07
3.51123e-07
4.6002e-07
4.60841e-07
2.93295e-07
3.68882e-07
3.03394e-07
3.34615e-07
3.63735e-07
2.65763e-07
1.07953e-07
-5.14564e-08
1.2457e-07
-2.4301e-08
4.13622e-08
2.23419e-07
3.04354e-08
1.34828e-07
3.6352e-08
-3.39869e-08
-6.64599e-07
-8.63563e-07
-7.27994e-07
-8.81759e-07
-7.4027e-07
-7.30162e-07
-6.46743e-07
-6.04841e-07
-8.82592e-07
-7.53423e-07
3.07253e-08
7.76192e-08
1.55621e-07
-1.78135e-07
-1.52692e-07
-7.94287e-08
-8.81396e-09
-1.1678e-07
-1.33385e-07
6.2367e-08
-1.38028e-06
-1.3848e-06
-1.3803e-06
-1.45056e-06
-1.36929e-06
-1.29857e-06
-1.3705e-06
-1.52687e-06
-1.41921e-06
-1.37861e-06
-3.0189e-06
-3.00323e-06
-2.90822e-06
-2.89474e-06
-2.96585e-06
-2.52402e-06
-2.58404e-06
-2.80453e-06
-2.63686e-06
-2.64167e-06
1.62027e-06
1.5146e-06
1.6392e-06
1.77614e-06
1.37727e-06
1.40759e-06
1.25291e-06
1.02864e-06
1.59464e-06
1.53666e-06
4.70081e-06
4.41276e-06
4.33283e-06
4.65297e-06
4.73025e-06
4.26603e-06
4.1894e-06
4.7866e-06
4.65857e-06
4.42651e-06
1.78995e-06
1.57756e-06
1.65489e-06
1.84957e-06
1.80629e-06
1.79788e-06
1.73718e-06
1.86535e-06
1.87187e-06
1.98706e-06
-3.67708e-06
-3.63496e-06
-3.97298e-06
-3.83874e-06
-3.99104e-06
-4.24212e-06
-3.93245e-06
-4.10082e-06
-4.31002e-06
-3.72389e-06
-4.50973e-06
-4.46759e-06
-5.06219e-06
-4.69234e-06
-4.56784e-06
-4.8013e-06
-4.62523e-06
-4.63955e-06
-4.62223e-06
-4.80512e-06
)
;

boundaryField
{
    inlet
    {
        type            cyclic;
        value           nonuniform List<scalar> 
500
(
-3.16479e-10
-2.59077e-09
-2.4212e-09
-4.15938e-09
-8.17165e-09
-1.0212e-08
-6.11484e-09
-4.03089e-09
4.24793e-09
1.2014e-08
7.14757e-09
4.29116e-09
5.0862e-09
1.26446e-08
3.39667e-09
-1.73261e-08
-2.67371e-08
-3.28077e-09
2.01639e-09
4.34935e-09
1.75192e-08
2.5603e-08
2.69404e-08
1.21714e-08
1.35076e-09
-2.37797e-08
-4.78549e-08
-3.17453e-08
-3.67629e-08
-1.39207e-08
-4.73303e-08
4.92062e-08
-9.41377e-08
-8.07775e-08
2.036e-08
-7.22291e-08
-5.47699e-08
-1.10823e-07
1.23204e-07
-6.24317e-07
-1.93142e-07
-4.23455e-07
9.7847e-08
3.13892e-07
-7.86615e-07
9.65065e-07
2.94183e-06
4.13598e-06
2.32563e-06
7.75135e-07
-1.7438e-09
-3.11099e-09
-2.60116e-09
-1.75815e-09
-8.9475e-10
3.30159e-09
6.91475e-09
5.62388e-09
3.75302e-09
1.75169e-09
5.492e-10
-2.7536e-10
-2.44894e-09
3.0969e-10
-1.66846e-09
-1.48149e-08
-1.11401e-08
-4.66232e-09
-6.09988e-09
-6.18198e-09
3.03482e-09
2.48077e-08
6.3179e-10
-2.29569e-08
-1.7899e-08
-2.80489e-08
9.34607e-09
2.97719e-08
1.72299e-08
1.60321e-08
-4.39731e-08
7.82054e-08
1.26512e-07
7.19036e-08
4.49969e-08
6.46791e-08
1.34297e-07
3.6315e-09
-1.08712e-07
-2.2509e-08
-3.66866e-07
1.2207e-07
-3.92794e-07
9.0925e-08
2.0335e-08
1.29337e-06
2.63187e-06
1.32634e-06
-3.13298e-07
-1.58085e-06
5.47985e-10
1.46216e-09
1.78256e-09
1.58577e-09
2.23835e-09
4.03226e-09
6.76346e-09
2.53955e-09
-5.02122e-09
-1.2759e-08
-5.97285e-09
-2.61716e-09
-3.24036e-09
-5.21e-11
1.86439e-09
8.49026e-09
2.26204e-09
-1.14747e-08
-2.76423e-09
4.91115e-09
-1.2788e-08
-1.98317e-08
2.10905e-10
-1.69501e-09
-8.44094e-09
2.30373e-08
2.7697e-08
5.02972e-08
3.95534e-08
5.31139e-08
4.82464e-08
4.79523e-08
1.32292e-07
8.1135e-09
-8.26306e-08
3.01804e-08
-8.2279e-09
2.23294e-07
1.29415e-07
-1.4147e-07
1.3837e-07
3.53005e-07
3.4834e-07
1.01061e-06
1.79281e-06
-1.04715e-06
-6.718e-07
-9.75e-08
5.4766e-07
3.43515e-07
1.66626e-09
3.17712e-09
1.75734e-09
-1.85632e-09
-3.94056e-09
-6.02204e-09
-7.60874e-09
-1.75471e-09
-4.44722e-09
-6.61284e-09
-1.858e-09
-6.24369e-10
-8.99669e-09
-1.48588e-08
-2.14376e-09
1.89891e-08
2.51563e-08
1.11082e-08
6.75548e-09
-1.87157e-09
-8.94667e-09
-1.99959e-08
-7.87905e-09
7.55716e-09
2.00078e-08
4.08671e-08
1.49961e-08
-1.7076e-09
3.41628e-08
3.98625e-09
6.7558e-08
-8.89005e-09
-9.68444e-08
-3.01021e-08
-1.06425e-07
-1.24624e-07
-1.47513e-08
-3.19795e-08
2.61295e-07
6.62776e-07
3.25985e-07
2.976e-08
5.2525e-08
3.42577e-07
1.30002e-06
-1.61875e-07
-6.07923e-06
-6.07277e-06
-3.08547e-06
-1.1098e-06
1.85507e-10
-3.50205e-10
-1.26367e-09
-1.17316e-09
1.05096e-09
7.62783e-10
-2.90478e-09
-3.22634e-09
-4.13654e-09
1.2958e-09
-3.9625e-10
3.75169e-09
9.31843e-09
2.94483e-09
4.18115e-09
9.98246e-09
6.56698e-09
-1.76625e-09
-1.345e-10
7.63154e-09
7.57426e-10
-6.91684e-09
-1.00742e-08
1.39573e-08
6.73816e-09
-1.30679e-08
-6.53252e-09
-3.05563e-08
-4.48119e-08
-5.23185e-08
-2.337e-08
-1.27522e-07
-3.25268e-08
4.27352e-09
-1.01034e-07
-8.50505e-08
-9.6015e-08
3.8402e-08
-1.45925e-07
2.50125e-08
3.85738e-07
-2.14475e-08
-2.32568e-07
-1.70436e-06
-2.46827e-06
-9.0507e-07
1.83369e-06
3.35495e-07
3.3777e-07
1.62666e-06
-3.16479e-10
-2.59077e-09
-2.4212e-09
-4.15938e-09
-8.17165e-09
-1.0212e-08
-6.11484e-09
-4.03089e-09
4.24793e-09
1.2014e-08
7.14758e-09
4.29116e-09
5.0862e-09
1.26446e-08
3.39667e-09
-1.73261e-08
-2.67371e-08
-3.28077e-09
2.01639e-09
4.34935e-09
1.75192e-08
2.5603e-08
2.69404e-08
1.21714e-08
1.35076e-09
-2.37797e-08
-4.78549e-08
-3.17453e-08
-3.67629e-08
-1.39207e-08
-4.73303e-08
4.92062e-08
-9.41377e-08
-8.07775e-08
2.03601e-08
-7.22291e-08
-5.47699e-08
-1.10823e-07
1.23204e-07
-6.24317e-07
-1.93142e-07
-4.23455e-07
9.7847e-08
3.13892e-07
-7.86615e-07
9.65065e-07
2.94183e-06
4.13598e-06
2.32563e-06
7.75135e-07
-1.7438e-09
-3.11099e-09
-2.60116e-09
-1.75815e-09
-8.9475e-10
3.30159e-09
6.91475e-09
5.62388e-09
3.75302e-09
1.75169e-09
5.492e-10
-2.7536e-10
-2.44894e-09
3.0969e-10
-1.66846e-09
-1.48149e-08
-1.11401e-08
-4.66232e-09
-6.09988e-09
-6.18198e-09
3.03482e-09
2.48077e-08
6.3179e-10
-2.29569e-08
-1.7899e-08
-2.80489e-08
9.34607e-09
2.97719e-08
1.72299e-08
1.60321e-08
-4.39731e-08
7.82054e-08
1.26512e-07
7.19037e-08
4.49969e-08
6.46791e-08
1.34297e-07
3.6315e-09
-1.08712e-07
-2.2509e-08
-3.66866e-07
1.2207e-07
-3.92794e-07
9.0925e-08
2.0335e-08
1.29337e-06
2.63187e-06
1.32634e-06
-3.13298e-07
-1.58085e-06
5.47985e-10
1.46216e-09
1.78256e-09
1.58577e-09
2.23835e-09
4.03226e-09
6.76347e-09
2.53955e-09
-5.02122e-09
-1.2759e-08
-5.97285e-09
-2.61716e-09
-3.24036e-09
-5.21e-11
1.86439e-09
8.49026e-09
2.26204e-09
-1.14747e-08
-2.76423e-09
4.91115e-09
-1.2788e-08
-1.98317e-08
2.10905e-10
-1.69501e-09
-8.44094e-09
2.30374e-08
2.76971e-08
5.02972e-08
3.95534e-08
5.31139e-08
4.82464e-08
4.79523e-08
1.32292e-07
8.1135e-09
-8.26306e-08
3.01804e-08
-8.2279e-09
2.23294e-07
1.29415e-07
-1.4147e-07
1.3837e-07
3.53005e-07
3.4834e-07
1.01061e-06
1.79281e-06
-1.04715e-06
-6.718e-07
-9.75e-08
5.4766e-07
3.43515e-07
1.66626e-09
3.17712e-09
1.75734e-09
-1.85632e-09
-3.94056e-09
-6.02204e-09
-7.60874e-09
-1.75471e-09
-4.44722e-09
-6.61284e-09
-1.858e-09
-6.24369e-10
-8.99669e-09
-1.48588e-08
-2.14376e-09
1.89891e-08
2.51563e-08
1.11082e-08
6.75548e-09
-1.87157e-09
-8.94667e-09
-1.99959e-08
-7.87905e-09
7.55716e-09
2.00078e-08
4.08671e-08
1.49961e-08
-1.7076e-09
3.41628e-08
3.98625e-09
6.7558e-08
-8.89005e-09
-9.68445e-08
-3.01021e-08
-1.06426e-07
-1.24624e-07
-1.47513e-08
-3.19795e-08
2.61295e-07
6.62776e-07
3.25985e-07
2.976e-08
5.2525e-08
3.42577e-07
1.30002e-06
-1.61875e-07
-6.07923e-06
-6.07277e-06
-3.08547e-06
-1.1098e-06
1.85507e-10
-3.50205e-10
-1.26367e-09
-1.17316e-09
1.05096e-09
7.62783e-10
-2.90478e-09
-3.22634e-09
-4.13654e-09
1.2958e-09
-3.9625e-10
3.75169e-09
9.31843e-09
2.94483e-09
4.18115e-09
9.98246e-09
6.56698e-09
-1.76625e-09
-1.345e-10
7.63154e-09
7.57426e-10
-6.91684e-09
-1.00742e-08
1.39573e-08
6.73816e-09
-1.30679e-08
-6.53252e-09
-3.05563e-08
-4.48119e-08
-5.23185e-08
-2.337e-08
-1.27522e-07
-3.25268e-08
4.27352e-09
-1.01034e-07
-8.50505e-08
-9.6015e-08
3.8402e-08
-1.45924e-07
2.50125e-08
3.85738e-07
-2.14475e-08
-2.32568e-07
-1.70436e-06
-2.46827e-06
-9.0507e-07
1.83369e-06
3.35495e-07
3.3777e-07
1.62666e-06
)
;
    }
    outlet
    {
        type            cyclic;
        value           nonuniform List<scalar> 
500
(
-1.67819e-10
2.55015e-10
3.51782e-10
-1.0599e-09
-8.57613e-10
-6.02409e-10
-3.42212e-09
-1.39119e-09
-9.39165e-10
5.17185e-10
6.2762e-10
9.16002e-09
8.51205e-09
-4.74486e-09
3.3591e-10
-1.70838e-09
-4.34876e-09
-6.86624e-09
-1.74888e-08
3.4018e-09
2.08594e-08
3.48353e-09
1.00668e-08
5.14708e-09
1.70429e-09
-4.35142e-10
-2.18832e-08
-5.6048e-08
-3.85144e-08
-2.74714e-08
-7.11823e-08
5.11297e-08
-5.80463e-08
-4.22861e-08
1.03942e-07
-4.77763e-08
-4.85921e-08
-1.54155e-07
6.19804e-08
-7.04388e-07
-3.12283e-07
-4.09614e-07
2.32344e-07
2.99841e-07
-7.6656e-07
9.4005e-07
2.77504e-06
4.19207e-06
2.48552e-06
9.14099e-07
4.69077e-10
2.02495e-10
1.61659e-09
-4.60677e-10
-4.67435e-09
-3.07314e-09
3.00455e-09
5.80813e-09
7.70971e-09
7.06408e-09
-3.23449e-09
-1.15596e-08
-3.86214e-09
1.25837e-08
5.0159e-09
-5.74949e-09
-6.202e-10
-8.03948e-09
-9.72072e-09
-9.00556e-09
-3.37475e-09
1.07899e-08
1.66537e-08
-1.16166e-08
-2.00502e-08
-3.46455e-09
-7.66765e-09
2.1488e-09
1.00772e-08
-2.44233e-08
-7.8571e-08
7.62044e-08
1.4852e-07
1.54965e-07
9.60403e-08
1.00278e-07
1.44184e-07
-5.64453e-08
-1.79114e-07
-9.6485e-08
-4.44873e-07
5.3205e-08
-3.6008e-07
6.9245e-08
2.35315e-07
1.36124e-06
2.40074e-06
1.39137e-06
-4.30082e-07
-2.00691e-06
3.05593e-10
1.76975e-10
1.24089e-09
5.91915e-09
3.30563e-09
4.18711e-09
5.21845e-09
3.58872e-09
3.84816e-09
9.2326e-10
-2.3519e-09
-9.26181e-09
-6.72792e-09
6.34155e-09
1.38054e-08
-7.7639e-09
-8.62043e-09
7.03327e-09
4.3806e-09
-1.273e-10
-1.31968e-08
-6.6908e-09
7.741e-10
1.00169e-08
-2.6237e-09
1.10961e-09
3.50388e-08
5.19741e-08
2.51366e-08
4.10417e-08
4.8898e-08
3.58874e-08
1.26435e-07
1.20905e-09
-2.8222e-08
9.95365e-08
-2.67466e-08
1.73116e-07
5.99275e-08
-1.88749e-07
4.201e-08
3.28755e-07
5.71795e-07
1.06275e-06
2.02768e-06
-9.7825e-07
-1.1142e-06
-9.695e-08
7.15e-07
4.7649e-07
-1.54121e-10
9.763e-10
1.06449e-09
-3.06435e-10
-1.18498e-09
-2.60544e-09
-3.92671e-09
-3.30994e-09
-4.5452e-10
-9.0002e-10
-1.99534e-09
-1.63979e-09
-1.17396e-09
-5.24676e-09
-2.8685e-10
8.43912e-09
1.22865e-08
1.69342e-08
2.36361e-08
-1.61181e-09
-3.37032e-09
-1.06565e-08
-1.44543e-08
3.9931e-09
1.116e-08
1.85998e-08
-5.8065e-09
1.33443e-08
3.81161e-08
1.21918e-08
1.20602e-07
-3.72783e-08
-1.16787e-07
-1.87942e-09
-2.14353e-08
-6.3921e-08
2.3459e-08
-6.0734e-08
1.41089e-07
5.56002e-07
2.2293e-07
-4.195e-09
2.60215e-07
3.35618e-07
1.33151e-06
-1.57715e-07
-6.24509e-06
-5.87816e-06
-2.89016e-06
-1.23591e-06
8.16221e-10
2.68738e-09
2.60687e-09
1.75387e-09
7.00195e-09
6.86471e-09
8.8805e-10
-3.6612e-10
-5.43743e-09
-3.1542e-09
2.71736e-09
7.85091e-09
1.15492e-08
-5.60892e-09
-1.02102e-08
7.78941e-09
7.39217e-09
5.873e-10
-1.10635e-08
1.5665e-10
5.13995e-09
-1.19721e-08
-1.55603e-08
-2.74901e-09
1.16986e-08
-5.7205e-09
-9.1981e-10
-1.27063e-08
-4.22089e-08
-8.7435e-09
-1.53427e-08
-1.28676e-07
-7.85836e-08
9.7243e-09
-3.41934e-08
-2.83731e-08
-8.00748e-08
6.42e-09
-2.19355e-07
-3.51225e-08
2.50836e-07
6.27045e-08
-1.87838e-07
-1.85877e-06
-2.50103e-06
-9.8556e-07
1.8332e-06
4.4959e-07
3.1694e-07
1.58072e-06
-1.67819e-10
2.55015e-10
3.51782e-10
-1.0599e-09
-8.57613e-10
-6.02409e-10
-3.42212e-09
-1.39119e-09
-9.39165e-10
5.17185e-10
6.2762e-10
9.16002e-09
8.51205e-09
-4.74486e-09
3.3591e-10
-1.70838e-09
-4.34876e-09
-6.86624e-09
-1.74888e-08
3.4018e-09
2.08594e-08
3.48353e-09
1.00668e-08
5.14708e-09
1.70429e-09
-4.35142e-10
-2.18832e-08
-5.6048e-08
-3.85144e-08
-2.74714e-08
-7.11823e-08
5.11297e-08
-5.80463e-08
-4.22861e-08
1.03942e-07
-4.77763e-08
-4.85921e-08
-1.54155e-07
6.19804e-08
-7.04388e-07
-3.12283e-07
-4.09614e-07
2.32344e-07
2.99841e-07
-7.6656e-07
9.4005e-07
2.77504e-06
4.19207e-06
2.48552e-06
9.14099e-07
4.69077e-10
2.02495e-10
1.61659e-09
-4.60677e-10
-4.67435e-09
-3.07314e-09
3.00455e-09
5.80813e-09
7.70971e-09
7.06408e-09
-3.23449e-09
-1.15596e-08
-3.86214e-09
1.25837e-08
5.0159e-09
-5.74949e-09
-6.202e-10
-8.03948e-09
-9.72072e-09
-9.00556e-09
-3.37475e-09
1.07899e-08
1.66537e-08
-1.16166e-08
-2.00502e-08
-3.46455e-09
-7.66765e-09
2.1488e-09
1.00772e-08
-2.44233e-08
-7.8571e-08
7.62044e-08
1.4852e-07
1.54965e-07
9.60403e-08
1.00278e-07
1.44184e-07
-5.64453e-08
-1.79114e-07
-9.6485e-08
-4.44873e-07
5.3205e-08
-3.6008e-07
6.9245e-08
2.35315e-07
1.36124e-06
2.40074e-06
1.39137e-06
-4.30082e-07
-2.00691e-06
3.05593e-10
1.76975e-10
1.24089e-09
5.91915e-09
3.30563e-09
4.18711e-09
5.21845e-09
3.58872e-09
3.84816e-09
9.2326e-10
-2.3519e-09
-9.26181e-09
-6.72792e-09
6.34155e-09
1.38054e-08
-7.7639e-09
-8.62043e-09
7.03327e-09
4.3806e-09
-1.273e-10
-1.31968e-08
-6.6908e-09
7.741e-10
1.00169e-08
-2.6237e-09
1.10961e-09
3.50388e-08
5.19741e-08
2.51366e-08
4.10417e-08
4.8898e-08
3.58874e-08
1.26435e-07
1.20905e-09
-2.8222e-08
9.95365e-08
-2.67466e-08
1.73116e-07
5.99275e-08
-1.88749e-07
4.201e-08
3.28755e-07
5.71795e-07
1.06275e-06
2.02768e-06
-9.7825e-07
-1.1142e-06
-9.695e-08
7.15e-07
4.7649e-07
-1.54121e-10
9.763e-10
1.06449e-09
-3.06435e-10
-1.18498e-09
-2.60544e-09
-3.92671e-09
-3.30994e-09
-4.5452e-10
-9.0002e-10
-1.99534e-09
-1.63979e-09
-1.17396e-09
-5.24676e-09
-2.8685e-10
8.43912e-09
1.22865e-08
1.69342e-08
2.36361e-08
-1.61181e-09
-3.37032e-09
-1.06565e-08
-1.44543e-08
3.9931e-09
1.116e-08
1.85998e-08
-5.8065e-09
1.33443e-08
3.81161e-08
1.21918e-08
1.20602e-07
-3.72783e-08
-1.16787e-07
-1.87942e-09
-2.14353e-08
-6.3921e-08
2.3459e-08
-6.0734e-08
1.41089e-07
5.56002e-07
2.2293e-07
-4.195e-09
2.60215e-07
3.35618e-07
1.33151e-06
-1.57715e-07
-6.24509e-06
-5.87816e-06
-2.89016e-06
-1.23591e-06
8.16221e-10
2.68738e-09
2.60687e-09
1.75387e-09
7.00195e-09
6.86471e-09
8.8805e-10
-3.6612e-10
-5.43743e-09
-3.1542e-09
2.71736e-09
7.85091e-09
1.15492e-08
-5.60892e-09
-1.02102e-08
7.78941e-09
7.39217e-09
5.873e-10
-1.10635e-08
1.5665e-10
5.13995e-09
-1.19721e-08
-1.55603e-08
-2.74901e-09
1.16986e-08
-5.7205e-09
-9.1981e-10
-1.27063e-08
-4.22089e-08
-8.7435e-09
-1.53427e-08
-1.28676e-07
-7.85836e-08
9.7243e-09
-3.41934e-08
-2.83731e-08
-8.00748e-08
6.42e-09
-2.19355e-07
-3.51225e-08
2.50836e-07
6.27045e-08
-1.87838e-07
-1.85877e-06
-2.50103e-06
-9.8556e-07
1.8332e-06
4.4959e-07
3.1694e-07
1.58072e-06
)
;
    }
    sideLeft
    {
        type            cyclic;
        value           nonuniform List<scalar> 
500
(
-3.54931e-10
-1.04889e-09
-4.45171e-10
-2.04926e-09
-5.40855e-09
-9.05108e-09
-8.68076e-09
-4.07035e-09
-9.7168e-10
2.10084e-09
1.57385e-09
7.67252e-09
4.37386e-09
5.8505e-09
-1.82736e-09
-2.51601e-08
-1.23808e-08
5.90365e-10
-9.49643e-09
2.7367e-09
2.76533e-08
1.84425e-08
1.32329e-08
-4.403e-10
-6.21649e-09
-7.76602e-09
-5.23811e-08
-4.50369e-08
-3.42965e-08
8.04161e-08
4.96239e-08
1.6015e-07
8.3524e-09
-9.85307e-08
3.40885e-09
-7.51959e-08
-1.02177e-07
-1.75979e-07
1.04765e-07
-1.86993e-07
-7.05215e-09
-8.75491e-08
5.40384e-07
-8.36994e-07
-5.0343e-06
-4.36139e-06
1.90521e-07
-1.23217e-06
-2.22277e-06
-1.05251e-06
-1.58129e-10
6.72237e-10
1.9931e-09
2.29641e-09
-6.77559e-10
-4.43936e-09
-3.52173e-09
-7.27323e-10
5.6228e-10
6.66967e-09
6.23101e-09
-1.32272e-09
-2.4861e-09
-8.07236e-09
-1.21348e-08
-7.06425e-09
-4.28638e-09
-9.36067e-09
-6.66444e-09
1.73135e-08
2.18608e-08
2.89122e-08
1.39597e-08
-8.38807e-09
-1.04097e-08
-3.2569e-09
-2.07664e-08
-3.67422e-08
-3.73064e-08
9.87427e-08
7.87664e-08
1.69767e-07
-7.983e-09
-1.15694e-07
1.13643e-08
-8.68505e-08
-9.44659e-08
-1.79587e-07
7.09911e-08
-2.99957e-07
-7.68685e-08
-9.40725e-08
5.30407e-07
-8.68833e-07
-4.99891e-06
-4.47668e-06
-6.25985e-08
-1.2638e-06
-2.01529e-06
-8.6297e-07
7.29205e-10
1.49309e-09
3.67813e-09
4.94738e-09
2.85946e-09
-1.17758e-09
-1.48717e-09
2.90465e-10
-2.08868e-09
1.89215e-09
5.18736e-09
1.29179e-09
-9.01065e-10
-5.24929e-09
1.59609e-09
-1.59686e-08
-2.23012e-08
2.80286e-09
5.62247e-09
5.5134e-09
1.32577e-08
9.59271e-09
6.21607e-09
1.48334e-08
1.11698e-08
3.08876e-09
-5.15932e-08
-4.87746e-08
-5.17413e-08
9.02811e-08
7.86935e-08
1.6576e-07
4.78921e-08
-5.90303e-08
2.60277e-08
-8.21448e-08
-1.1341e-07
-2.97883e-07
-3.2391e-08
-2.23506e-07
5.56314e-08
-4.2738e-08
4.87925e-07
-8.65109e-07
-4.98103e-06
-4.3156e-06
3.6763e-08
-1.42407e-06
-2.17477e-06
-9.82433e-07
7.571e-10
7.583e-11
-3.01488e-09
-2.58741e-09
-4.75424e-09
-5.22964e-09
-3.9973e-09
-4.46079e-09
-3.875e-11
-1.73476e-09
-5.19936e-09
7.3115e-10
9.4443e-10
-9.16362e-09
-1.04593e-08
-7.63603e-09
-7.41662e-09
-8.27789e-09
-9.02804e-09
5.58108e-09
2.50126e-08
2.69234e-08
1.83233e-08
6.9943e-09
2.92925e-09
-2.37362e-08
-5.21651e-08
-4.89158e-08
-3.67848e-08
1.02284e-07
8.30756e-08
1.48767e-07
-2.30277e-08
-1.0758e-07
4.85264e-08
-4.68421e-08
-1.03418e-07
-2.31102e-07
3.9038e-08
-2.51052e-07
-9.62235e-08
-2.54517e-07
4.47077e-07
-8.84907e-07
-4.99467e-06
-4.15539e-06
2.93388e-07
-1.27614e-06
-2.30601e-06
-1.02888e-06
-6.99899e-10
-2.82596e-09
-3.09417e-09
-3.27224e-09
-2.62882e-09
-1.33697e-09
-4.50177e-09
-3.44939e-09
7.99093e-10
-2.59075e-09
-5.90642e-09
-9.0805e-10
6.23801e-09
1.67002e-09
3.72727e-09
-4.8625e-09
-5.4246e-09
-8.19714e-09
2.67392e-09
1.8116e-08
1.66751e-08
2.16479e-09
7.2788e-09
1.53167e-08
-3.12813e-09
-3.63379e-09
-3.89402e-08
-4.81936e-08
-3.65705e-08
7.29677e-08
8.92247e-08
2.18934e-07
3.78292e-08
-9.73419e-08
4.14349e-08
-5.8677e-08
-8.95672e-08
-2.25585e-07
2.68669e-08
-2.46742e-07
-1.44046e-07
-1.47516e-07
5.04465e-07
-9.00694e-07
-4.98259e-06
-4.27326e-06
2.00448e-07
-1.1805e-06
-2.12972e-06
-1.0061e-06
-3.54931e-10
-1.04889e-09
-4.45171e-10
-2.04926e-09
-5.40855e-09
-9.05108e-09
-8.68076e-09
-4.07035e-09
-9.7168e-10
2.10084e-09
1.57385e-09
7.67252e-09
4.37386e-09
5.8505e-09
-1.82736e-09
-2.51601e-08
-1.23808e-08
5.90365e-10
-9.49643e-09
2.7367e-09
2.76533e-08
1.84425e-08
1.32329e-08
-4.403e-10
-6.21649e-09
-7.76602e-09
-5.23811e-08
-4.50369e-08
-3.42966e-08
8.04161e-08
4.96239e-08
1.6015e-07
8.3524e-09
-9.85307e-08
3.40885e-09
-7.51959e-08
-1.02177e-07
-1.75979e-07
1.04765e-07
-1.86993e-07
-7.05215e-09
-8.75491e-08
5.40385e-07
-8.36994e-07
-5.0343e-06
-4.36139e-06
1.90521e-07
-1.23217e-06
-2.22277e-06
-1.05251e-06
-1.58129e-10
6.72237e-10
1.9931e-09
2.29641e-09
-6.77559e-10
-4.43936e-09
-3.52173e-09
-7.27323e-10
5.6228e-10
6.66967e-09
6.23101e-09
-1.32272e-09
-2.4861e-09
-8.07236e-09
-1.21348e-08
-7.06425e-09
-4.28638e-09
-9.36067e-09
-6.66444e-09
1.73135e-08
2.18608e-08
2.89122e-08
1.39597e-08
-8.38807e-09
-1.04097e-08
-3.2569e-09
-2.07664e-08
-3.67422e-08
-3.73064e-08
9.87427e-08
7.87664e-08
1.69767e-07
-7.983e-09
-1.15694e-07
1.13643e-08
-8.68505e-08
-9.44659e-08
-1.79587e-07
7.09911e-08
-2.99957e-07
-7.68685e-08
-9.40725e-08
5.30407e-07
-8.68834e-07
-4.99891e-06
-4.47668e-06
-6.25985e-08
-1.2638e-06
-2.01529e-06
-8.6297e-07
7.29205e-10
1.49309e-09
3.67813e-09
4.94738e-09
2.85946e-09
-1.17758e-09
-1.48717e-09
2.90465e-10
-2.08868e-09
1.89215e-09
5.18736e-09
1.29179e-09
-9.01065e-10
-5.24929e-09
1.59609e-09
-1.59686e-08
-2.23012e-08
2.80286e-09
5.62247e-09
5.5134e-09
1.32577e-08
9.59271e-09
6.21607e-09
1.48334e-08
1.11699e-08
3.08876e-09
-5.15932e-08
-4.87746e-08
-5.17413e-08
9.02811e-08
7.86935e-08
1.6576e-07
4.78921e-08
-5.90303e-08
2.60277e-08
-8.21448e-08
-1.1341e-07
-2.97883e-07
-3.2391e-08
-2.23506e-07
5.56314e-08
-4.2738e-08
4.87925e-07
-8.65109e-07
-4.98103e-06
-4.3156e-06
3.6763e-08
-1.42407e-06
-2.17477e-06
-9.82433e-07
7.571e-10
7.583e-11
-3.01488e-09
-2.58741e-09
-4.75424e-09
-5.22964e-09
-3.9973e-09
-4.46079e-09
-3.875e-11
-1.73476e-09
-5.19936e-09
7.3115e-10
9.4443e-10
-9.16362e-09
-1.04593e-08
-7.63603e-09
-7.41662e-09
-8.27789e-09
-9.02804e-09
5.58108e-09
2.50126e-08
2.69234e-08
1.83233e-08
6.9943e-09
2.92925e-09
-2.37362e-08
-5.21651e-08
-4.89158e-08
-3.67849e-08
1.02284e-07
8.30756e-08
1.48767e-07
-2.30277e-08
-1.0758e-07
4.85265e-08
-4.68421e-08
-1.03418e-07
-2.31102e-07
3.9038e-08
-2.51052e-07
-9.62235e-08
-2.54517e-07
4.47078e-07
-8.84907e-07
-4.99467e-06
-4.1554e-06
2.93388e-07
-1.27615e-06
-2.30601e-06
-1.02888e-06
-6.99899e-10
-2.82596e-09
-3.09417e-09
-3.27224e-09
-2.62882e-09
-1.33697e-09
-4.50177e-09
-3.44939e-09
7.99093e-10
-2.59075e-09
-5.90642e-09
-9.0805e-10
6.23801e-09
1.67002e-09
3.72727e-09
-4.8625e-09
-5.4246e-09
-8.19714e-09
2.67392e-09
1.8116e-08
1.66751e-08
2.16479e-09
7.2788e-09
1.53167e-08
-3.12813e-09
-3.63379e-09
-3.89402e-08
-4.81936e-08
-3.65705e-08
7.29678e-08
8.92247e-08
2.18934e-07
3.78292e-08
-9.73419e-08
4.14349e-08
-5.8677e-08
-8.95672e-08
-2.25585e-07
2.68669e-08
-2.46742e-07
-1.44046e-07
-1.47516e-07
5.04465e-07
-9.00694e-07
-4.98259e-06
-4.27326e-06
2.00448e-07
-1.1805e-06
-2.12972e-06
-1.0061e-06
)
;
    }
    sideRight
    {
        type            cyclic;
        value           nonuniform List<scalar> 
500
(
6.25294e-10
6.30465e-10
3.063e-11
-1.06629e-09
2.30325e-10
2.927e-09
4.58978e-09
9.36675e-10
-1.5055e-09
-2.47811e-09
-1.81708e-09
5.25977e-09
1.0403e-08
6.53671e-09
2.96027e-09
8.93962e-09
1.03135e-09
-1.02672e-08
-5.44119e-09
-8.48811e-09
-1.7879e-08
-1.18679e-08
-6.775e-11
2.43525e-08
5.03491e-09
-5.51125e-09
-2.86176e-08
-5.59342e-08
-4.49095e-08
-1.49397e-08
-6.03335e-08
-9.02516e-08
-7.8085e-09
3.20521e-08
-3.96926e-08
-2.27047e-08
-6.22434e-08
-2.38155e-07
-5.30731e-07
3.5728e-07
1.65686e-07
-6.97381e-07
-2.43517e-08
-1.33942e-06
-2.77146e-06
1.51393e-06
4.48342e-06
1.79392e-06
-3.9596e-06
-4.65551e-06
-7.0154e-10
-2.20002e-09
-5.5539e-09
-3.55534e-09
-9.36543e-10
2.11556e-09
1.25789e-09
-2.69802e-09
4.9435e-11
6.61526e-09
8.01326e-09
4.92456e-09
7.12743e-09
1.24233e-08
2.489e-09
2.13431e-09
1.10578e-08
-1.1237e-08
-6.4255e-09
-7.75867e-09
-1.86696e-08
-3.22978e-09
-1.91669e-08
7.9435e-10
4.45215e-09
-8.9508e-09
-1.18284e-08
2.63135e-09
-5.1716e-08
1.15162e-08
-6.79619e-09
-8.19087e-08
-9.48195e-09
1.9504e-08
-2.91987e-08
3.60542e-09
-4.41282e-08
-2.49079e-07
-5.42236e-07
3.27259e-07
-1.05105e-08
-7.55153e-07
3.44026e-08
-1.37765e-06
-2.79363e-06
1.38376e-06
4.30108e-06
1.65737e-06
-3.78371e-06
-4.54641e-06
-4.9575e-11
2.24021e-10
-6.82179e-10
5.22569e-10
1.38509e-09
5.1715e-11
1.26626e-09
4.73135e-09
4.23748e-09
5.16746e-09
1.1718e-08
6.91229e-09
3.35519e-09
3.27691e-09
-1.7211e-09
1.06686e-08
1.05619e-08
-4.86904e-09
4.09886e-09
-1.6243e-09
-1.46279e-08
-2.81031e-09
1.87792e-09
-1.9303e-08
1.91835e-09
2.32711e-09
-1.64511e-08
-6.60275e-09
-3.19536e-08
-4.4686e-10
-5.89168e-08
-1.00434e-07
-3.2089e-08
3.24744e-08
1.58926e-08
3.67377e-08
-6.27585e-08
-3.53542e-07
-6.52892e-07
3.97317e-07
1.29699e-07
-6.66418e-07
1.94205e-08
-1.45358e-06
-2.85637e-06
1.33392e-06
4.55971e-06
1.76012e-06
-4.0369e-06
-4.85087e-06
-5.51585e-10
-9.65435e-10
-3.97445e-10
2.31436e-09
1.26489e-09
-1.60007e-09
1.50173e-09
5.02128e-09
7.23318e-09
7.89184e-09
7.89216e-09
4.8972e-10
3.88004e-09
2.30687e-09
1.70925e-09
4.07421e-09
-6.1959e-10
-1.48939e-08
-4.19459e-09
-1.45373e-08
-1.95764e-08
-1.51965e-09
-1.14296e-08
1.92243e-08
2.00695e-08
-4.56782e-09
-1.48681e-08
-5.13142e-08
-3.72684e-08
1.36037e-08
-4.08809e-08
-8.58356e-08
-4.0004e-08
3.72775e-10
-1.53184e-08
3.55345e-08
-4.43104e-08
-2.77053e-07
-5.56161e-07
4.12288e-07
6.0255e-09
-8.82176e-07
-1.5576e-07
-1.43489e-06
-2.7658e-06
1.68539e-06
4.65577e-06
1.86072e-06
-4.07438e-06
-4.65729e-06
-9.3034e-11
-5.32775e-10
-1.72053e-09
-1.63924e-09
3.52319e-09
3.96574e-09
1.61896e-09
3.1005e-11
-1.39459e-09
4.46626e-09
6.65037e-09
5.76238e-09
1.09209e-08
6.25654e-09
-1.08975e-09
1.40295e-08
1.61888e-08
-8.94693e-09
-5.05721e-09
-1.1066e-08
-1.84136e-08
-2.94724e-09
-7.10638e-09
-9.64414e-09
9.52282e-09
1.27359e-08
-1.63261e-08
-4.99283e-09
-2.32372e-08
1.99247e-08
-2.08835e-08
-7.77162e-08
-1.05801e-08
1.34981e-08
-9.35375e-09
2.73715e-08
-4.4904e-08
-2.73473e-07
-5.96075e-07
2.79529e-07
3.68765e-09
-7.46847e-07
-4.51625e-08
-1.37395e-06
-2.80376e-06
1.45696e-06
4.57838e-06
1.89667e-06
-3.85747e-06
-4.68648e-06
6.25294e-10
6.30465e-10
3.063e-11
-1.06629e-09
2.30325e-10
2.927e-09
4.58978e-09
9.36675e-10
-1.5055e-09
-2.47811e-09
-1.81708e-09
5.25977e-09
1.0403e-08
6.53671e-09
2.96027e-09
8.93962e-09
1.03135e-09
-1.02672e-08
-5.44119e-09
-8.48811e-09
-1.7879e-08
-1.18679e-08
-6.775e-11
2.43525e-08
5.03491e-09
-5.51125e-09
-2.86176e-08
-5.59342e-08
-4.49095e-08
-1.49397e-08
-6.03335e-08
-9.02516e-08
-7.8085e-09
3.20521e-08
-3.96926e-08
-2.27047e-08
-6.22434e-08
-2.38155e-07
-5.30731e-07
3.5728e-07
1.65686e-07
-6.97381e-07
-2.43517e-08
-1.33942e-06
-2.77146e-06
1.51393e-06
4.48342e-06
1.79392e-06
-3.9596e-06
-4.65551e-06
-7.0154e-10
-2.20002e-09
-5.5539e-09
-3.55534e-09
-9.36543e-10
2.11556e-09
1.25789e-09
-2.69802e-09
4.9435e-11
6.61526e-09
8.01326e-09
4.92456e-09
7.12743e-09
1.24233e-08
2.489e-09
2.13431e-09
1.10578e-08
-1.1237e-08
-6.4255e-09
-7.75867e-09
-1.86696e-08
-3.22978e-09
-1.91669e-08
7.9435e-10
4.45215e-09
-8.9508e-09
-1.18284e-08
2.63135e-09
-5.1716e-08
1.15162e-08
-6.79619e-09
-8.19087e-08
-9.48195e-09
1.9504e-08
-2.91987e-08
3.60542e-09
-4.41282e-08
-2.49079e-07
-5.42236e-07
3.27259e-07
-1.05105e-08
-7.55153e-07
3.44026e-08
-1.37765e-06
-2.79363e-06
1.38376e-06
4.30108e-06
1.65737e-06
-3.78371e-06
-4.54641e-06
-4.9575e-11
2.24021e-10
-6.82179e-10
5.22569e-10
1.38509e-09
5.1715e-11
1.26626e-09
4.73135e-09
4.23748e-09
5.16746e-09
1.1718e-08
6.91229e-09
3.35519e-09
3.27691e-09
-1.7211e-09
1.06686e-08
1.05619e-08
-4.86904e-09
4.09886e-09
-1.6243e-09
-1.46279e-08
-2.81031e-09
1.87792e-09
-1.9303e-08
1.91835e-09
2.32711e-09
-1.64511e-08
-6.60275e-09
-3.19536e-08
-4.4686e-10
-5.89168e-08
-1.00434e-07
-3.2089e-08
3.24744e-08
1.58926e-08
3.67377e-08
-6.27585e-08
-3.53542e-07
-6.52892e-07
3.97317e-07
1.29699e-07
-6.66418e-07
1.94205e-08
-1.45358e-06
-2.85637e-06
1.33392e-06
4.55971e-06
1.76012e-06
-4.0369e-06
-4.85087e-06
-5.51585e-10
-9.65435e-10
-3.97445e-10
2.31436e-09
1.26489e-09
-1.60007e-09
1.50173e-09
5.02128e-09
7.23318e-09
7.89184e-09
7.89216e-09
4.8972e-10
3.88004e-09
2.30687e-09
1.70925e-09
4.07421e-09
-6.1959e-10
-1.48939e-08
-4.19459e-09
-1.45373e-08
-1.95764e-08
-1.51965e-09
-1.14296e-08
1.92243e-08
2.00695e-08
-4.56782e-09
-1.48681e-08
-5.13142e-08
-3.72684e-08
1.36037e-08
-4.08809e-08
-8.58356e-08
-4.0004e-08
3.72775e-10
-1.53184e-08
3.55345e-08
-4.43104e-08
-2.77053e-07
-5.56161e-07
4.12288e-07
6.0255e-09
-8.82176e-07
-1.5576e-07
-1.43489e-06
-2.7658e-06
1.68539e-06
4.65577e-06
1.86072e-06
-4.07438e-06
-4.65729e-06
-9.3034e-11
-5.32775e-10
-1.72053e-09
-1.63924e-09
3.52319e-09
3.96574e-09
1.61896e-09
3.1005e-11
-1.39459e-09
4.46626e-09
6.65037e-09
5.76238e-09
1.09209e-08
6.25654e-09
-1.08975e-09
1.40295e-08
1.61888e-08
-8.94693e-09
-5.05721e-09
-1.1066e-08
-1.84136e-08
-2.94724e-09
-7.10638e-09
-9.64414e-09
9.52282e-09
1.27359e-08
-1.63261e-08
-4.99283e-09
-2.32372e-08
1.99247e-08
-2.08835e-08
-7.77162e-08
-1.05801e-08
1.34981e-08
-9.35375e-09
2.73715e-08
-4.4904e-08
-2.73473e-07
-5.96075e-07
2.79529e-07
3.68765e-09
-7.46847e-07
-4.51625e-08
-1.37395e-06
-2.80376e-06
1.45696e-06
4.57838e-06
1.89667e-06
-3.85747e-06
-4.68648e-06
)
;
    }
    top
    {
        type            symmetryPlane;
        value           uniform 0;
    }
    bottomRoughWall
    {
        type            calculated;
        value           uniform 0;
    }
}


// ************************************************************************* //
