/*--------------------------------*- C++ -*----------------------------------*\
| =========                 |                                                 |
| \\      /  F ield         | foam-extend: Open Source CFD                    |
|  \\    /   O peration     | Version:     3.2                                |
|   \\  /    A nd           | Web:         http://www.foam-extend.org         |
|    \\/     M anipulation  | For copyright notice see file Copyright         |
\*---------------------------------------------------------------------------*/
FoamFile
{
    version     2.0;
    format      ascii;
    class       volScalarField;
    location    "2000000";
    object      epsilon;
}
// * * * * * * * * * * * * * * * * * * * * * * * * * * * * * * * * * * * * * //

dimensions      [0 2 -3 0 0 0 0];

internalField   nonuniform List<scalar> 
5000
(
58.6317
58.6317
58.6318
58.632
58.6321
58.6323
58.6325
58.6326
58.6327
58.6326
26.895
26.895
26.8949
26.8949
26.8949
26.8948
26.8948
26.8948
26.8949
26.8949
15.9451
15.9451
15.945
15.945
15.945
15.945
15.9449
15.9449
15.9449
15.9449
11.2999
11.2999
11.2999
11.2999
11.2999
11.2999
11.2999
11.2998
11.2998
11.2998
8.76679
8.76679
8.76678
8.76677
8.76675
8.76674
8.76673
8.76672
8.76671
8.7667
7.15622
7.15622
7.15621
7.1562
7.15619
7.15618
7.15617
7.15616
7.15616
7.15615
6.02125
6.02125
6.02124
6.02123
6.02123
6.02122
6.02121
6.0212
6.0212
6.02119
5.16106
5.16106
5.16105
5.16105
5.16104
5.16103
5.16103
5.16102
5.16102
5.16101
4.47369
4.47368
4.47368
4.47367
4.47367
4.47366
4.47366
4.47365
4.47365
4.47364
3.90262
3.90262
3.90261
3.90261
3.9026
3.9026
3.90259
3.90259
3.90259
3.90258
3.41447
3.41447
3.41446
3.41446
3.41445
3.41445
3.41445
3.41444
3.41444
3.41443
2.98854
2.98854
2.98854
2.98853
2.98853
2.98853
2.98852
2.98852
2.98852
2.98851
2.61154
2.61154
2.61153
2.61153
2.61153
2.61152
2.61152
2.61152
2.61151
2.61151
2.27467
2.27467
2.27467
2.27466
2.27466
2.27466
2.27465
2.27465
2.27465
2.27465
1.972
1.972
1.972
1.972
1.97199
1.97199
1.97199
1.97199
1.97199
1.97198
1.69943
1.69943
1.69943
1.69943
1.69943
1.69942
1.69942
1.69942
1.69942
1.69942
1.45405
1.45405
1.45405
1.45405
1.45405
1.45405
1.45404
1.45404
1.45404
1.45404
1.23372
1.23372
1.23372
1.23372
1.23372
1.23372
1.23372
1.23372
1.23371
1.23371
1.0368
1.0368
1.0368
1.0368
1.0368
1.03679
1.03679
1.03679
1.03679
1.03679
0.861914
0.861913
0.861912
0.861911
0.861911
0.86191
0.861909
0.861908
0.861907
0.861906
0.707853
0.707852
0.707852
0.707851
0.70785
0.70785
0.707849
0.707848
0.707848
0.707846
0.573453
0.573452
0.573452
0.573452
0.573451
0.573451
0.57345
0.57345
0.573449
0.573448
0.457535
0.457535
0.457534
0.457534
0.457534
0.457533
0.457533
0.457533
0.457532
0.457532
0.358864
0.358864
0.358864
0.358863
0.358863
0.358863
0.358863
0.358863
0.358862
0.358862
0.276126
0.276126
0.276126
0.276126
0.276126
0.276126
0.276126
0.276126
0.276126
0.276125
0.207926
0.207926
0.207926
0.207926
0.207926
0.207926
0.207926
0.207926
0.207926
0.207926
0.152792
0.152792
0.152792
0.152792
0.152792
0.152792
0.152792
0.152792
0.152792
0.152792
0.109194
0.109194
0.109194
0.109194
0.109194
0.109194
0.109194
0.109195
0.109195
0.109195
0.0755788
0.0755789
0.075579
0.0755791
0.0755792
0.0755793
0.0755794
0.0755795
0.0755796
0.0755799
0.0504174
0.0504175
0.0504176
0.0504177
0.0504179
0.050418
0.0504182
0.0504183
0.0504184
0.0504188
0.0322195
0.0322196
0.0322197
0.0322199
0.03222
0.0322202
0.0322203
0.0322205
0.0322206
0.032221
0.0195737
0.0195738
0.0195739
0.0195741
0.0195742
0.0195744
0.0195745
0.0195747
0.0195748
0.0195752
0.0111919
0.011192
0.0111921
0.0111922
0.0111923
0.0111925
0.0111926
0.0111927
0.0111929
0.0111932
0.00594456
0.00594463
0.00594472
0.00594482
0.00594492
0.00594502
0.00594512
0.00594522
0.00594534
0.00594558
0.00288472
0.00288477
0.00288483
0.00288489
0.00288496
0.00288503
0.00288509
0.00288516
0.00288523
0.0028854
0.00125552
0.00125554
0.00125557
0.0012556
0.00125564
0.00125568
0.00125571
0.00125575
0.00125579
0.00125587
0.000483755
0.000483763
0.000483775
0.000483788
0.000483802
0.000483816
0.000483829
0.000483843
0.000483857
0.00048389
0.000166407
0.000166408
0.000166411
0.000166413
0.000166416
0.000166419
0.000166422
0.000166425
0.000166427
0.000166434
5.35754e-05
5.35751e-05
5.35748e-05
5.35744e-05
5.3574e-05
5.35736e-05
5.35732e-05
5.35729e-05
5.35724e-05
5.35715e-05
1.73578e-05
1.73575e-05
1.73571e-05
1.73566e-05
1.73561e-05
1.73556e-05
1.73551e-05
1.73546e-05
1.73541e-05
1.73529e-05
5.8104e-06
5.81032e-06
5.81019e-06
5.81005e-06
5.80991e-06
5.80976e-06
5.80962e-06
5.80948e-06
5.80932e-06
5.80897e-06
1.97748e-06
1.97747e-06
1.97746e-06
1.97744e-06
1.97743e-06
1.97741e-06
1.9774e-06
1.97739e-06
1.97737e-06
1.97733e-06
7.09622e-07
7.09622e-07
7.09623e-07
7.09623e-07
7.09623e-07
7.09624e-07
7.09624e-07
7.09624e-07
7.09625e-07
7.09625e-07
2.80607e-07
2.80607e-07
2.80607e-07
2.80607e-07
2.80607e-07
2.80606e-07
2.80606e-07
2.80606e-07
2.80606e-07
2.80606e-07
1.2026e-07
1.20259e-07
1.20259e-07
1.20259e-07
1.20259e-07
1.20258e-07
1.20258e-07
1.20258e-07
1.20258e-07
1.20257e-07
5.32176e-08
5.32176e-08
5.32175e-08
5.32174e-08
5.32173e-08
5.32172e-08
5.32172e-08
5.32171e-08
5.3217e-08
5.32168e-08
2.39683e-08
2.39683e-08
2.39683e-08
2.39683e-08
2.39683e-08
2.39683e-08
2.39683e-08
2.39683e-08
2.39683e-08
2.39682e-08
1.16342e-08
1.16342e-08
1.16342e-08
1.16342e-08
1.16342e-08
1.16342e-08
1.16342e-08
1.16342e-08
1.16342e-08
1.16342e-08
6.74046e-09
6.74045e-09
6.74044e-09
6.74042e-09
6.74041e-09
6.74039e-09
6.74038e-09
6.74036e-09
6.74034e-09
6.7403e-09
5.0495e-09
5.04949e-09
5.04947e-09
5.04945e-09
5.04943e-09
5.04941e-09
5.04939e-09
5.04938e-09
5.04936e-09
5.04931e-09
58.6318
58.6318
58.6319
58.6321
58.6323
58.6324
58.6326
58.6327
58.6329
58.6327
26.895
26.895
26.895
26.8949
26.8949
26.8949
26.8949
26.8949
26.8949
26.895
15.9451
15.9451
15.9451
15.9451
15.945
15.945
15.945
15.945
15.945
15.945
11.3
11.3
11.3
11.2999
11.2999
11.2999
11.2999
11.2999
11.2999
11.2999
8.76682
8.76681
8.7668
8.76679
8.76678
8.76677
8.76676
8.76675
8.76674
8.76673
7.15624
7.15624
7.15623
7.15623
7.15622
7.15621
7.1562
7.15619
7.15619
7.15618
6.02127
6.02127
6.02126
6.02126
6.02125
6.02124
6.02124
6.02123
6.02123
6.02122
5.16108
5.16108
5.16107
5.16107
5.16106
5.16106
5.16105
5.16105
5.16104
5.16103
4.4737
4.4737
4.4737
4.47369
4.47369
4.47368
4.47368
4.47367
4.47367
4.47366
3.90264
3.90263
3.90263
3.90263
3.90262
3.90262
3.90261
3.90261
3.90261
3.9026
3.41449
3.41448
3.41448
3.41448
3.41447
3.41447
3.41447
3.41446
3.41446
3.41445
2.98856
2.98855
2.98855
2.98855
2.98855
2.98854
2.98854
2.98854
2.98853
2.98853
2.61155
2.61155
2.61155
2.61154
2.61154
2.61154
2.61153
2.61153
2.61153
2.61153
2.27468
2.27468
2.27468
2.27468
2.27467
2.27467
2.27467
2.27467
2.27466
2.27466
1.97201
1.97201
1.97201
1.97201
1.97201
1.972
1.972
1.972
1.972
1.97199
1.69944
1.69944
1.69944
1.69944
1.69944
1.69944
1.69943
1.69943
1.69943
1.69943
1.45406
1.45406
1.45406
1.45406
1.45406
1.45405
1.45405
1.45405
1.45405
1.45405
1.23373
1.23373
1.23373
1.23373
1.23373
1.23373
1.23373
1.23372
1.23372
1.23372
1.03681
1.0368
1.0368
1.0368
1.0368
1.0368
1.0368
1.0368
1.0368
1.0368
0.861919
0.861918
0.861918
0.861917
0.861916
0.861915
0.861914
0.861914
0.861913
0.861911
0.707857
0.707857
0.707856
0.707855
0.707855
0.707854
0.707854
0.707853
0.707852
0.707851
0.573456
0.573456
0.573456
0.573455
0.573455
0.573454
0.573454
0.573453
0.573453
0.573452
0.457538
0.457538
0.457537
0.457537
0.457537
0.457536
0.457536
0.457536
0.457535
0.457535
0.358867
0.358866
0.358866
0.358866
0.358866
0.358866
0.358865
0.358865
0.358865
0.358865
0.276129
0.276129
0.276129
0.276129
0.276129
0.276129
0.276129
0.276128
0.276128
0.276128
0.207929
0.207929
0.207929
0.207929
0.207929
0.207929
0.207929
0.207929
0.207929
0.207929
0.152795
0.152795
0.152796
0.152796
0.152796
0.152796
0.152796
0.152796
0.152796
0.152796
0.109201
0.109201
0.109201
0.109201
0.109201
0.109201
0.109201
0.109201
0.109201
0.109201
0.0755876
0.0755876
0.0755877
0.0755878
0.075588
0.0755881
0.0755882
0.0755883
0.0755884
0.0755886
0.0504209
0.050421
0.0504211
0.0504213
0.0504214
0.0504215
0.0504217
0.0504218
0.0504219
0.0504222
0.0322205
0.0322206
0.0322207
0.0322209
0.032221
0.0322212
0.0322213
0.0322214
0.0322216
0.0322219
0.0195741
0.0195742
0.0195743
0.0195744
0.0195746
0.0195747
0.0195748
0.019575
0.0195751
0.0195755
0.0111921
0.0111921
0.0111923
0.0111924
0.0111925
0.0111926
0.0111927
0.0111929
0.011193
0.0111933
0.00594469
0.00594475
0.00594484
0.00594494
0.00594503
0.00594513
0.00594523
0.00594533
0.00594544
0.00594568
0.00288481
0.00288485
0.00288491
0.00288497
0.00288504
0.0028851
0.00288517
0.00288523
0.0028853
0.00288547
0.00125556
0.00125558
0.00125561
0.00125565
0.00125568
0.00125572
0.00125575
0.00125579
0.00125583
0.00125592
0.000483765
0.000483773
0.000483785
0.000483798
0.000483811
0.000483825
0.000483838
0.000483852
0.000483866
0.000483899
0.000166403
0.000166404
0.000166407
0.00016641
0.000166412
0.000166415
0.000166418
0.000166421
0.000166423
0.00016643
5.35677e-05
5.35674e-05
5.35671e-05
5.35667e-05
5.35663e-05
5.35659e-05
5.35656e-05
5.35652e-05
5.35648e-05
5.35638e-05
1.73546e-05
1.73543e-05
1.73539e-05
1.73534e-05
1.73529e-05
1.73525e-05
1.7352e-05
1.73515e-05
1.7351e-05
1.73498e-05
5.80958e-06
5.8095e-06
5.80937e-06
5.80923e-06
5.80909e-06
5.80895e-06
5.8088e-06
5.80866e-06
5.80851e-06
5.80815e-06
1.97731e-06
1.9773e-06
1.97729e-06
1.97727e-06
1.97726e-06
1.97724e-06
1.97723e-06
1.97721e-06
1.9772e-06
1.97716e-06
7.09588e-07
7.09588e-07
7.09588e-07
7.09588e-07
7.09589e-07
7.09589e-07
7.09589e-07
7.0959e-07
7.0959e-07
7.09591e-07
2.80597e-07
2.80597e-07
2.80597e-07
2.80597e-07
2.80597e-07
2.80596e-07
2.80596e-07
2.80596e-07
2.80596e-07
2.80595e-07
1.20259e-07
1.20258e-07
1.20258e-07
1.20258e-07
1.20258e-07
1.20257e-07
1.20257e-07
1.20257e-07
1.20257e-07
1.20256e-07
5.3218e-08
5.3218e-08
5.32179e-08
5.32178e-08
5.32177e-08
5.32177e-08
5.32176e-08
5.32175e-08
5.32174e-08
5.32172e-08
2.39686e-08
2.39686e-08
2.39686e-08
2.39686e-08
2.39686e-08
2.39686e-08
2.39686e-08
2.39685e-08
2.39685e-08
2.39685e-08
1.16343e-08
1.16343e-08
1.16343e-08
1.16342e-08
1.16342e-08
1.16342e-08
1.16342e-08
1.16342e-08
1.16342e-08
1.16342e-08
6.74045e-09
6.74044e-09
6.74043e-09
6.74041e-09
6.74039e-09
6.74038e-09
6.74036e-09
6.74035e-09
6.74033e-09
6.74029e-09
5.04948e-09
5.04947e-09
5.04945e-09
5.04943e-09
5.04942e-09
5.0494e-09
5.04938e-09
5.04936e-09
5.04934e-09
5.04929e-09
58.6319
58.6319
58.632
58.6321
58.6323
58.6325
58.6326
58.6328
58.6329
58.6328
26.8951
26.895
26.895
26.895
26.895
26.8949
26.8949
26.895
26.895
26.895
15.9451
15.9451
15.9451
15.9451
15.9451
15.945
15.945
15.945
15.945
15.945
11.3
11.3
11.3
11.3
11.2999
11.2999
11.2999
11.2999
11.2999
11.2999
8.76683
8.76683
8.76682
8.76681
8.7668
8.76679
8.76678
8.76677
8.76676
8.76675
7.15626
7.15625
7.15625
7.15624
7.15623
7.15623
7.15622
7.15621
7.1562
7.15619
6.02129
6.02128
6.02128
6.02127
6.02126
6.02126
6.02125
6.02125
6.02124
6.02123
5.16109
5.16109
5.16109
5.16108
5.16108
5.16107
5.16106
5.16106
5.16106
5.16105
4.47372
4.47371
4.47371
4.4737
4.4737
4.4737
4.47369
4.47369
4.47368
4.47368
3.90265
3.90264
3.90264
3.90264
3.90263
3.90263
3.90262
3.90262
3.90262
3.90261
3.41449
3.41449
3.41449
3.41449
3.41448
3.41448
3.41448
3.41447
3.41447
3.41446
2.98856
2.98856
2.98856
2.98856
2.98855
2.98855
2.98855
2.98855
2.98854
2.98854
2.61156
2.61156
2.61155
2.61155
2.61155
2.61155
2.61154
2.61154
2.61154
2.61153
2.27469
2.27469
2.27469
2.27468
2.27468
2.27468
2.27468
2.27467
2.27467
2.27467
1.97202
1.97202
1.97202
1.97201
1.97201
1.97201
1.97201
1.97201
1.97201
1.972
1.69945
1.69945
1.69945
1.69944
1.69944
1.69944
1.69944
1.69944
1.69944
1.69943
1.45407
1.45406
1.45406
1.45406
1.45406
1.45406
1.45406
1.45406
1.45405
1.45405
1.23374
1.23373
1.23373
1.23373
1.23373
1.23373
1.23373
1.23373
1.23373
1.23372
1.03681
1.03681
1.03681
1.03681
1.0368
1.0368
1.0368
1.0368
1.0368
1.0368
0.861921
0.86192
0.86192
0.861919
0.861918
0.861917
0.861917
0.861916
0.861915
0.861913
0.707858
0.707858
0.707858
0.707857
0.707856
0.707856
0.707855
0.707855
0.707854
0.707853
0.573457
0.573457
0.573456
0.573456
0.573456
0.573455
0.573455
0.573454
0.573454
0.573453
0.457538
0.457538
0.457538
0.457538
0.457537
0.457537
0.457537
0.457536
0.457536
0.457535
0.358867
0.358867
0.358867
0.358867
0.358866
0.358866
0.358866
0.358866
0.358865
0.358865
0.27613
0.276129
0.276129
0.276129
0.276129
0.276129
0.276129
0.276129
0.276129
0.276128
0.207929
0.207929
0.207929
0.207929
0.207929
0.207929
0.207929
0.207929
0.207929
0.207929
0.152796
0.152796
0.152796
0.152796
0.152796
0.152796
0.152796
0.152796
0.152796
0.152796
0.109202
0.109202
0.109203
0.109203
0.109203
0.109203
0.109203
0.109203
0.109203
0.109203
0.0755922
0.0755923
0.0755924
0.0755925
0.0755926
0.0755927
0.0755928
0.0755929
0.075593
0.0755933
0.0504258
0.0504259
0.050426
0.0504261
0.0504262
0.0504264
0.0504265
0.0504266
0.0504268
0.0504271
0.0322226
0.0322226
0.0322228
0.0322229
0.0322231
0.0322232
0.0322233
0.0322235
0.0322236
0.032224
0.0195748
0.0195749
0.019575
0.0195751
0.0195753
0.0195754
0.0195756
0.0195757
0.0195759
0.0195762
0.0111924
0.0111924
0.0111926
0.0111927
0.0111928
0.0111929
0.011193
0.0111932
0.0111933
0.0111936
0.00594486
0.00594492
0.005945
0.0059451
0.00594519
0.00594529
0.00594539
0.00594549
0.00594559
0.00594584
0.00288488
0.00288492
0.00288498
0.00288504
0.00288511
0.00288518
0.00288524
0.00288531
0.00288538
0.00288554
0.00125557
0.00125559
0.00125562
0.00125566
0.00125569
0.00125573
0.00125576
0.0012558
0.00125583
0.00125592
0.000483759
0.000483767
0.000483779
0.000483793
0.000483806
0.000483819
0.000483833
0.000483847
0.000483861
0.000483894
0.000166383
0.000166385
0.000166387
0.00016639
0.000166392
0.000166395
0.000166398
0.000166401
0.000166404
0.000166411
5.35454e-05
5.35452e-05
5.35449e-05
5.35445e-05
5.35441e-05
5.35438e-05
5.35434e-05
5.3543e-05
5.35426e-05
5.35417e-05
1.73465e-05
1.73462e-05
1.73458e-05
1.73453e-05
1.73448e-05
1.73443e-05
1.73438e-05
1.73434e-05
1.73428e-05
1.73416e-05
5.80766e-06
5.80757e-06
5.80744e-06
5.8073e-06
5.80716e-06
5.80702e-06
5.80687e-06
5.80673e-06
5.80658e-06
5.80622e-06
1.97689e-06
1.97688e-06
1.97687e-06
1.97685e-06
1.97684e-06
1.97682e-06
1.97681e-06
1.97679e-06
1.97678e-06
1.97674e-06
7.09497e-07
7.09497e-07
7.09497e-07
7.09498e-07
7.09498e-07
7.09498e-07
7.09498e-07
7.09498e-07
7.09499e-07
7.09499e-07
2.80574e-07
2.80574e-07
2.80573e-07
2.80573e-07
2.80573e-07
2.80573e-07
2.80573e-07
2.80572e-07
2.80572e-07
2.80572e-07
1.20255e-07
1.20255e-07
1.20254e-07
1.20254e-07
1.20254e-07
1.20254e-07
1.20253e-07
1.20253e-07
1.20253e-07
1.20252e-07
5.32187e-08
5.32186e-08
5.32186e-08
5.32185e-08
5.32184e-08
5.32183e-08
5.32182e-08
5.32182e-08
5.32181e-08
5.32179e-08
2.39696e-08
2.39696e-08
2.39696e-08
2.39696e-08
2.39696e-08
2.39696e-08
2.39696e-08
2.39696e-08
2.39696e-08
2.39696e-08
1.16342e-08
1.16342e-08
1.16342e-08
1.16342e-08
1.16342e-08
1.16341e-08
1.16341e-08
1.16341e-08
1.16341e-08
1.16341e-08
6.74032e-09
6.74031e-09
6.7403e-09
6.74028e-09
6.74027e-09
6.74025e-09
6.74024e-09
6.74022e-09
6.7402e-09
6.74016e-09
5.04942e-09
5.04941e-09
5.04939e-09
5.04938e-09
5.04936e-09
5.04934e-09
5.04932e-09
5.0493e-09
5.04928e-09
5.04924e-09
58.6319
58.632
58.6321
58.6322
58.6324
58.6326
58.6327
58.6329
58.6329
58.6328
26.8951
26.8951
26.8951
26.895
26.895
26.895
26.895
26.895
26.895
26.895
15.9452
15.9451
15.9451
15.9451
15.9451
15.9451
15.945
15.945
15.945
15.945
11.3
11.3
11.3
11.3
11.3
11.3
11.2999
11.2999
11.2999
11.2999
8.76685
8.76685
8.76684
8.76683
8.76682
8.76681
8.7668
8.76679
8.76678
8.76676
7.15628
7.15627
7.15627
7.15626
7.15625
7.15624
7.15624
7.15623
7.15622
7.15621
6.0213
6.0213
6.02129
6.02129
6.02128
6.02127
6.02127
6.02126
6.02126
6.02125
5.16111
5.1611
5.1611
5.16109
5.16109
5.16108
5.16108
5.16107
5.16107
5.16106
4.47373
4.47373
4.47372
4.47372
4.47371
4.47371
4.4737
4.4737
4.4737
4.47369
3.90266
3.90266
3.90265
3.90265
3.90264
3.90264
3.90264
3.90263
3.90263
3.90262
3.4145
3.4145
3.4145
3.4145
3.41449
3.41449
3.41449
3.41448
3.41448
3.41447
2.98857
2.98857
2.98857
2.98857
2.98856
2.98856
2.98856
2.98855
2.98855
2.98855
2.61157
2.61156
2.61156
2.61156
2.61156
2.61155
2.61155
2.61155
2.61155
2.61154
2.2747
2.27469
2.27469
2.27469
2.27469
2.27469
2.27468
2.27468
2.27468
2.27467
1.97203
1.97202
1.97202
1.97202
1.97202
1.97202
1.97201
1.97201
1.97201
1.97201
1.69945
1.69945
1.69945
1.69945
1.69945
1.69945
1.69944
1.69944
1.69944
1.69944
1.45407
1.45407
1.45407
1.45407
1.45406
1.45406
1.45406
1.45406
1.45406
1.45406
1.23374
1.23374
1.23374
1.23374
1.23373
1.23373
1.23373
1.23373
1.23373
1.23373
1.03681
1.03681
1.03681
1.03681
1.03681
1.03681
1.03681
1.0368
1.0368
1.0368
0.861923
0.861923
0.861922
0.861921
0.86192
0.86192
0.861919
0.861918
0.861917
0.861916
0.70786
0.70786
0.707859
0.707859
0.707858
0.707857
0.707857
0.707856
0.707856
0.707854
0.573458
0.573458
0.573458
0.573457
0.573457
0.573456
0.573456
0.573455
0.573455
0.573454
0.457539
0.457539
0.457539
0.457538
0.457538
0.457538
0.457538
0.457537
0.457537
0.457536
0.358868
0.358868
0.358867
0.358867
0.358867
0.358867
0.358867
0.358866
0.358866
0.358866
0.27613
0.27613
0.27613
0.27613
0.27613
0.27613
0.27613
0.27613
0.276129
0.276129
0.20793
0.20793
0.20793
0.20793
0.20793
0.20793
0.20793
0.20793
0.20793
0.20793
0.152797
0.152797
0.152797
0.152797
0.152797
0.152797
0.152797
0.152797
0.152797
0.152797
0.109204
0.109204
0.109204
0.109204
0.109204
0.109204
0.109204
0.109205
0.109205
0.109205
0.0755968
0.0755968
0.075597
0.0755971
0.0755972
0.0755973
0.0755974
0.0755975
0.0755976
0.0755978
0.0504317
0.0504318
0.0504319
0.0504321
0.0504322
0.0504323
0.0504325
0.0504326
0.0504327
0.050433
0.0322258
0.0322259
0.032226
0.0322261
0.0322263
0.0322264
0.0322266
0.0322267
0.0322268
0.0322272
0.0195761
0.0195762
0.0195763
0.0195764
0.0195766
0.0195767
0.0195768
0.019577
0.0195771
0.0195775
0.0111929
0.011193
0.0111931
0.0111932
0.0111933
0.0111934
0.0111936
0.0111937
0.0111938
0.0111941
0.0059451
0.00594516
0.00594525
0.00594534
0.00594544
0.00594554
0.00594564
0.00594573
0.00594584
0.00594608
0.00288498
0.00288502
0.00288508
0.00288515
0.00288521
0.00288528
0.00288534
0.00288541
0.00288548
0.00288564
0.00125557
0.0012556
0.00125563
0.00125566
0.0012557
0.00125573
0.00125577
0.0012558
0.00125584
0.00125593
0.000483757
0.000483765
0.000483777
0.000483791
0.000483804
0.000483818
0.000483831
0.000483845
0.000483859
0.000483893
0.000166365
0.000166367
0.000166369
0.000166372
0.000166374
0.000166377
0.00016638
0.000166383
0.000166386
0.000166393
5.35178e-05
5.35176e-05
5.35172e-05
5.35169e-05
5.35165e-05
5.35161e-05
5.35158e-05
5.35154e-05
5.3515e-05
5.35141e-05
1.73359e-05
1.73356e-05
1.73352e-05
1.73347e-05
1.73342e-05
1.73337e-05
1.73333e-05
1.73328e-05
1.73322e-05
1.7331e-05
5.80554e-06
5.80545e-06
5.80532e-06
5.80518e-06
5.80504e-06
5.80489e-06
5.80475e-06
5.8046e-06
5.80445e-06
5.80409e-06
1.97651e-06
1.9765e-06
1.97649e-06
1.97648e-06
1.97646e-06
1.97645e-06
1.97643e-06
1.97641e-06
1.9764e-06
1.97636e-06
7.09398e-07
7.09398e-07
7.09398e-07
7.09399e-07
7.09399e-07
7.09399e-07
7.09399e-07
7.09399e-07
7.09399e-07
7.094e-07
2.80531e-07
2.80531e-07
2.80531e-07
2.80531e-07
2.80531e-07
2.8053e-07
2.8053e-07
2.8053e-07
2.8053e-07
2.80529e-07
1.20242e-07
1.20241e-07
1.20241e-07
1.20241e-07
1.20241e-07
1.2024e-07
1.2024e-07
1.2024e-07
1.2024e-07
1.20239e-07
5.32165e-08
5.32165e-08
5.32164e-08
5.32163e-08
5.32162e-08
5.32162e-08
5.32161e-08
5.3216e-08
5.32159e-08
5.32158e-08
2.39692e-08
2.39692e-08
2.39692e-08
2.39692e-08
2.39692e-08
2.39692e-08
2.39692e-08
2.39692e-08
2.39692e-08
2.39692e-08
1.16338e-08
1.16338e-08
1.16337e-08
1.16337e-08
1.16337e-08
1.16337e-08
1.16337e-08
1.16337e-08
1.16337e-08
1.16337e-08
6.73996e-09
6.73995e-09
6.73994e-09
6.73992e-09
6.7399e-09
6.73989e-09
6.73987e-09
6.73986e-09
6.73984e-09
6.7398e-09
5.04925e-09
5.04924e-09
5.04923e-09
5.04921e-09
5.04919e-09
5.04917e-09
5.04915e-09
5.04913e-09
5.04911e-09
5.04907e-09
58.632
58.632
58.6321
58.6323
58.6325
58.6326
58.6328
58.6329
58.633
58.6329
26.8951
26.8951
26.8951
26.8951
26.895
26.895
26.895
26.895
26.895
26.895
15.9452
15.9452
15.9452
15.9451
15.9451
15.9451
15.9451
15.9451
15.945
15.945
11.3
11.3
11.3
11.3
11.3
11.3
11.3
11.2999
11.2999
11.2999
8.76687
8.76687
8.76686
8.76685
8.76684
8.76683
8.76682
8.76681
8.7668
8.76677
7.15629
7.15629
7.15628
7.15627
7.15627
7.15626
7.15625
7.15624
7.15623
7.15622
6.02131
6.02131
6.02131
6.0213
6.02129
6.02129
6.02128
6.02128
6.02127
6.02126
5.16112
5.16112
5.16111
5.16111
5.1611
5.1611
5.16109
5.16109
5.16108
5.16107
4.47374
4.47374
4.47373
4.47373
4.47372
4.47372
4.47372
4.47371
4.47371
4.4737
3.90267
3.90267
3.90266
3.90266
3.90265
3.90265
3.90265
3.90264
3.90264
3.90263
3.41451
3.41451
3.41451
3.41451
3.4145
3.4145
3.4145
3.41449
3.41449
3.41448
2.98858
2.98858
2.98858
2.98857
2.98857
2.98857
2.98857
2.98856
2.98856
2.98855
2.61157
2.61157
2.61157
2.61157
2.61156
2.61156
2.61156
2.61156
2.61155
2.61155
2.2747
2.2747
2.2747
2.2747
2.27469
2.27469
2.27469
2.27469
2.27469
2.27468
1.97203
1.97203
1.97203
1.97203
1.97202
1.97202
1.97202
1.97202
1.97202
1.97201
1.69946
1.69946
1.69946
1.69945
1.69945
1.69945
1.69945
1.69945
1.69945
1.69944
1.45407
1.45407
1.45407
1.45407
1.45407
1.45407
1.45407
1.45406
1.45406
1.45406
1.23374
1.23374
1.23374
1.23374
1.23374
1.23374
1.23374
1.23373
1.23373
1.23373
1.03681
1.03681
1.03681
1.03681
1.03681
1.03681
1.03681
1.03681
1.03681
1.0368
0.861925
0.861924
0.861924
0.861923
0.861922
0.861921
0.861921
0.86192
0.861919
0.861917
0.707861
0.707861
0.707861
0.70786
0.707859
0.707859
0.707858
0.707858
0.707857
0.707856
0.573459
0.573459
0.573459
0.573458
0.573458
0.573457
0.573457
0.573456
0.573456
0.573455
0.45754
0.457539
0.457539
0.457539
0.457539
0.457538
0.457538
0.457538
0.457537
0.457536
0.358868
0.358868
0.358868
0.358867
0.358867
0.358867
0.358867
0.358867
0.358866
0.358866
0.276131
0.27613
0.27613
0.27613
0.27613
0.27613
0.27613
0.27613
0.27613
0.276129
0.207931
0.207931
0.207931
0.207931
0.207931
0.207931
0.207931
0.207931
0.20793
0.20793
0.152797
0.152797
0.152797
0.152797
0.152797
0.152797
0.152797
0.152797
0.152798
0.152798
0.109205
0.109205
0.109205
0.109205
0.109205
0.109205
0.109205
0.109205
0.109205
0.109205
0.0755986
0.0755987
0.0755988
0.0755989
0.075599
0.0755991
0.0755992
0.0755993
0.0755995
0.0755997
0.0504355
0.0504356
0.0504357
0.0504359
0.050436
0.0504361
0.0504362
0.0504364
0.0504365
0.0504368
0.032229
0.032229
0.0322292
0.0322293
0.0322295
0.0322296
0.0322297
0.0322299
0.03223
0.0322304
0.0195776
0.0195777
0.0195778
0.0195779
0.0195781
0.0195782
0.0195783
0.0195785
0.0195786
0.019579
0.0111935
0.0111936
0.0111937
0.0111938
0.0111939
0.0111941
0.0111942
0.0111943
0.0111944
0.0111947
0.00594533
0.00594539
0.00594547
0.00594557
0.00594567
0.00594576
0.00594586
0.00594596
0.00594606
0.00594631
0.00288501
0.00288505
0.0028851
0.00288517
0.00288523
0.0028853
0.00288536
0.00288543
0.0028855
0.00288566
0.00125556
0.00125558
0.00125562
0.00125565
0.00125569
0.00125572
0.00125576
0.00125579
0.00125583
0.00125592
0.000483746
0.000483754
0.000483766
0.00048378
0.000483793
0.000483807
0.00048382
0.000483834
0.000483848
0.000483881
0.000166334
0.000166336
0.000166338
0.000166341
0.000166344
0.000166347
0.000166349
0.000166352
0.000166355
0.000166362
5.34823e-05
5.3482e-05
5.34817e-05
5.34813e-05
5.3481e-05
5.34806e-05
5.34802e-05
5.34799e-05
5.34795e-05
5.34786e-05
1.73228e-05
1.73225e-05
1.73221e-05
1.73216e-05
1.73211e-05
1.73206e-05
1.73201e-05
1.73196e-05
1.73191e-05
1.73179e-05
5.80296e-06
5.80287e-06
5.80274e-06
5.8026e-06
5.80245e-06
5.8023e-06
5.80216e-06
5.80201e-06
5.80185e-06
5.80149e-06
1.97595e-06
1.97594e-06
1.97593e-06
1.97591e-06
1.9759e-06
1.97588e-06
1.97587e-06
1.97585e-06
1.97583e-06
1.9758e-06
7.09168e-07
7.09168e-07
7.09168e-07
7.09169e-07
7.09169e-07
7.09169e-07
7.09169e-07
7.09169e-07
7.09169e-07
7.0917e-07
2.80399e-07
2.80399e-07
2.80398e-07
2.80398e-07
2.80398e-07
2.80398e-07
2.80398e-07
2.80398e-07
2.80398e-07
2.80397e-07
1.20184e-07
1.20184e-07
1.20184e-07
1.20183e-07
1.20183e-07
1.20183e-07
1.20183e-07
1.20183e-07
1.20182e-07
1.20182e-07
5.31985e-08
5.31985e-08
5.31984e-08
5.31984e-08
5.31983e-08
5.31982e-08
5.31982e-08
5.31981e-08
5.31981e-08
5.31979e-08
2.39632e-08
2.39632e-08
2.39632e-08
2.39633e-08
2.39633e-08
2.39633e-08
2.39633e-08
2.39633e-08
2.39633e-08
2.39633e-08
1.16315e-08
1.16315e-08
1.16315e-08
1.16315e-08
1.16315e-08
1.16315e-08
1.16315e-08
1.16315e-08
1.16315e-08
1.16315e-08
6.73902e-09
6.73901e-09
6.73899e-09
6.73898e-09
6.73896e-09
6.73895e-09
6.73893e-09
6.73892e-09
6.7389e-09
6.73887e-09
5.04889e-09
5.04888e-09
5.04887e-09
5.04885e-09
5.04883e-09
5.04881e-09
5.04879e-09
5.04877e-09
5.04876e-09
5.04871e-09
58.6321
58.6321
58.6322
58.6324
58.6326
58.6327
58.6329
58.633
58.633
58.6329
26.8952
26.8952
26.8951
26.8951
26.8951
26.8951
26.8951
26.895
26.895
26.8951
15.9452
15.9452
15.9452
15.9452
15.9451
15.9451
15.9451
15.9451
15.945
15.945
11.3001
11.3001
11.3
11.3
11.3
11.3
11.3
11.3
11.2999
11.2999
8.76689
8.76689
8.76688
8.76687
8.76686
8.76685
8.76683
8.76682
8.7668
8.76678
7.15631
7.1563
7.1563
7.15629
7.15628
7.15628
7.15626
7.15625
7.15624
7.15622
6.02133
6.02133
6.02132
6.02132
6.02131
6.0213
6.02129
6.02129
6.02128
6.02126
5.16113
5.16113
5.16113
5.16112
5.16112
5.16111
5.1611
5.1611
5.16109
5.16107
4.47375
4.47375
4.47374
4.47374
4.47374
4.47373
4.47373
4.47372
4.47372
4.4737
3.90268
3.90268
3.90267
3.90267
3.90267
3.90266
3.90266
3.90265
3.90265
3.90264
3.41452
3.41452
3.41452
3.41452
3.41451
3.41451
3.4145
3.4145
3.4145
3.41449
2.98859
2.98859
2.98859
2.98858
2.98858
2.98858
2.98857
2.98857
2.98857
2.98856
2.61158
2.61158
2.61158
2.61157
2.61157
2.61157
2.61157
2.61156
2.61156
2.61155
2.27471
2.27471
2.27471
2.2747
2.2747
2.2747
2.2747
2.27469
2.27469
2.27469
1.97204
1.97204
1.97203
1.97203
1.97203
1.97203
1.97203
1.97202
1.97202
1.97202
1.69946
1.69946
1.69946
1.69946
1.69946
1.69945
1.69945
1.69945
1.69945
1.69945
1.45408
1.45408
1.45408
1.45407
1.45407
1.45407
1.45407
1.45407
1.45407
1.45406
1.23375
1.23374
1.23374
1.23374
1.23374
1.23374
1.23374
1.23374
1.23374
1.23373
1.03682
1.03682
1.03681
1.03681
1.03681
1.03681
1.03681
1.03681
1.03681
1.03681
0.861927
0.861926
0.861925
0.861925
0.861924
0.861923
0.861922
0.861922
0.861921
0.861919
0.707863
0.707862
0.707862
0.707861
0.707861
0.70786
0.707859
0.707859
0.707858
0.707857
0.57346
0.57346
0.573459
0.573459
0.573458
0.573458
0.573457
0.573457
0.573457
0.573455
0.45754
0.45754
0.45754
0.457539
0.457539
0.457539
0.457538
0.457538
0.457538
0.457537
0.358868
0.358868
0.358868
0.358868
0.358867
0.358867
0.358867
0.358867
0.358866
0.358866
0.276131
0.276131
0.276131
0.27613
0.27613
0.27613
0.27613
0.27613
0.27613
0.27613
0.207931
0.207931
0.207931
0.207931
0.207931
0.207931
0.207931
0.207931
0.207931
0.207931
0.152798
0.152798
0.152798
0.152798
0.152798
0.152798
0.152798
0.152798
0.152798
0.152798
0.109205
0.109205
0.109205
0.109205
0.109206
0.109206
0.109206
0.109206
0.109206
0.109206
0.0756009
0.075601
0.0756011
0.0756012
0.0756013
0.0756014
0.0756015
0.0756016
0.0756017
0.075602
0.0504396
0.0504396
0.0504398
0.0504399
0.05044
0.0504402
0.0504403
0.0504404
0.0504405
0.0504409
0.0322325
0.0322326
0.0322327
0.0322329
0.032233
0.0322331
0.0322333
0.0322334
0.0322336
0.0322339
0.0195794
0.0195795
0.0195796
0.0195798
0.0195799
0.01958
0.0195802
0.0195803
0.0195805
0.0195808
0.0111943
0.0111944
0.0111945
0.0111946
0.0111947
0.0111948
0.011195
0.0111951
0.0111952
0.0111955
0.00594558
0.00594564
0.00594573
0.00594582
0.00594592
0.00594602
0.00594612
0.00594621
0.00594632
0.00594656
0.00288504
0.00288508
0.00288514
0.0028852
0.00288527
0.00288533
0.0028854
0.00288547
0.00288553
0.0028857
0.00125555
0.00125557
0.0012556
0.00125564
0.00125567
0.00125571
0.00125574
0.00125578
0.00125582
0.0012559
0.000483738
0.000483746
0.000483758
0.000483772
0.000483785
0.000483799
0.000483812
0.000483826
0.00048384
0.000483874
0.000166316
0.000166317
0.00016632
0.000166323
0.000166325
0.000166328
0.000166331
0.000166334
0.000166337
0.000166344
5.34554e-05
5.34551e-05
5.34548e-05
5.34544e-05
5.34541e-05
5.34537e-05
5.34534e-05
5.3453e-05
5.34526e-05
5.34517e-05
1.73098e-05
1.73095e-05
1.73091e-05
1.73086e-05
1.73081e-05
1.73076e-05
1.73071e-05
1.73066e-05
1.73061e-05
1.73049e-05
5.80004e-06
5.79995e-06
5.79982e-06
5.79968e-06
5.79953e-06
5.79939e-06
5.79924e-06
5.7991e-06
5.79893e-06
5.79858e-06
1.97513e-06
1.97512e-06
1.9751e-06
1.97509e-06
1.97507e-06
1.97506e-06
1.97504e-06
1.97503e-06
1.97501e-06
1.97497e-06
7.08718e-07
7.08718e-07
7.08718e-07
7.08719e-07
7.08719e-07
7.0872e-07
7.0872e-07
7.0872e-07
7.08721e-07
7.08722e-07
2.80128e-07
2.80128e-07
2.80128e-07
2.80128e-07
2.80128e-07
2.80128e-07
2.80128e-07
2.80128e-07
2.80128e-07
2.80128e-07
1.20057e-07
1.20057e-07
1.20057e-07
1.20057e-07
1.20057e-07
1.20057e-07
1.20057e-07
1.20057e-07
1.20056e-07
1.20056e-07
5.31534e-08
5.31534e-08
5.31534e-08
5.31533e-08
5.31533e-08
5.31533e-08
5.31532e-08
5.31532e-08
5.31532e-08
5.31531e-08
2.39481e-08
2.39481e-08
2.39481e-08
2.39481e-08
2.39481e-08
2.39481e-08
2.39481e-08
2.39481e-08
2.39482e-08
2.39482e-08
1.16255e-08
1.16255e-08
1.16255e-08
1.16255e-08
1.16255e-08
1.16255e-08
1.16255e-08
1.16255e-08
1.16255e-08
1.16255e-08
6.7371e-09
6.73709e-09
6.73708e-09
6.73707e-09
6.73705e-09
6.73704e-09
6.73703e-09
6.73701e-09
6.737e-09
6.73696e-09
5.0483e-09
5.04829e-09
5.04827e-09
5.04825e-09
5.04824e-09
5.04822e-09
5.0482e-09
5.04818e-09
5.04816e-09
5.04812e-09
58.6322
58.6322
58.6323
58.6325
58.6326
58.6328
58.6329
58.633
58.633
58.6329
26.8952
26.8952
26.8952
26.8952
26.8951
26.8951
26.8951
26.8951
26.895
26.8951
15.9452
15.9452
15.9452
15.9452
15.9452
15.9451
15.9451
15.9451
15.9451
15.945
11.3001
11.3001
11.3001
11.3001
11.3
11.3
11.3
11.3
11.2999
11.2999
8.76691
8.76691
8.7669
8.76689
8.76688
8.76686
8.76684
8.76682
8.76681
8.76678
7.15633
7.15632
7.15632
7.15631
7.1563
7.15629
7.15627
7.15626
7.15625
7.15622
6.02134
6.02134
6.02134
6.02133
6.02132
6.02131
6.0213
6.02129
6.02128
6.02126
5.16115
5.16114
5.16114
5.16113
5.16113
5.16112
5.16111
5.1611
5.16109
5.16108
4.47376
4.47376
4.47376
4.47375
4.47375
4.47374
4.47373
4.47373
4.47372
4.47371
3.90269
3.90269
3.90268
3.90268
3.90267
3.90267
3.90266
3.90266
3.90265
3.90264
3.41453
3.41453
3.41453
3.41452
3.41452
3.41452
3.41451
3.41451
3.4145
3.41449
2.9886
2.9886
2.98859
2.98859
2.98859
2.98858
2.98858
2.98858
2.98857
2.98856
2.61159
2.61159
2.61158
2.61158
2.61158
2.61157
2.61157
2.61157
2.61156
2.61156
2.27471
2.27471
2.27471
2.27471
2.27471
2.2747
2.2747
2.2747
2.2747
2.27469
1.97204
1.97204
1.97204
1.97204
1.97204
1.97203
1.97203
1.97203
1.97203
1.97202
1.69947
1.69947
1.69946
1.69946
1.69946
1.69946
1.69946
1.69946
1.69945
1.69945
1.45408
1.45408
1.45408
1.45408
1.45408
1.45407
1.45407
1.45407
1.45407
1.45407
1.23375
1.23375
1.23375
1.23375
1.23374
1.23374
1.23374
1.23374
1.23374
1.23374
1.03682
1.03682
1.03682
1.03682
1.03681
1.03681
1.03681
1.03681
1.03681
1.03681
0.861928
0.861928
0.861927
0.861926
0.861926
0.861925
0.861924
0.861923
0.861922
0.86192
0.707864
0.707863
0.707863
0.707862
0.707862
0.707861
0.70786
0.70786
0.707859
0.707858
0.573461
0.57346
0.57346
0.573459
0.573459
0.573459
0.573458
0.573458
0.573457
0.573456
0.45754
0.45754
0.45754
0.45754
0.457539
0.457539
0.457539
0.457538
0.457538
0.457537
0.358868
0.358868
0.358868
0.358868
0.358867
0.358867
0.358867
0.358867
0.358866
0.358866
0.276131
0.27613
0.27613
0.27613
0.27613
0.27613
0.27613
0.27613
0.27613
0.276129
0.207931
0.207931
0.207931
0.207931
0.207931
0.207931
0.207931
0.207931
0.207931
0.207931
0.152798
0.152798
0.152798
0.152798
0.152798
0.152798
0.152798
0.152798
0.152798
0.152798
0.109205
0.109205
0.109205
0.109206
0.109206
0.109206
0.109206
0.109206
0.109206
0.109206
0.0756016
0.0756016
0.0756018
0.0756019
0.075602
0.0756021
0.0756022
0.0756023
0.0756024
0.0756026
0.0504418
0.0504419
0.050442
0.0504422
0.0504423
0.0504424
0.0504426
0.0504427
0.0504428
0.0504431
0.0322352
0.0322353
0.0322354
0.0322356
0.0322357
0.0322358
0.032236
0.0322361
0.0322363
0.0322366
0.0195811
0.0195812
0.0195813
0.0195814
0.0195816
0.0195817
0.0195818
0.019582
0.0195821
0.0195825
0.011195
0.011195
0.0111952
0.0111953
0.0111954
0.0111955
0.0111957
0.0111958
0.0111959
0.0111962
0.00594578
0.00594584
0.00594593
0.00594602
0.00594612
0.00594622
0.00594632
0.00594642
0.00594653
0.00594677
0.00288504
0.00288508
0.00288514
0.0028852
0.00288527
0.00288534
0.0028854
0.00288547
0.00288554
0.00288571
0.00125551
0.00125553
0.00125557
0.0012556
0.00125564
0.00125567
0.00125571
0.00125574
0.00125578
0.00125587
0.000483704
0.000483712
0.000483724
0.000483738
0.000483751
0.000483765
0.000483778
0.000483792
0.000483806
0.00048384
0.000166267
0.000166268
0.000166271
0.000166274
0.000166277
0.000166279
0.000166282
0.000166285
0.000166288
0.000166295
5.34154e-05
5.34151e-05
5.34148e-05
5.34145e-05
5.34141e-05
5.34138e-05
5.34134e-05
5.3413e-05
5.34126e-05
5.34118e-05
1.72916e-05
1.72913e-05
1.72909e-05
1.72904e-05
1.72899e-05
1.72894e-05
1.72889e-05
1.72884e-05
1.72879e-05
1.72867e-05
5.79501e-06
5.79492e-06
5.79479e-06
5.79465e-06
5.7945e-06
5.79436e-06
5.79421e-06
5.79407e-06
5.79391e-06
5.79355e-06
1.97336e-06
1.97335e-06
1.97334e-06
1.97333e-06
1.97331e-06
1.9733e-06
1.97328e-06
1.97327e-06
1.97325e-06
1.97321e-06
7.07791e-07
7.07792e-07
7.07792e-07
7.07793e-07
7.07794e-07
7.07794e-07
7.07795e-07
7.07796e-07
7.07796e-07
7.07798e-07
2.79642e-07
2.79642e-07
2.79642e-07
2.79643e-07
2.79643e-07
2.79643e-07
2.79643e-07
2.79643e-07
2.79643e-07
2.79644e-07
1.19837e-07
1.19837e-07
1.19837e-07
1.19837e-07
1.19837e-07
1.19837e-07
1.19837e-07
1.19837e-07
1.19837e-07
1.19836e-07
5.30702e-08
5.30702e-08
5.30702e-08
5.30702e-08
5.30702e-08
5.30701e-08
5.30701e-08
5.30701e-08
5.30701e-08
5.30701e-08
2.39191e-08
2.39191e-08
2.39191e-08
2.39191e-08
2.39191e-08
2.39192e-08
2.39192e-08
2.39192e-08
2.39192e-08
2.39193e-08
1.16149e-08
1.16149e-08
1.16149e-08
1.16149e-08
1.16149e-08
1.16149e-08
1.16149e-08
1.16149e-08
1.16149e-08
1.16149e-08
6.73384e-09
6.73383e-09
6.73382e-09
6.73381e-09
6.73379e-09
6.73378e-09
6.73377e-09
6.73375e-09
6.73374e-09
6.73371e-09
5.0474e-09
5.04739e-09
5.04737e-09
5.04735e-09
5.04734e-09
5.04732e-09
5.0473e-09
5.04728e-09
5.04726e-09
5.04722e-09
58.6323
58.6323
58.6324
58.6325
58.6327
58.6328
58.6329
58.633
58.6331
58.6329
26.8953
26.8953
26.8952
26.8952
26.8951
26.8951
26.8951
26.8951
26.895
26.8951
15.9453
15.9453
15.9452
15.9452
15.9452
15.9451
15.9451
15.9451
15.9451
15.945
11.3001
11.3001
11.3001
11.3001
11.3
11.3
11.3
11.3
11.2999
11.2999
8.76693
8.76692
8.76691
8.7669
8.76688
8.76686
8.76684
8.76682
8.76681
8.76678
7.15634
7.15634
7.15633
7.15632
7.1563
7.15629
7.15628
7.15626
7.15625
7.15622
6.02136
6.02135
6.02135
6.02134
6.02133
6.02132
6.0213
6.02129
6.02128
6.02126
5.16116
5.16115
5.16115
5.16114
5.16113
5.16112
5.16111
5.1611
5.1611
5.16108
4.47377
4.47377
4.47377
4.47376
4.47375
4.47374
4.47374
4.47373
4.47372
4.47371
3.9027
3.9027
3.90269
3.90269
3.90268
3.90267
3.90267
3.90266
3.90265
3.90264
3.41454
3.41454
3.41454
3.41453
3.41453
3.41452
3.41451
3.41451
3.4145
3.41449
2.98861
2.9886
2.9886
2.9886
2.98859
2.98859
2.98858
2.98858
2.98857
2.98856
2.61159
2.61159
2.61159
2.61159
2.61158
2.61158
2.61157
2.61157
2.61157
2.61156
2.27472
2.27472
2.27472
2.27471
2.27471
2.27471
2.2747
2.2747
2.2747
2.27469
1.97205
1.97205
1.97204
1.97204
1.97204
1.97204
1.97203
1.97203
1.97203
1.97202
1.69947
1.69947
1.69947
1.69947
1.69946
1.69946
1.69946
1.69946
1.69945
1.69945
1.45408
1.45408
1.45408
1.45408
1.45408
1.45408
1.45407
1.45407
1.45407
1.45407
1.23375
1.23375
1.23375
1.23375
1.23375
1.23374
1.23374
1.23374
1.23374
1.23374
1.03682
1.03682
1.03682
1.03682
1.03682
1.03682
1.03681
1.03681
1.03681
1.03681
0.86193
0.861929
0.861929
0.861928
0.861927
0.861926
0.861925
0.861924
0.861923
0.861921
0.707865
0.707864
0.707864
0.707863
0.707863
0.707862
0.707861
0.707861
0.70786
0.707858
0.573461
0.573461
0.573461
0.57346
0.57346
0.573459
0.573459
0.573458
0.573458
0.573456
0.457541
0.45754
0.45754
0.45754
0.45754
0.457539
0.457539
0.457539
0.457538
0.457537
0.358868
0.358868
0.358868
0.358868
0.358867
0.358867
0.358867
0.358867
0.358866
0.358866
0.27613
0.27613
0.27613
0.27613
0.27613
0.27613
0.27613
0.27613
0.276129
0.276129
0.207931
0.207931
0.207931
0.207931
0.207931
0.207931
0.207931
0.207931
0.207931
0.20793
0.152798
0.152798
0.152798
0.152798
0.152798
0.152798
0.152798
0.152798
0.152798
0.152798
0.109205
0.109205
0.109206
0.109206
0.109206
0.109206
0.109206
0.109206
0.109206
0.109206
0.0756024
0.0756025
0.0756026
0.0756027
0.0756028
0.0756029
0.075603
0.0756031
0.0756032
0.0756034
0.0504441
0.0504442
0.0504443
0.0504445
0.0504446
0.0504447
0.0504449
0.050445
0.0504451
0.0504454
0.032238
0.0322381
0.0322382
0.0322384
0.0322385
0.0322387
0.0322388
0.032239
0.0322391
0.0322395
0.0195829
0.019583
0.0195831
0.0195832
0.0195834
0.0195835
0.0195836
0.0195838
0.0195839
0.0195843
0.0111957
0.0111958
0.0111959
0.011196
0.0111962
0.0111963
0.0111964
0.0111965
0.0111967
0.011197
0.00594599
0.00594605
0.00594614
0.00594624
0.00594634
0.00594644
0.00594653
0.00594663
0.00594674
0.00594698
0.00288502
0.00288506
0.00288512
0.00288519
0.00288525
0.00288532
0.00288539
0.00288545
0.00288552
0.00288568
0.00125545
0.00125547
0.0012555
0.00125554
0.00125557
0.00125561
0.00125564
0.00125568
0.00125572
0.0012558
0.000483658
0.000483666
0.000483679
0.000483692
0.000483705
0.000483719
0.000483733
0.000483746
0.000483761
0.000483794
0.000166232
0.000166234
0.000166237
0.000166239
0.000166242
0.000166245
0.000166248
0.000166251
0.000166254
0.000166261
5.33928e-05
5.33926e-05
5.33923e-05
5.33919e-05
5.33916e-05
5.33912e-05
5.33909e-05
5.33905e-05
5.33901e-05
5.33892e-05
1.7278e-05
1.72777e-05
1.72773e-05
1.72768e-05
1.72763e-05
1.72759e-05
1.72754e-05
1.72749e-05
1.72744e-05
1.72731e-05
5.78922e-06
5.78913e-06
5.78901e-06
5.78887e-06
5.78872e-06
5.78858e-06
5.78844e-06
5.78829e-06
5.78814e-06
5.78778e-06
1.97091e-06
1.9709e-06
1.97089e-06
1.97087e-06
1.97086e-06
1.97085e-06
1.97083e-06
1.97082e-06
1.9708e-06
1.97077e-06
7.0658e-07
7.06581e-07
7.06581e-07
7.06582e-07
7.06583e-07
7.06584e-07
7.06585e-07
7.06586e-07
7.06587e-07
7.06589e-07
2.79061e-07
2.79061e-07
2.79062e-07
2.79062e-07
2.79062e-07
2.79062e-07
2.79062e-07
2.79062e-07
2.79062e-07
2.79063e-07
1.19585e-07
1.19585e-07
1.19585e-07
1.19585e-07
1.19585e-07
1.19585e-07
1.19585e-07
1.19585e-07
1.19585e-07
1.19584e-07
5.29786e-08
5.29786e-08
5.29786e-08
5.29785e-08
5.29785e-08
5.29785e-08
5.29785e-08
5.29784e-08
5.29784e-08
5.29784e-08
2.38889e-08
2.38889e-08
2.38889e-08
2.38889e-08
2.38889e-08
2.38889e-08
2.3889e-08
2.3889e-08
2.3889e-08
2.3889e-08
1.16061e-08
1.16061e-08
1.16061e-08
1.16061e-08
1.16061e-08
1.1606e-08
1.1606e-08
1.1606e-08
1.1606e-08
1.1606e-08
6.73109e-09
6.73108e-09
6.73107e-09
6.73106e-09
6.73104e-09
6.73103e-09
6.73101e-09
6.731e-09
6.73099e-09
6.73095e-09
5.04655e-09
5.04654e-09
5.04652e-09
5.04651e-09
5.04649e-09
5.04647e-09
5.04645e-09
5.04643e-09
5.04641e-09
5.04637e-09
58.6324
58.6324
58.6325
58.6326
58.6327
58.6328
58.633
58.633
58.6331
58.633
26.8953
26.8953
26.8953
26.8952
26.8951
26.8951
26.8951
26.8951
26.895
26.8951
15.9453
15.9453
15.9453
15.9452
15.9452
15.9451
15.9451
15.9451
15.945
15.945
11.3001
11.3001
11.3001
11.3001
11.3
11.3
11.3
11.3
11.2999
11.2999
8.76695
8.76694
8.76692
8.76691
8.76688
8.76687
8.76685
8.76682
8.76681
8.76678
7.15635
7.15635
7.15634
7.15632
7.15631
7.15629
7.15628
7.15626
7.15625
7.15622
6.02137
6.02136
6.02136
6.02134
6.02133
6.02132
6.02131
6.02129
6.02128
6.02126
5.16117
5.16116
5.16116
5.16115
5.16113
5.16112
5.16111
5.1611
5.16109
5.16108
4.47378
4.47378
4.47377
4.47376
4.47375
4.47375
4.47374
4.47373
4.47372
4.47371
3.90271
3.9027
3.9027
3.90269
3.90268
3.90267
3.90267
3.90266
3.90265
3.90264
3.41455
3.41455
3.41454
3.41453
3.41453
3.41452
3.41451
3.41451
3.4145
3.41449
2.98861
2.98861
2.98861
2.9886
2.98859
2.98859
2.98858
2.98858
2.98857
2.98856
2.6116
2.6116
2.61159
2.61159
2.61158
2.61158
2.61157
2.61157
2.61157
2.61156
2.27473
2.27472
2.27472
2.27472
2.27471
2.27471
2.2747
2.2747
2.2747
2.27469
1.97205
1.97205
1.97205
1.97204
1.97204
1.97204
1.97203
1.97203
1.97203
1.97202
1.69947
1.69947
1.69947
1.69947
1.69947
1.69946
1.69946
1.69946
1.69946
1.69945
1.45409
1.45409
1.45408
1.45408
1.45408
1.45408
1.45408
1.45407
1.45407
1.45407
1.23375
1.23375
1.23375
1.23375
1.23375
1.23375
1.23374
1.23374
1.23374
1.23374
1.03682
1.03682
1.03682
1.03682
1.03682
1.03682
1.03681
1.03681
1.03681
1.03681
0.861931
0.861931
0.86193
0.861929
0.861928
0.861927
0.861926
0.861925
0.861923
0.861921
0.707866
0.707865
0.707865
0.707864
0.707863
0.707862
0.707862
0.707861
0.70786
0.707858
0.573462
0.573462
0.573461
0.573461
0.57346
0.57346
0.573459
0.573458
0.573458
0.573457
0.457541
0.457541
0.457541
0.45754
0.45754
0.457539
0.457539
0.457539
0.457538
0.457537
0.358868
0.358868
0.358868
0.358868
0.358867
0.358867
0.358867
0.358867
0.358866
0.358866
0.27613
0.27613
0.27613
0.27613
0.27613
0.27613
0.27613
0.27613
0.276129
0.276129
0.207931
0.207931
0.207931
0.207931
0.207931
0.207931
0.207931
0.20793
0.20793
0.20793
0.152798
0.152798
0.152798
0.152798
0.152798
0.152798
0.152798
0.152798
0.152798
0.152798
0.109205
0.109205
0.109205
0.109205
0.109205
0.109205
0.109205
0.109206
0.109206
0.109206
0.075602
0.0756021
0.0756022
0.0756023
0.0756024
0.0756026
0.0756027
0.0756028
0.0756029
0.0756031
0.0504455
0.0504455
0.0504457
0.0504458
0.0504459
0.0504461
0.0504462
0.0504463
0.0504465
0.0504468
0.0322401
0.0322402
0.0322403
0.0322404
0.0322406
0.0322407
0.0322409
0.032241
0.0322412
0.0322415
0.0195843
0.0195844
0.0195845
0.0195847
0.0195848
0.0195849
0.0195851
0.0195852
0.0195854
0.0195857
0.0111963
0.0111964
0.0111965
0.0111967
0.0111968
0.0111969
0.011197
0.0111971
0.0111973
0.0111976
0.00594615
0.0059462
0.00594629
0.00594639
0.00594649
0.00594658
0.00594669
0.00594678
0.00594689
0.00594713
0.00288498
0.00288502
0.00288508
0.00288514
0.00288521
0.00288527
0.00288534
0.00288541
0.00288548
0.00288564
0.00125535
0.00125537
0.0012554
0.00125544
0.00125547
0.00125551
0.00125554
0.00125558
0.00125562
0.0012557
0.000483566
0.000483574
0.000483586
0.0004836
0.000483613
0.000483627
0.000483641
0.000483655
0.000483669
0.000483703
0.00016616
0.000166162
0.000166165
0.000166167
0.00016617
0.000166173
0.000166176
0.000166179
0.000166182
0.000166189
5.33611e-05
5.33609e-05
5.33606e-05
5.33602e-05
5.33599e-05
5.33595e-05
5.33592e-05
5.33588e-05
5.33584e-05
5.33575e-05
1.72623e-05
1.7262e-05
1.72615e-05
1.72611e-05
1.72606e-05
1.72601e-05
1.72596e-05
1.72591e-05
1.72586e-05
1.72574e-05
5.78132e-06
5.78123e-06
5.7811e-06
5.78096e-06
5.78082e-06
5.78068e-06
5.78053e-06
5.78039e-06
5.78023e-06
5.77988e-06
1.96746e-06
1.96745e-06
1.96743e-06
1.96742e-06
1.96741e-06
1.96739e-06
1.96738e-06
1.96737e-06
1.96735e-06
1.96732e-06
7.05109e-07
7.05109e-07
7.0511e-07
7.0511e-07
7.05111e-07
7.05112e-07
7.05113e-07
7.05113e-07
7.05114e-07
7.05116e-07
2.78464e-07
2.78464e-07
2.78464e-07
2.78464e-07
2.78464e-07
2.78464e-07
2.78464e-07
2.78464e-07
2.78464e-07
2.78464e-07
1.19362e-07
1.19362e-07
1.19362e-07
1.19362e-07
1.19362e-07
1.19362e-07
1.19361e-07
1.19361e-07
1.19361e-07
1.19361e-07
5.2907e-08
5.2907e-08
5.2907e-08
5.29069e-08
5.29069e-08
5.29069e-08
5.29068e-08
5.29068e-08
5.29067e-08
5.29066e-08
2.38675e-08
2.38675e-08
2.38675e-08
2.38675e-08
2.38675e-08
2.38675e-08
2.38675e-08
2.38675e-08
2.38675e-08
2.38676e-08
1.16e-08
1.16e-08
1.16e-08
1.16e-08
1.16e-08
1.16e-08
1.16e-08
1.16e-08
1.16e-08
1.16e-08
6.72952e-09
6.72951e-09
6.7295e-09
6.72948e-09
6.72947e-09
6.72945e-09
6.72944e-09
6.72942e-09
6.72941e-09
6.72937e-09
5.04604e-09
5.04603e-09
5.04601e-09
5.04599e-09
5.04597e-09
5.04596e-09
5.04594e-09
5.04592e-09
5.0459e-09
5.04585e-09
58.6324
58.6324
58.6325
58.6326
58.6327
58.6328
58.633
58.633
58.6332
58.633
26.8954
26.8953
26.8953
26.8952
26.8951
26.8951
26.8951
26.895
26.895
26.8951
15.9453
15.9453
15.9453
15.9452
15.9452
15.9451
15.9451
15.9451
15.945
15.945
11.3001
11.3001
11.3001
11.3001
11.3
11.3
11.3
11.3
11.2999
11.2999
8.76696
8.76694
8.76693
8.76691
8.76688
8.76686
8.76684
8.76681
8.7668
8.76678
7.15636
7.15635
7.15634
7.15632
7.15631
7.15629
7.15627
7.15625
7.15624
7.15622
6.02138
6.02137
6.02136
6.02134
6.02133
6.02131
6.0213
6.02129
6.02128
6.02126
5.16117
5.16117
5.16116
5.16115
5.16113
5.16112
5.16111
5.1611
5.16109
5.16108
4.47379
4.47378
4.47377
4.47376
4.47375
4.47374
4.47373
4.47372
4.47372
4.4737
3.90271
3.90271
3.9027
3.90269
3.90268
3.90267
3.90266
3.90266
3.90265
3.90264
3.41455
3.41455
3.41454
3.41453
3.41453
3.41452
3.41451
3.41451
3.4145
3.41449
2.98862
2.98861
2.98861
2.9886
2.98859
2.98859
2.98858
2.98858
2.98857
2.98856
2.6116
2.6116
2.61159
2.61159
2.61158
2.61158
2.61157
2.61157
2.61156
2.61156
2.27473
2.27473
2.27472
2.27472
2.27471
2.27471
2.2747
2.2747
2.2747
2.27469
1.97205
1.97205
1.97205
1.97204
1.97204
1.97204
1.97203
1.97203
1.97203
1.97202
1.69948
1.69947
1.69947
1.69947
1.69947
1.69946
1.69946
1.69946
1.69945
1.69945
1.45409
1.45409
1.45409
1.45408
1.45408
1.45408
1.45408
1.45407
1.45407
1.45407
1.23375
1.23375
1.23375
1.23375
1.23375
1.23375
1.23374
1.23374
1.23374
1.23374
1.03682
1.03682
1.03682
1.03682
1.03682
1.03682
1.03681
1.03681
1.03681
1.03681
0.861932
0.861931
0.86193
0.861929
0.861928
0.861927
0.861926
0.861924
0.861923
0.861921
0.707866
0.707866
0.707865
0.707864
0.707863
0.707862
0.707862
0.707861
0.70786
0.707858
0.573462
0.573462
0.573461
0.573461
0.57346
0.57346
0.573459
0.573458
0.573458
0.573457
0.457541
0.457541
0.457541
0.45754
0.45754
0.457539
0.457539
0.457539
0.457538
0.457537
0.358868
0.358868
0.358868
0.358868
0.358868
0.358867
0.358867
0.358867
0.358866
0.358866
0.27613
0.27613
0.27613
0.27613
0.27613
0.27613
0.27613
0.27613
0.276129
0.276129
0.207931
0.207931
0.207931
0.207931
0.207931
0.207931
0.20793
0.20793
0.20793
0.20793
0.152798
0.152798
0.152798
0.152798
0.152798
0.152798
0.152798
0.152798
0.152798
0.152798
0.109205
0.109205
0.109205
0.109205
0.109205
0.109205
0.109205
0.109205
0.109205
0.109206
0.0756011
0.0756011
0.0756012
0.0756014
0.0756015
0.0756016
0.0756017
0.0756018
0.0756019
0.0756021
0.0504452
0.0504453
0.0504454
0.0504455
0.0504457
0.0504458
0.0504459
0.0504461
0.0504462
0.0504465
0.0322421
0.0322422
0.0322423
0.0322424
0.0322426
0.0322427
0.0322429
0.032243
0.0322432
0.0322435
0.0195863
0.0195864
0.0195865
0.0195867
0.0195868
0.019587
0.0195871
0.0195872
0.0195874
0.0195877
0.0111973
0.0111974
0.0111975
0.0111976
0.0111977
0.0111978
0.011198
0.0111981
0.0111982
0.0111986
0.00594631
0.00594637
0.00594646
0.00594656
0.00594665
0.00594675
0.00594685
0.00594695
0.00594706
0.00594731
0.00288481
0.00288485
0.00288491
0.00288498
0.00288504
0.00288511
0.00288518
0.00288524
0.00288531
0.00288548
0.00125514
0.00125516
0.0012552
0.00125523
0.00125527
0.0012553
0.00125534
0.00125537
0.00125541
0.0012555
0.000483472
0.00048348
0.000483493
0.000483506
0.000483519
0.000483533
0.000483547
0.000483561
0.000483575
0.000483609
0.000166166
0.000166167
0.00016617
0.000166173
0.000166175
0.000166178
0.000166181
0.000166184
0.000166187
0.000166194
5.33806e-05
5.33804e-05
5.33801e-05
5.33797e-05
5.33793e-05
5.3379e-05
5.33786e-05
5.33783e-05
5.33779e-05
5.3377e-05
1.72694e-05
1.72691e-05
1.72687e-05
1.72682e-05
1.72677e-05
1.72672e-05
1.72667e-05
1.72662e-05
1.72657e-05
1.72645e-05
5.78096e-06
5.78088e-06
5.78075e-06
5.78061e-06
5.78046e-06
5.78032e-06
5.78017e-06
5.78003e-06
5.77987e-06
5.77952e-06
1.96597e-06
1.96596e-06
1.96595e-06
1.96594e-06
1.96592e-06
1.96591e-06
1.96589e-06
1.96588e-06
1.96586e-06
1.96583e-06
7.04215e-07
7.04216e-07
7.04216e-07
7.04216e-07
7.04217e-07
7.04217e-07
7.04217e-07
7.04218e-07
7.04218e-07
7.04219e-07
2.78058e-07
2.78057e-07
2.78057e-07
2.78057e-07
2.78057e-07
2.78057e-07
2.78057e-07
2.78057e-07
2.78057e-07
2.78056e-07
1.192e-07
1.192e-07
1.192e-07
1.19199e-07
1.19199e-07
1.19199e-07
1.19199e-07
1.19199e-07
1.19198e-07
1.19198e-07
5.28543e-08
5.28542e-08
5.28542e-08
5.28541e-08
5.2854e-08
5.2854e-08
5.28539e-08
5.28538e-08
5.28538e-08
5.28536e-08
2.38521e-08
2.38521e-08
2.38521e-08
2.38521e-08
2.38521e-08
2.38521e-08
2.38521e-08
2.38521e-08
2.38521e-08
2.38521e-08
1.15953e-08
1.15953e-08
1.15953e-08
1.15953e-08
1.15953e-08
1.15953e-08
1.15953e-08
1.15953e-08
1.15953e-08
1.15953e-08
6.72829e-09
6.72828e-09
6.72827e-09
6.72825e-09
6.72824e-09
6.72822e-09
6.7282e-09
6.72819e-09
6.72817e-09
6.72813e-09
5.04578e-09
5.04577e-09
5.04575e-09
5.04573e-09
5.04571e-09
5.04569e-09
5.04567e-09
5.04565e-09
5.04564e-09
5.04559e-09
)
;

boundaryField
{
    inlet
    {
        type            zeroGradient;
    }
    outlet
    {
        type            zeroGradient;
    }
    sideLeft
    {
        type            zeroGradient;
    }
    sideRight
    {
        type            zeroGradient;
    }
    top
    {
        type            symmetryPlane;
        value           nonuniform List<scalar> 
100
(
5.0495e-09
5.04948e-09
5.04942e-09
5.04925e-09
5.04889e-09
5.0483e-09
5.0474e-09
5.04655e-09
5.04604e-09
5.04578e-09
5.04949e-09
5.04947e-09
5.04941e-09
5.04924e-09
5.04888e-09
5.04829e-09
5.04739e-09
5.04654e-09
5.04603e-09
5.04577e-09
5.04947e-09
5.04945e-09
5.04939e-09
5.04923e-09
5.04887e-09
5.04827e-09
5.04737e-09
5.04652e-09
5.04601e-09
5.04575e-09
5.04945e-09
5.04943e-09
5.04938e-09
5.04921e-09
5.04885e-09
5.04825e-09
5.04735e-09
5.04651e-09
5.04599e-09
5.04573e-09
5.04943e-09
5.04942e-09
5.04936e-09
5.04919e-09
5.04883e-09
5.04824e-09
5.04734e-09
5.04649e-09
5.04597e-09
5.04571e-09
5.04941e-09
5.0494e-09
5.04934e-09
5.04917e-09
5.04881e-09
5.04822e-09
5.04732e-09
5.04647e-09
5.04596e-09
5.04569e-09
5.04939e-09
5.04938e-09
5.04932e-09
5.04915e-09
5.04879e-09
5.0482e-09
5.0473e-09
5.04645e-09
5.04594e-09
5.04567e-09
5.04938e-09
5.04936e-09
5.0493e-09
5.04913e-09
5.04877e-09
5.04818e-09
5.04728e-09
5.04643e-09
5.04592e-09
5.04565e-09
5.04936e-09
5.04934e-09
5.04928e-09
5.04911e-09
5.04876e-09
5.04816e-09
5.04726e-09
5.04641e-09
5.0459e-09
5.04564e-09
5.04931e-09
5.04929e-09
5.04924e-09
5.04907e-09
5.04871e-09
5.04812e-09
5.04722e-09
5.04637e-09
5.04585e-09
5.04559e-09
)
;
    }
    bottomRoughWall
    {
        type            epsilonWallFunction;
        refValue        nonuniform List<scalar> 
100
(
58.6317
58.6318
58.6319
58.6319
58.632
58.6321
58.6322
58.6323
58.6324
58.6324
58.6317
58.6318
58.6319
58.632
58.632
58.6321
58.6322
58.6323
58.6324
58.6324
58.6318
58.6319
58.632
58.6321
58.6321
58.6322
58.6323
58.6324
58.6325
58.6325
58.632
58.6321
58.6321
58.6322
58.6323
58.6324
58.6325
58.6325
58.6326
58.6326
58.6321
58.6323
58.6323
58.6324
58.6325
58.6326
58.6326
58.6327
58.6327
58.6327
58.6323
58.6324
58.6325
58.6326
58.6326
58.6327
58.6328
58.6328
58.6328
58.6328
58.6325
58.6326
58.6326
58.6327
58.6328
58.6329
58.6329
58.6329
58.633
58.633
58.6326
58.6327
58.6328
58.6329
58.6329
58.633
58.633
58.633
58.633
58.633
58.6327
58.6329
58.6329
58.6329
58.633
58.633
58.633
58.6331
58.6331
58.6332
58.6326
58.6327
58.6328
58.6328
58.6329
58.6329
58.6329
58.6329
58.633
58.633
)
;
        value           nonuniform List<scalar> 
100
(
58.6317
58.6318
58.6319
58.6319
58.632
58.6321
58.6322
58.6323
58.6324
58.6324
58.6317
58.6318
58.6319
58.632
58.632
58.6321
58.6322
58.6323
58.6324
58.6324
58.6318
58.6319
58.632
58.6321
58.6321
58.6322
58.6323
58.6324
58.6325
58.6325
58.632
58.6321
58.6321
58.6322
58.6323
58.6324
58.6325
58.6325
58.6326
58.6326
58.6321
58.6323
58.6323
58.6324
58.6325
58.6326
58.6326
58.6327
58.6327
58.6327
58.6323
58.6324
58.6325
58.6326
58.6326
58.6327
58.6328
58.6328
58.6328
58.6328
58.6325
58.6326
58.6326
58.6327
58.6328
58.6329
58.6329
58.6329
58.633
58.633
58.6326
58.6327
58.6328
58.6329
58.6329
58.633
58.633
58.633
58.633
58.633
58.6327
58.6329
58.6329
58.6329
58.633
58.633
58.633
58.6331
58.6331
58.6332
58.6326
58.6327
58.6328
58.6328
58.6329
58.6329
58.6329
58.6329
58.633
58.633
)
;
        Cmu             0.03;
        kappa           0.41;
        E               9.8;
    }
}


// ************************************************************************* //
