/*--------------------------------*- C++ -*----------------------------------*\
| =========                 |                                                 |
| \\      /  F ield         | foam-extend: Open Source CFD                    |
|  \\    /   O peration     | Version:     3.2                                |
|   \\  /    A nd           | Web:         http://www.foam-extend.org         |
|    \\/     M anipulation  | For copyright notice see file Copyright         |
\*---------------------------------------------------------------------------*/
FoamFile
{
    version     2.0;
    format      ascii;
    class       volScalarField;
    location    "2000000";
    object      k;
}
// * * * * * * * * * * * * * * * * * * * * * * * * * * * * * * * * * * * * * //

dimensions      [0 2 -2 0 0 0 0];

internalField   nonuniform List<scalar> 
5000
(
2.25476
2.25476
2.25476
2.25476
2.25477
2.25477
2.25478
2.25478
2.25478
2.25478
2.27728
2.27728
2.27728
2.27727
2.27727
2.27727
2.27727
2.27727
2.27727
2.27727
2.08235
2.08235
2.08235
2.08235
2.08235
2.08235
2.08234
2.08234
2.08234
2.08234
1.94284
1.94284
1.94284
1.94284
1.94284
1.94284
1.94283
1.94283
1.94283
1.94283
1.82583
1.82583
1.82583
1.82583
1.82582
1.82582
1.82582
1.82582
1.82582
1.82582
1.71959
1.71959
1.71958
1.71958
1.71958
1.71958
1.71958
1.71958
1.71958
1.71957
1.61914
1.61914
1.61914
1.61914
1.61914
1.61914
1.61914
1.61914
1.61914
1.61913
1.52221
1.52221
1.52221
1.52221
1.52221
1.5222
1.5222
1.5222
1.5222
1.5222
1.4277
1.4277
1.4277
1.42769
1.42769
1.42769
1.42769
1.42769
1.42769
1.42769
1.33512
1.33512
1.33512
1.33512
1.33512
1.33512
1.33512
1.33512
1.33512
1.33511
1.24432
1.24432
1.24432
1.24432
1.24432
1.24432
1.24432
1.24432
1.24432
1.24432
1.15531
1.15531
1.15531
1.15531
1.15531
1.15531
1.15531
1.15531
1.15531
1.15531
1.06821
1.06821
1.06821
1.06821
1.06821
1.06821
1.06821
1.06821
1.06821
1.06821
0.983198
0.983198
0.983197
0.983196
0.983195
0.983195
0.983194
0.983193
0.983193
0.983191
0.900487
0.900486
0.900486
0.900485
0.900484
0.900484
0.900483
0.900482
0.900482
0.900481
0.820313
0.820313
0.820312
0.820312
0.820311
0.820311
0.82031
0.82031
0.820309
0.820308
0.742924
0.742923
0.742923
0.742922
0.742922
0.742921
0.742921
0.74292
0.74292
0.742919
0.668566
0.668565
0.668565
0.668564
0.668564
0.668564
0.668563
0.668563
0.668562
0.668561
0.597483
0.597483
0.597483
0.597482
0.597482
0.597482
0.597481
0.597481
0.597481
0.59748
0.529914
0.529913
0.529913
0.529913
0.529913
0.529912
0.529912
0.529912
0.529911
0.529911
0.466079
0.466079
0.466079
0.466079
0.466078
0.466078
0.466078
0.466078
0.466078
0.466077
0.406185
0.406185
0.406185
0.406185
0.406185
0.406184
0.406184
0.406184
0.406184
0.406184
0.350413
0.350413
0.350413
0.350413
0.350412
0.350412
0.350412
0.350412
0.350412
0.350412
0.298914
0.298914
0.298914
0.298914
0.298914
0.298914
0.298914
0.298914
0.298914
0.298913
0.251806
0.251806
0.251806
0.251806
0.251806
0.251806
0.251806
0.251806
0.251806
0.251806
0.209165
0.209165
0.209165
0.209165
0.209165
0.209165
0.209165
0.209165
0.209165
0.209165
0.17102
0.17102
0.17102
0.17102
0.17102
0.17102
0.17102
0.17102
0.17102
0.17102
0.137347
0.137347
0.137347
0.137347
0.137347
0.137347
0.137347
0.137347
0.137347
0.137348
0.108067
0.108067
0.108067
0.108067
0.108068
0.108068
0.108068
0.108068
0.108068
0.108068
0.0830539
0.083054
0.0830541
0.0830543
0.0830545
0.0830546
0.0830548
0.0830549
0.0830551
0.0830555
0.0621165
0.0621166
0.0621168
0.062117
0.0621172
0.0621174
0.0621176
0.0621178
0.062118
0.0621185
0.0450003
0.0450004
0.0450006
0.0450008
0.045001
0.0450013
0.0450015
0.0450017
0.0450019
0.0450025
0.0313921
0.0313922
0.0313924
0.0313927
0.0313929
0.0313931
0.0313933
0.0313936
0.0313938
0.0313943
0.0209304
0.0209305
0.0209307
0.0209309
0.0209311
0.0209313
0.0209315
0.0209317
0.020932
0.0209325
0.0132182
0.0132183
0.0132185
0.0132186
0.0132188
0.013219
0.0132191
0.0132193
0.0132195
0.0132199
0.00783424
0.00783431
0.00783441
0.00783453
0.00783464
0.00783476
0.00783487
0.00783499
0.00783511
0.00783539
0.00433557
0.00433561
0.00433566
0.00433572
0.00433577
0.00433583
0.00433589
0.00433595
0.00433601
0.00433615
0.00225642
0.00225643
0.00225644
0.00225645
0.00225647
0.00225648
0.0022565
0.00225651
0.00225653
0.00225657
0.00113304
0.00113304
0.00113303
0.00113303
0.00113302
0.00113302
0.00113301
0.00113301
0.001133
0.00113299
0.000568706
0.000568702
0.000568696
0.00056869
0.000568683
0.000568676
0.000568669
0.000568663
0.000568655
0.000568639
0.000290909
0.000290908
0.000290905
0.000290902
0.000290899
0.000290896
0.000290893
0.000290891
0.000290887
0.00029088
0.00015237
0.000152369
0.000152369
0.000152368
0.000152368
0.000152367
0.000152367
0.000152366
0.000152366
0.000152365
8.30071e-05
8.30071e-05
8.30071e-05
8.30071e-05
8.30071e-05
8.30071e-05
8.30071e-05
8.30071e-05
8.30071e-05
8.30071e-05
4.75062e-05
4.75061e-05
4.75061e-05
4.75061e-05
4.75061e-05
4.75061e-05
4.75061e-05
4.75061e-05
4.75061e-05
4.75061e-05
2.82508e-05
2.82508e-05
2.82508e-05
2.82508e-05
2.82508e-05
2.82508e-05
2.82507e-05
2.82507e-05
2.82507e-05
2.82506e-05
1.72029e-05
1.72029e-05
1.72028e-05
1.72028e-05
1.72028e-05
1.72028e-05
1.72028e-05
1.72028e-05
1.72028e-05
1.72027e-05
1.07511e-05
1.07511e-05
1.07511e-05
1.07511e-05
1.07511e-05
1.07511e-05
1.07511e-05
1.07511e-05
1.07511e-05
1.07511e-05
7.11345e-06
7.11345e-06
7.11344e-06
7.11344e-06
7.11344e-06
7.11344e-06
7.11343e-06
7.11343e-06
7.11343e-06
7.11342e-06
5.24298e-06
5.24298e-06
5.24298e-06
5.24297e-06
5.24297e-06
5.24296e-06
5.24296e-06
5.24295e-06
5.24295e-06
5.24293e-06
4.47121e-06
4.47121e-06
4.4712e-06
4.4712e-06
4.47119e-06
4.47118e-06
4.47118e-06
4.47117e-06
4.47116e-06
4.47115e-06
2.25476
2.25476
2.25476
2.25477
2.25477
2.25478
2.25478
2.25478
2.25479
2.25478
2.27728
2.27728
2.27728
2.27728
2.27728
2.27727
2.27727
2.27727
2.27727
2.27727
2.08236
2.08236
2.08235
2.08235
2.08235
2.08235
2.08235
2.08235
2.08234
2.08234
1.94285
1.94285
1.94284
1.94284
1.94284
1.94284
1.94284
1.94284
1.94284
1.94283
1.82583
1.82583
1.82583
1.82583
1.82583
1.82583
1.82583
1.82582
1.82582
1.82582
1.71959
1.71959
1.71959
1.71959
1.71959
1.71958
1.71958
1.71958
1.71958
1.71958
1.61915
1.61915
1.61915
1.61915
1.61914
1.61914
1.61914
1.61914
1.61914
1.61914
1.52221
1.52221
1.52221
1.52221
1.52221
1.52221
1.52221
1.52221
1.52221
1.5222
1.4277
1.4277
1.4277
1.4277
1.4277
1.4277
1.4277
1.42769
1.42769
1.42769
1.33513
1.33513
1.33513
1.33512
1.33512
1.33512
1.33512
1.33512
1.33512
1.33512
1.24433
1.24433
1.24433
1.24433
1.24432
1.24432
1.24432
1.24432
1.24432
1.24432
1.15532
1.15532
1.15532
1.15532
1.15531
1.15531
1.15531
1.15531
1.15531
1.15531
1.06822
1.06822
1.06821
1.06821
1.06821
1.06821
1.06821
1.06821
1.06821
1.06821
0.983201
0.983201
0.9832
0.9832
0.983199
0.983198
0.983198
0.983197
0.983197
0.983195
0.90049
0.900489
0.900489
0.900488
0.900488
0.900487
0.900486
0.900486
0.900485
0.900484
0.820316
0.820316
0.820315
0.820315
0.820314
0.820314
0.820313
0.820313
0.820312
0.820311
0.742926
0.742926
0.742926
0.742925
0.742925
0.742924
0.742924
0.742923
0.742923
0.742922
0.668568
0.668568
0.668567
0.668567
0.668567
0.668566
0.668566
0.668565
0.668565
0.668564
0.597486
0.597485
0.597485
0.597485
0.597484
0.597484
0.597484
0.597483
0.597483
0.597482
0.529916
0.529916
0.529915
0.529915
0.529915
0.529914
0.529914
0.529914
0.529914
0.529913
0.466081
0.466081
0.466081
0.466081
0.46608
0.46608
0.46608
0.46608
0.466079
0.466079
0.406187
0.406187
0.406187
0.406186
0.406186
0.406186
0.406186
0.406186
0.406186
0.406185
0.350414
0.350414
0.350414
0.350414
0.350414
0.350414
0.350414
0.350414
0.350413
0.350413
0.298916
0.298916
0.298915
0.298915
0.298915
0.298915
0.298915
0.298915
0.298915
0.298915
0.251808
0.251808
0.251808
0.251808
0.251808
0.251807
0.251807
0.251807
0.251807
0.251807
0.209167
0.209167
0.209167
0.209167
0.209167
0.209167
0.209167
0.209167
0.209167
0.209167
0.171023
0.171023
0.171023
0.171023
0.171023
0.171023
0.171023
0.171023
0.171023
0.171023
0.137352
0.137352
0.137352
0.137352
0.137352
0.137352
0.137353
0.137353
0.137353
0.137353
0.108074
0.108074
0.108074
0.108074
0.108074
0.108074
0.108074
0.108075
0.108075
0.108075
0.0830572
0.0830573
0.0830574
0.0830576
0.0830577
0.0830579
0.083058
0.0830582
0.0830584
0.0830588
0.0621177
0.0621178
0.062118
0.0621182
0.0621183
0.0621185
0.0621187
0.0621189
0.0621191
0.0621196
0.0450008
0.0450009
0.0450011
0.0450013
0.0450015
0.0450017
0.0450019
0.0450022
0.0450024
0.0450029
0.0313924
0.0313926
0.0313927
0.031393
0.0313932
0.0313934
0.0313936
0.0313938
0.0313941
0.0313946
0.0209307
0.0209308
0.020931
0.0209312
0.0209314
0.0209316
0.0209318
0.020932
0.0209322
0.0209327
0.0132184
0.0132185
0.0132187
0.0132188
0.013219
0.0132191
0.0132193
0.0132195
0.0132197
0.0132201
0.00783439
0.00783446
0.00783456
0.00783467
0.00783478
0.0078349
0.00783501
0.00783513
0.00783524
0.00783553
0.0043356
0.00433563
0.00433568
0.00433574
0.00433579
0.00433585
0.00433591
0.00433597
0.00433603
0.00433617
0.00225636
0.00225637
0.00225638
0.0022564
0.00225641
0.00225643
0.00225644
0.00225646
0.00225648
0.00225651
0.00113294
0.00113293
0.00113293
0.00113293
0.00113292
0.00113292
0.00113291
0.00113291
0.0011329
0.00113289
0.000568648
0.000568644
0.000568638
0.000568632
0.000568625
0.000568618
0.000568612
0.000568605
0.000568597
0.000568581
0.000290887
0.000290885
0.000290883
0.00029088
0.000290877
0.000290874
0.000290871
0.000290868
0.000290865
0.000290858
0.000152362
0.000152362
0.000152361
0.000152361
0.00015236
0.00015236
0.000152359
0.000152359
0.000152358
0.000152357
8.30047e-05
8.30047e-05
8.30047e-05
8.30046e-05
8.30046e-05
8.30046e-05
8.30046e-05
8.30046e-05
8.30046e-05
8.30046e-05
4.75052e-05
4.75052e-05
4.75052e-05
4.75052e-05
4.75052e-05
4.75052e-05
4.75052e-05
4.75052e-05
4.75052e-05
4.75051e-05
2.82508e-05
2.82507e-05
2.82507e-05
2.82507e-05
2.82507e-05
2.82507e-05
2.82506e-05
2.82506e-05
2.82506e-05
2.82505e-05
1.7203e-05
1.72029e-05
1.72029e-05
1.72029e-05
1.72029e-05
1.72029e-05
1.72029e-05
1.72029e-05
1.72029e-05
1.72028e-05
1.07512e-05
1.07512e-05
1.07512e-05
1.07512e-05
1.07512e-05
1.07512e-05
1.07512e-05
1.07512e-05
1.07512e-05
1.07511e-05
7.11346e-06
7.11346e-06
7.11346e-06
7.11345e-06
7.11345e-06
7.11345e-06
7.11345e-06
7.11344e-06
7.11344e-06
7.11344e-06
5.24298e-06
5.24298e-06
5.24297e-06
5.24297e-06
5.24296e-06
5.24296e-06
5.24295e-06
5.24295e-06
5.24294e-06
5.24293e-06
4.47121e-06
4.4712e-06
4.4712e-06
4.47119e-06
4.47118e-06
4.47118e-06
4.47117e-06
4.47116e-06
4.47116e-06
4.47114e-06
2.25476
2.25476
2.25476
2.25477
2.25477
2.25478
2.25478
2.25478
2.25479
2.25478
2.27728
2.27728
2.27728
2.27728
2.27728
2.27728
2.27728
2.27727
2.27727
2.27727
2.08236
2.08236
2.08236
2.08235
2.08235
2.08235
2.08235
2.08235
2.08235
2.08234
1.94285
1.94285
1.94285
1.94284
1.94284
1.94284
1.94284
1.94284
1.94284
1.94283
1.82583
1.82583
1.82583
1.82583
1.82583
1.82583
1.82583
1.82583
1.82582
1.82582
1.71959
1.71959
1.71959
1.71959
1.71959
1.71959
1.71959
1.71958
1.71958
1.71958
1.61915
1.61915
1.61915
1.61915
1.61915
1.61915
1.61914
1.61914
1.61914
1.61914
1.52222
1.52221
1.52221
1.52221
1.52221
1.52221
1.52221
1.52221
1.52221
1.52221
1.4277
1.4277
1.4277
1.4277
1.4277
1.4277
1.4277
1.4277
1.4277
1.42769
1.33513
1.33513
1.33513
1.33513
1.33513
1.33512
1.33512
1.33512
1.33512
1.33512
1.24433
1.24433
1.24433
1.24433
1.24433
1.24433
1.24433
1.24432
1.24432
1.24432
1.15532
1.15532
1.15532
1.15532
1.15532
1.15532
1.15532
1.15531
1.15531
1.15531
1.06822
1.06822
1.06822
1.06822
1.06822
1.06821
1.06821
1.06821
1.06821
1.06821
0.983203
0.983203
0.983202
0.983202
0.983201
0.9832
0.9832
0.983199
0.983199
0.983197
0.900491
0.900491
0.90049
0.90049
0.900489
0.900489
0.900488
0.900488
0.900487
0.900486
0.820318
0.820317
0.820317
0.820316
0.820316
0.820315
0.820315
0.820315
0.820314
0.820313
0.742928
0.742927
0.742927
0.742927
0.742926
0.742926
0.742925
0.742925
0.742924
0.742924
0.668569
0.668569
0.668569
0.668568
0.668568
0.668567
0.668567
0.668567
0.668566
0.668565
0.597487
0.597486
0.597486
0.597486
0.597486
0.597485
0.597485
0.597485
0.597484
0.597483
0.529916
0.529916
0.529916
0.529916
0.529916
0.529915
0.529915
0.529915
0.529914
0.529914
0.466082
0.466082
0.466081
0.466081
0.466081
0.466081
0.466081
0.46608
0.46608
0.46608
0.406187
0.406187
0.406187
0.406187
0.406187
0.406187
0.406186
0.406186
0.406186
0.406186
0.350415
0.350415
0.350414
0.350414
0.350414
0.350414
0.350414
0.350414
0.350414
0.350413
0.298916
0.298916
0.298916
0.298916
0.298915
0.298915
0.298915
0.298915
0.298915
0.298915
0.251808
0.251808
0.251808
0.251808
0.251808
0.251808
0.251808
0.251808
0.251808
0.251807
0.209167
0.209167
0.209167
0.209167
0.209167
0.209167
0.209167
0.209167
0.209167
0.209167
0.171023
0.171023
0.171023
0.171023
0.171023
0.171023
0.171023
0.171024
0.171024
0.171024
0.137354
0.137354
0.137354
0.137354
0.137354
0.137354
0.137354
0.137354
0.137354
0.137355
0.108078
0.108078
0.108078
0.108078
0.108078
0.108078
0.108078
0.108078
0.108079
0.108079
0.0830616
0.0830617
0.0830618
0.083062
0.0830622
0.0830623
0.0830625
0.0830626
0.0830628
0.0830632
0.06212
0.0621201
0.0621203
0.0621205
0.0621206
0.0621208
0.062121
0.0621212
0.0621214
0.0621219
0.0450018
0.0450019
0.0450021
0.0450023
0.0450025
0.0450027
0.0450029
0.0450031
0.0450034
0.0450039
0.0313929
0.0313931
0.0313933
0.0313935
0.0313937
0.0313939
0.0313941
0.0313943
0.0313945
0.0313951
0.020931
0.0209311
0.0209313
0.0209315
0.0209317
0.0209319
0.0209321
0.0209323
0.0209325
0.020933
0.0132186
0.0132187
0.0132188
0.013219
0.0132192
0.0132193
0.0132195
0.0132197
0.0132198
0.0132202
0.00783438
0.00783445
0.00783455
0.00783466
0.00783477
0.00783489
0.007835
0.00783511
0.00783524
0.00783551
0.00433554
0.00433557
0.00433562
0.00433568
0.00433574
0.00433579
0.00433585
0.00433591
0.00433597
0.00433611
0.00225615
0.00225616
0.00225618
0.00225619
0.00225621
0.00225622
0.00225624
0.00225625
0.00225627
0.0022563
0.00113265
0.00113265
0.00113264
0.00113264
0.00113263
0.00113263
0.00113263
0.00113262
0.00113262
0.00113261
0.000568493
0.000568488
0.000568482
0.000568476
0.000568469
0.000568463
0.000568456
0.000568449
0.000568442
0.000568425
0.000290829
0.000290828
0.000290825
0.000290822
0.000290819
0.000290816
0.000290814
0.000290811
0.000290808
0.0002908
0.000152342
0.000152341
0.000152341
0.00015234
0.00015234
0.000152339
0.000152339
0.000152338
0.000152338
0.000152336
8.29977e-05
8.29976e-05
8.29976e-05
8.29976e-05
8.29976e-05
8.29976e-05
8.29976e-05
8.29976e-05
8.29976e-05
8.29975e-05
4.75029e-05
4.75029e-05
4.75029e-05
4.75029e-05
4.75029e-05
4.75028e-05
4.75028e-05
4.75028e-05
4.75028e-05
4.75028e-05
2.82503e-05
2.82503e-05
2.82503e-05
2.82503e-05
2.82502e-05
2.82502e-05
2.82502e-05
2.82502e-05
2.82502e-05
2.82501e-05
1.72031e-05
1.72031e-05
1.72031e-05
1.7203e-05
1.7203e-05
1.7203e-05
1.7203e-05
1.7203e-05
1.7203e-05
1.7203e-05
1.07514e-05
1.07514e-05
1.07514e-05
1.07513e-05
1.07513e-05
1.07513e-05
1.07513e-05
1.07513e-05
1.07513e-05
1.07513e-05
7.11343e-06
7.11343e-06
7.11343e-06
7.11343e-06
7.11343e-06
7.11342e-06
7.11342e-06
7.11342e-06
7.11342e-06
7.11341e-06
5.24294e-06
5.24294e-06
5.24293e-06
5.24293e-06
5.24293e-06
5.24292e-06
5.24292e-06
5.24291e-06
5.24291e-06
5.24289e-06
4.47118e-06
4.47118e-06
4.47117e-06
4.47117e-06
4.47116e-06
4.47115e-06
4.47115e-06
4.47114e-06
4.47113e-06
4.47112e-06
2.25476
2.25476
2.25477
2.25477
2.25477
2.25478
2.25478
2.25479
2.25479
2.25479
2.27729
2.27728
2.27728
2.27728
2.27728
2.27728
2.27728
2.27728
2.27728
2.27727
2.08236
2.08236
2.08236
2.08236
2.08235
2.08235
2.08235
2.08235
2.08235
2.08234
1.94285
1.94285
1.94285
1.94285
1.94285
1.94284
1.94284
1.94284
1.94284
1.94284
1.82584
1.82584
1.82584
1.82583
1.82583
1.82583
1.82583
1.82583
1.82583
1.82582
1.71959
1.71959
1.71959
1.71959
1.71959
1.71959
1.71959
1.71959
1.71959
1.71958
1.61915
1.61915
1.61915
1.61915
1.61915
1.61915
1.61915
1.61915
1.61914
1.61914
1.52222
1.52222
1.52222
1.52222
1.52221
1.52221
1.52221
1.52221
1.52221
1.52221
1.4277
1.4277
1.4277
1.4277
1.4277
1.4277
1.4277
1.4277
1.4277
1.4277
1.33513
1.33513
1.33513
1.33513
1.33513
1.33513
1.33513
1.33513
1.33513
1.33512
1.24433
1.24433
1.24433
1.24433
1.24433
1.24433
1.24433
1.24433
1.24433
1.24432
1.15532
1.15532
1.15532
1.15532
1.15532
1.15532
1.15532
1.15532
1.15532
1.15532
1.06822
1.06822
1.06822
1.06822
1.06822
1.06822
1.06822
1.06822
1.06821
1.06821
0.983205
0.983205
0.983204
0.983203
0.983203
0.983202
0.983202
0.983201
0.983201
0.983199
0.900493
0.900493
0.900492
0.900492
0.900491
0.900491
0.90049
0.900489
0.900489
0.900488
0.820319
0.820319
0.820319
0.820318
0.820318
0.820317
0.820317
0.820316
0.820316
0.820315
0.742929
0.742929
0.742928
0.742928
0.742928
0.742927
0.742927
0.742926
0.742926
0.742925
0.66857
0.66857
0.66857
0.668569
0.668569
0.668569
0.668568
0.668568
0.668568
0.668567
0.597488
0.597488
0.597487
0.597487
0.597487
0.597486
0.597486
0.597486
0.597485
0.597484
0.529917
0.529917
0.529917
0.529917
0.529916
0.529916
0.529916
0.529916
0.529915
0.529915
0.466082
0.466082
0.466082
0.466082
0.466082
0.466081
0.466081
0.466081
0.466081
0.46608
0.406188
0.406188
0.406188
0.406187
0.406187
0.406187
0.406187
0.406187
0.406186
0.406186
0.350415
0.350415
0.350415
0.350415
0.350415
0.350414
0.350414
0.350414
0.350414
0.350414
0.298916
0.298916
0.298916
0.298916
0.298916
0.298916
0.298916
0.298915
0.298915
0.298915
0.251808
0.251808
0.251808
0.251808
0.251808
0.251808
0.251808
0.251808
0.251808
0.251808
0.209167
0.209167
0.209167
0.209167
0.209167
0.209167
0.209167
0.209167
0.209167
0.209167
0.171024
0.171024
0.171024
0.171024
0.171024
0.171024
0.171024
0.171024
0.171024
0.171024
0.137355
0.137355
0.137355
0.137355
0.137355
0.137355
0.137356
0.137356
0.137356
0.137356
0.108081
0.108082
0.108082
0.108082
0.108082
0.108082
0.108082
0.108082
0.108082
0.108083
0.0830669
0.083067
0.0830672
0.0830673
0.0830675
0.0830676
0.0830678
0.0830679
0.0830681
0.0830685
0.0621236
0.0621237
0.0621239
0.0621241
0.0621242
0.0621244
0.0621246
0.0621248
0.062125
0.0621255
0.0450035
0.0450037
0.0450039
0.0450041
0.0450043
0.0450045
0.0450047
0.0450049
0.0450051
0.0450056
0.0313938
0.0313939
0.0313941
0.0313943
0.0313945
0.0313947
0.031395
0.0313952
0.0313954
0.0313959
0.0209315
0.0209316
0.0209318
0.020932
0.0209322
0.0209324
0.0209326
0.0209328
0.020933
0.0209335
0.0132188
0.0132189
0.0132191
0.0132192
0.0132194
0.0132196
0.0132197
0.0132199
0.0132201
0.0132205
0.00783438
0.00783445
0.00783455
0.00783467
0.00783478
0.00783489
0.00783501
0.00783512
0.00783524
0.00783553
0.00433546
0.00433549
0.00433555
0.0043356
0.00433566
0.00433572
0.00433577
0.00433583
0.00433589
0.00433604
0.0022559
0.00225591
0.00225593
0.00225594
0.00225596
0.00225597
0.00225599
0.002256
0.00225602
0.00225606
0.00113227
0.00113227
0.00113226
0.00113226
0.00113226
0.00113225
0.00113225
0.00113224
0.00113224
0.00113223
0.000568278
0.000568274
0.000568268
0.000568261
0.000568255
0.000568248
0.000568241
0.000568234
0.000568227
0.00056821
0.000290755
0.000290753
0.000290751
0.000290748
0.000290745
0.000290742
0.000290739
0.000290736
0.000290733
0.000290726
0.000152316
0.000152316
0.000152316
0.000152315
0.000152315
0.000152314
0.000152314
0.000152313
0.000152312
0.000152311
8.2988e-05
8.2988e-05
8.2988e-05
8.2988e-05
8.2988e-05
8.29879e-05
8.29879e-05
8.29879e-05
8.29879e-05
8.29879e-05
4.74984e-05
4.74983e-05
4.74983e-05
4.74983e-05
4.74983e-05
4.74983e-05
4.74983e-05
4.74983e-05
4.74983e-05
4.74982e-05
2.82486e-05
2.82486e-05
2.82486e-05
2.82486e-05
2.82485e-05
2.82485e-05
2.82485e-05
2.82485e-05
2.82485e-05
2.82484e-05
1.72026e-05
1.72026e-05
1.72026e-05
1.72026e-05
1.72026e-05
1.72026e-05
1.72026e-05
1.72025e-05
1.72025e-05
1.72025e-05
1.07512e-05
1.07512e-05
1.07512e-05
1.07512e-05
1.07512e-05
1.07512e-05
1.07512e-05
1.07512e-05
1.07512e-05
1.07512e-05
7.11326e-06
7.11326e-06
7.11326e-06
7.11326e-06
7.11325e-06
7.11325e-06
7.11325e-06
7.11325e-06
7.11325e-06
7.11324e-06
5.2428e-06
5.2428e-06
5.2428e-06
5.24279e-06
5.24279e-06
5.24278e-06
5.24278e-06
5.24277e-06
5.24277e-06
5.24276e-06
4.47111e-06
4.47111e-06
4.4711e-06
4.47109e-06
4.47109e-06
4.47108e-06
4.47107e-06
4.47107e-06
4.47106e-06
4.47104e-06
2.25476
2.25476
2.25477
2.25477
2.25478
2.25478
2.25478
2.25479
2.25479
2.25479
2.27729
2.27729
2.27728
2.27728
2.27728
2.27728
2.27728
2.27728
2.27728
2.27727
2.08236
2.08236
2.08236
2.08236
2.08236
2.08236
2.08235
2.08235
2.08235
2.08235
1.94285
1.94285
1.94285
1.94285
1.94285
1.94285
1.94284
1.94284
1.94284
1.94284
1.82584
1.82584
1.82584
1.82584
1.82584
1.82583
1.82583
1.82583
1.82583
1.82582
1.7196
1.7196
1.7196
1.71959
1.71959
1.71959
1.71959
1.71959
1.71959
1.71958
1.61915
1.61915
1.61915
1.61915
1.61915
1.61915
1.61915
1.61915
1.61915
1.61914
1.52222
1.52222
1.52222
1.52222
1.52222
1.52222
1.52221
1.52221
1.52221
1.52221
1.42771
1.42771
1.42771
1.42771
1.4277
1.4277
1.4277
1.4277
1.4277
1.4277
1.33513
1.33513
1.33513
1.33513
1.33513
1.33513
1.33513
1.33513
1.33513
1.33513
1.24433
1.24433
1.24433
1.24433
1.24433
1.24433
1.24433
1.24433
1.24433
1.24433
1.15532
1.15532
1.15532
1.15532
1.15532
1.15532
1.15532
1.15532
1.15532
1.15532
1.06822
1.06822
1.06822
1.06822
1.06822
1.06822
1.06822
1.06822
1.06822
1.06822
0.983207
0.983206
0.983206
0.983205
0.983205
0.983204
0.983203
0.983203
0.983202
0.983201
0.900495
0.900494
0.900494
0.900493
0.900493
0.900492
0.900492
0.900491
0.900491
0.900489
0.820321
0.82032
0.82032
0.82032
0.820319
0.820319
0.820318
0.820318
0.820317
0.820316
0.74293
0.74293
0.74293
0.742929
0.742929
0.742928
0.742928
0.742928
0.742927
0.742926
0.668571
0.668571
0.668571
0.668571
0.66857
0.66857
0.668569
0.668569
0.668569
0.668568
0.597489
0.597488
0.597488
0.597488
0.597487
0.597487
0.597487
0.597486
0.597486
0.597485
0.529918
0.529918
0.529918
0.529917
0.529917
0.529917
0.529916
0.529916
0.529916
0.529915
0.466083
0.466083
0.466083
0.466082
0.466082
0.466082
0.466082
0.466081
0.466081
0.466081
0.406188
0.406188
0.406188
0.406188
0.406188
0.406187
0.406187
0.406187
0.406187
0.406186
0.350415
0.350415
0.350415
0.350415
0.350415
0.350415
0.350414
0.350414
0.350414
0.350414
0.298916
0.298916
0.298916
0.298916
0.298916
0.298916
0.298916
0.298916
0.298915
0.298915
0.251808
0.251808
0.251808
0.251808
0.251808
0.251808
0.251808
0.251808
0.251808
0.251808
0.209167
0.209167
0.209168
0.209168
0.209168
0.209168
0.209168
0.209168
0.209168
0.209168
0.171024
0.171024
0.171024
0.171024
0.171024
0.171024
0.171024
0.171024
0.171024
0.171024
0.137356
0.137356
0.137356
0.137356
0.137356
0.137356
0.137356
0.137356
0.137356
0.137356
0.108083
0.108083
0.108083
0.108084
0.108084
0.108084
0.108084
0.108084
0.108084
0.108084
0.0830703
0.0830704
0.0830705
0.0830707
0.0830708
0.083071
0.0830712
0.0830713
0.0830715
0.0830718
0.062127
0.0621271
0.0621273
0.0621275
0.0621276
0.0621278
0.062128
0.0621282
0.0621284
0.0621289
0.0450056
0.0450057
0.0450059
0.0450061
0.0450063
0.0450065
0.0450067
0.0450069
0.0450071
0.0450076
0.0313948
0.0313949
0.0313951
0.0313953
0.0313956
0.0313958
0.031396
0.0313962
0.0313964
0.031397
0.0209319
0.0209321
0.0209322
0.0209324
0.0209326
0.0209328
0.020933
0.0209332
0.0209335
0.020934
0.0132189
0.013219
0.0132191
0.0132193
0.0132195
0.0132196
0.0132198
0.01322
0.0132201
0.0132205
0.00783433
0.0078344
0.0078345
0.00783461
0.00783472
0.00783484
0.00783495
0.00783506
0.00783519
0.00783547
0.00433531
0.00433534
0.0043354
0.00433545
0.00433551
0.00433557
0.00433562
0.00433568
0.00433574
0.00433589
0.00225553
0.00225554
0.00225556
0.00225557
0.00225559
0.0022556
0.00225562
0.00225563
0.00225565
0.00225569
0.00113178
0.00113178
0.00113178
0.00113177
0.00113177
0.00113176
0.00113176
0.00113175
0.00113175
0.00113174
0.000568003
0.000567999
0.000567993
0.000567986
0.00056798
0.000567973
0.000567966
0.000567959
0.000567952
0.000567935
0.000290657
0.000290655
0.000290652
0.000290649
0.000290646
0.000290643
0.00029064
0.000290637
0.000290634
0.000290627
0.000152277
0.000152277
0.000152276
0.000152276
0.000152275
0.000152275
0.000152274
0.000152274
0.000152273
0.000152272
8.29659e-05
8.29659e-05
8.29659e-05
8.29659e-05
8.29659e-05
8.29659e-05
8.29659e-05
8.29659e-05
8.29659e-05
8.29658e-05
4.74837e-05
4.74837e-05
4.74837e-05
4.74837e-05
4.74837e-05
4.74837e-05
4.74837e-05
4.74837e-05
4.74837e-05
4.74837e-05
2.82405e-05
2.82405e-05
2.82405e-05
2.82405e-05
2.82404e-05
2.82404e-05
2.82404e-05
2.82404e-05
2.82404e-05
2.82404e-05
1.7199e-05
1.71989e-05
1.71989e-05
1.71989e-05
1.71989e-05
1.71989e-05
1.71989e-05
1.71989e-05
1.71989e-05
1.71989e-05
1.07496e-05
1.07496e-05
1.07496e-05
1.07496e-05
1.07496e-05
1.07496e-05
1.07496e-05
1.07496e-05
1.07496e-05
1.07496e-05
7.11239e-06
7.11239e-06
7.11239e-06
7.11239e-06
7.11239e-06
7.11238e-06
7.11238e-06
7.11238e-06
7.11238e-06
7.11238e-06
5.2424e-06
5.2424e-06
5.2424e-06
5.24239e-06
5.24239e-06
5.24238e-06
5.24238e-06
5.24237e-06
5.24237e-06
5.24236e-06
4.47093e-06
4.47093e-06
4.47092e-06
4.47092e-06
4.47091e-06
4.4709e-06
4.4709e-06
4.47089e-06
4.47088e-06
4.47087e-06
2.25477
2.25477
2.25477
2.25477
2.25478
2.25478
2.25479
2.25479
2.25479
2.25479
2.27729
2.27729
2.27729
2.27729
2.27728
2.27728
2.27728
2.27728
2.27728
2.27727
2.08237
2.08236
2.08236
2.08236
2.08236
2.08236
2.08235
2.08235
2.08235
2.08235
1.94285
1.94285
1.94285
1.94285
1.94285
1.94285
1.94285
1.94284
1.94284
1.94284
1.82584
1.82584
1.82584
1.82584
1.82584
1.82584
1.82583
1.82583
1.82583
1.82583
1.7196
1.7196
1.7196
1.7196
1.7196
1.71959
1.71959
1.71959
1.71959
1.71958
1.61916
1.61916
1.61916
1.61915
1.61915
1.61915
1.61915
1.61915
1.61915
1.61914
1.52222
1.52222
1.52222
1.52222
1.52222
1.52222
1.52222
1.52222
1.52221
1.52221
1.42771
1.42771
1.42771
1.42771
1.42771
1.42771
1.4277
1.4277
1.4277
1.4277
1.33514
1.33514
1.33513
1.33513
1.33513
1.33513
1.33513
1.33513
1.33513
1.33513
1.24434
1.24434
1.24433
1.24433
1.24433
1.24433
1.24433
1.24433
1.24433
1.24433
1.15533
1.15533
1.15532
1.15532
1.15532
1.15532
1.15532
1.15532
1.15532
1.15532
1.06822
1.06822
1.06822
1.06822
1.06822
1.06822
1.06822
1.06822
1.06822
1.06822
0.983208
0.983208
0.983208
0.983207
0.983206
0.983206
0.983205
0.983205
0.983204
0.983202
0.900496
0.900496
0.900495
0.900495
0.900494
0.900494
0.900493
0.900493
0.900492
0.900491
0.820322
0.820322
0.820321
0.820321
0.82032
0.82032
0.820319
0.820319
0.820318
0.820317
0.742932
0.742931
0.742931
0.74293
0.74293
0.74293
0.742929
0.742929
0.742928
0.742927
0.668572
0.668572
0.668572
0.668571
0.668571
0.668571
0.66857
0.66857
0.66857
0.668569
0.597489
0.597489
0.597489
0.597489
0.597488
0.597488
0.597488
0.597487
0.597487
0.597486
0.529919
0.529918
0.529918
0.529918
0.529918
0.529917
0.529917
0.529917
0.529917
0.529916
0.466083
0.466083
0.466083
0.466083
0.466083
0.466082
0.466082
0.466082
0.466082
0.466081
0.406188
0.406188
0.406188
0.406188
0.406188
0.406188
0.406187
0.406187
0.406187
0.406187
0.350415
0.350415
0.350415
0.350415
0.350415
0.350415
0.350415
0.350414
0.350414
0.350414
0.298916
0.298916
0.298916
0.298916
0.298916
0.298916
0.298916
0.298916
0.298915
0.298915
0.251808
0.251808
0.251808
0.251808
0.251808
0.251808
0.251808
0.251808
0.251808
0.251808
0.209168
0.209168
0.209168
0.209168
0.209168
0.209168
0.209168
0.209168
0.209168
0.209168
0.171024
0.171024
0.171024
0.171024
0.171024
0.171024
0.171024
0.171024
0.171024
0.171025
0.137356
0.137356
0.137356
0.137356
0.137356
0.137356
0.137357
0.137357
0.137357
0.137357
0.108085
0.108085
0.108085
0.108085
0.108086
0.108086
0.108086
0.108086
0.108086
0.108086
0.0830739
0.083074
0.0830741
0.0830743
0.0830744
0.0830746
0.0830747
0.0830749
0.0830751
0.0830754
0.0621307
0.0621308
0.062131
0.0621312
0.0621314
0.0621316
0.0621318
0.062132
0.0621321
0.0621326
0.045008
0.0450081
0.0450083
0.0450085
0.0450087
0.0450089
0.0450091
0.0450094
0.0450096
0.0450101
0.0313961
0.0313962
0.0313964
0.0313966
0.0313968
0.031397
0.0313973
0.0313975
0.0313977
0.0313982
0.0209325
0.0209326
0.0209328
0.020933
0.0209332
0.0209334
0.0209336
0.0209338
0.020934
0.0209345
0.0132189
0.013219
0.0132192
0.0132194
0.0132195
0.0132197
0.0132199
0.01322
0.0132202
0.0132206
0.00783425
0.00783432
0.00783442
0.00783453
0.00783465
0.00783476
0.00783488
0.00783499
0.00783511
0.00783539
0.00433516
0.00433519
0.00433524
0.0043353
0.00433536
0.00433541
0.00433547
0.00433553
0.00433559
0.00433573
0.00225524
0.00225525
0.00225526
0.00225528
0.0022553
0.00225531
0.00225533
0.00225534
0.00225536
0.0022554
0.00113137
0.00113137
0.00113136
0.00113136
0.00113135
0.00113135
0.00113134
0.00113134
0.00113134
0.00113133
0.00056772
0.000567716
0.00056771
0.000567703
0.000567696
0.000567689
0.000567683
0.000567676
0.000567669
0.000567652
0.000290541
0.00029054
0.000290537
0.000290534
0.000290531
0.000290528
0.000290525
0.000290522
0.000290519
0.000290512
0.000152219
0.000152218
0.000152218
0.000152217
0.000152217
0.000152216
0.000152216
0.000152215
0.000152215
0.000152213
8.29242e-05
8.29242e-05
8.29242e-05
8.29242e-05
8.29242e-05
8.29242e-05
8.29242e-05
8.29242e-05
8.29242e-05
8.29242e-05
4.74533e-05
4.74533e-05
4.74533e-05
4.74533e-05
4.74533e-05
4.74534e-05
4.74534e-05
4.74534e-05
4.74534e-05
4.74534e-05
2.82221e-05
2.82221e-05
2.82221e-05
2.82221e-05
2.82221e-05
2.82221e-05
2.82221e-05
2.82221e-05
2.82221e-05
2.82221e-05
1.71898e-05
1.71898e-05
1.71898e-05
1.71898e-05
1.71898e-05
1.71898e-05
1.71898e-05
1.71898e-05
1.71898e-05
1.71898e-05
1.07453e-05
1.07453e-05
1.07453e-05
1.07453e-05
1.07453e-05
1.07453e-05
1.07453e-05
1.07453e-05
1.07453e-05
1.07453e-05
7.11032e-06
7.11032e-06
7.11032e-06
7.11032e-06
7.11032e-06
7.11032e-06
7.11032e-06
7.11032e-06
7.11032e-06
7.11032e-06
5.24156e-06
5.24156e-06
5.24155e-06
5.24155e-06
5.24155e-06
5.24154e-06
5.24154e-06
5.24153e-06
5.24153e-06
5.24152e-06
4.47061e-06
4.47061e-06
4.47061e-06
4.4706e-06
4.47059e-06
4.47059e-06
4.47058e-06
4.47057e-06
4.47057e-06
4.47055e-06
2.25477
2.25477
2.25477
2.25478
2.25478
2.25478
2.25479
2.25479
2.25479
2.25479
2.27729
2.27729
2.27729
2.27729
2.27729
2.27728
2.27728
2.27728
2.27728
2.27727
2.08237
2.08237
2.08237
2.08236
2.08236
2.08236
2.08236
2.08235
2.08235
2.08235
1.94286
1.94286
1.94286
1.94285
1.94285
1.94285
1.94285
1.94284
1.94284
1.94284
1.82584
1.82584
1.82584
1.82584
1.82584
1.82584
1.82583
1.82583
1.82583
1.82583
1.7196
1.7196
1.7196
1.7196
1.7196
1.7196
1.71959
1.71959
1.71959
1.71959
1.61916
1.61916
1.61916
1.61916
1.61916
1.61915
1.61915
1.61915
1.61915
1.61915
1.52222
1.52222
1.52222
1.52222
1.52222
1.52222
1.52222
1.52222
1.52221
1.52221
1.42771
1.42771
1.42771
1.42771
1.42771
1.42771
1.42771
1.4277
1.4277
1.4277
1.33514
1.33514
1.33514
1.33514
1.33513
1.33513
1.33513
1.33513
1.33513
1.33513
1.24434
1.24434
1.24434
1.24434
1.24434
1.24433
1.24433
1.24433
1.24433
1.24433
1.15533
1.15533
1.15533
1.15533
1.15533
1.15532
1.15532
1.15532
1.15532
1.15532
1.06823
1.06822
1.06822
1.06822
1.06822
1.06822
1.06822
1.06822
1.06822
1.06822
0.98321
0.98321
0.983209
0.983209
0.983208
0.983207
0.983206
0.983206
0.983205
0.983203
0.900498
0.900497
0.900497
0.900496
0.900496
0.900495
0.900494
0.900494
0.900493
0.900491
0.820323
0.820323
0.820323
0.820322
0.820322
0.820321
0.820321
0.82032
0.820319
0.820318
0.742933
0.742932
0.742932
0.742932
0.742931
0.742931
0.74293
0.74293
0.742929
0.742928
0.668573
0.668573
0.668573
0.668572
0.668572
0.668572
0.668571
0.668571
0.66857
0.668569
0.59749
0.59749
0.59749
0.597489
0.597489
0.597489
0.597488
0.597488
0.597488
0.597487
0.529919
0.529919
0.529919
0.529918
0.529918
0.529918
0.529918
0.529917
0.529917
0.529916
0.466084
0.466084
0.466083
0.466083
0.466083
0.466083
0.466082
0.466082
0.466082
0.466081
0.406189
0.406189
0.406188
0.406188
0.406188
0.406188
0.406188
0.406187
0.406187
0.406187
0.350415
0.350415
0.350415
0.350415
0.350415
0.350415
0.350415
0.350414
0.350414
0.350414
0.298916
0.298916
0.298916
0.298916
0.298916
0.298916
0.298916
0.298915
0.298915
0.298915
0.251808
0.251808
0.251808
0.251808
0.251808
0.251808
0.251808
0.251808
0.251808
0.251807
0.209167
0.209167
0.209167
0.209167
0.209167
0.209167
0.209167
0.209167
0.209167
0.209167
0.171024
0.171024
0.171024
0.171024
0.171024
0.171024
0.171024
0.171024
0.171024
0.171024
0.137356
0.137356
0.137356
0.137356
0.137356
0.137356
0.137356
0.137357
0.137357
0.137357
0.108086
0.108086
0.108086
0.108086
0.108086
0.108086
0.108086
0.108087
0.108087
0.108087
0.0830759
0.083076
0.0830761
0.0830763
0.0830764
0.0830766
0.0830768
0.0830769
0.0830771
0.0830774
0.0621335
0.0621336
0.0621338
0.062134
0.0621342
0.0621344
0.0621346
0.0621348
0.062135
0.0621354
0.0450101
0.0450103
0.0450105
0.0450107
0.0450109
0.0450111
0.0450113
0.0450115
0.0450117
0.0450122
0.0313972
0.0313974
0.0313976
0.0313978
0.031398
0.0313982
0.0313984
0.0313986
0.0313989
0.0313994
0.0209329
0.020933
0.0209332
0.0209334
0.0209336
0.0209338
0.020934
0.0209342
0.0209344
0.0209349
0.013219
0.0132191
0.0132192
0.0132194
0.0132195
0.0132197
0.0132199
0.01322
0.0132202
0.0132206
0.00783409
0.00783416
0.00783426
0.00783437
0.00783449
0.0078346
0.00783472
0.00783483
0.00783496
0.00783523
0.00433484
0.00433488
0.00433493
0.00433499
0.00433504
0.0043351
0.00433516
0.00433522
0.00433528
0.00433542
0.00225471
0.00225472
0.00225473
0.00225475
0.00225476
0.00225478
0.00225479
0.00225481
0.00225483
0.00225487
0.00113079
0.00113079
0.00113079
0.00113078
0.00113078
0.00113078
0.00113077
0.00113077
0.00113076
0.00113075
0.000567329
0.000567325
0.000567319
0.000567313
0.000567306
0.000567299
0.000567292
0.000567286
0.000567278
0.000567262
0.000290357
0.000290355
0.000290352
0.000290349
0.000290346
0.000290343
0.000290341
0.000290338
0.000290334
0.000290327
0.00015211
0.00015211
0.00015211
0.000152109
0.000152109
0.000152108
0.000152108
0.000152107
0.000152107
0.000152105
8.28455e-05
8.28455e-05
8.28455e-05
8.28456e-05
8.28456e-05
8.28456e-05
8.28456e-05
8.28457e-05
8.28457e-05
8.28458e-05
4.73991e-05
4.73991e-05
4.73991e-05
4.73992e-05
4.73992e-05
4.73992e-05
4.73992e-05
4.73993e-05
4.73993e-05
4.73994e-05
2.81897e-05
2.81897e-05
2.81897e-05
2.81897e-05
2.81897e-05
2.81897e-05
2.81897e-05
2.81897e-05
2.81897e-05
2.81897e-05
1.71731e-05
1.71731e-05
1.71731e-05
1.71731e-05
1.71731e-05
1.71731e-05
1.71731e-05
1.71731e-05
1.71731e-05
1.71731e-05
1.07372e-05
1.07372e-05
1.07372e-05
1.07372e-05
1.07372e-05
1.07372e-05
1.07372e-05
1.07372e-05
1.07372e-05
1.07372e-05
7.10657e-06
7.10657e-06
7.10657e-06
7.10658e-06
7.10658e-06
7.10658e-06
7.10658e-06
7.10658e-06
7.10658e-06
7.10658e-06
5.24011e-06
5.24011e-06
5.24011e-06
5.2401e-06
5.2401e-06
5.2401e-06
5.24009e-06
5.24009e-06
5.24008e-06
5.24007e-06
4.47011e-06
4.47011e-06
4.4701e-06
4.4701e-06
4.47009e-06
4.47008e-06
4.47008e-06
4.47007e-06
4.47007e-06
4.47005e-06
2.25477
2.25477
2.25477
2.25478
2.25478
2.25479
2.25479
2.25479
2.25479
2.25479
2.27729
2.27729
2.27729
2.27729
2.27729
2.27728
2.27728
2.27728
2.27728
2.27727
2.08237
2.08237
2.08237
2.08237
2.08236
2.08236
2.08236
2.08235
2.08235
2.08235
1.94286
1.94286
1.94286
1.94286
1.94285
1.94285
1.94285
1.94284
1.94284
1.94284
1.82585
1.82585
1.82584
1.82584
1.82584
1.82584
1.82584
1.82583
1.82583
1.82583
1.7196
1.7196
1.7196
1.7196
1.7196
1.7196
1.71959
1.71959
1.71959
1.71958
1.61916
1.61916
1.61916
1.61916
1.61916
1.61916
1.61915
1.61915
1.61915
1.61914
1.52223
1.52223
1.52223
1.52222
1.52222
1.52222
1.52222
1.52222
1.52221
1.52221
1.42771
1.42771
1.42771
1.42771
1.42771
1.42771
1.42771
1.4277
1.4277
1.4277
1.33514
1.33514
1.33514
1.33514
1.33514
1.33513
1.33513
1.33513
1.33513
1.33513
1.24434
1.24434
1.24434
1.24434
1.24434
1.24434
1.24433
1.24433
1.24433
1.24433
1.15533
1.15533
1.15533
1.15533
1.15533
1.15533
1.15532
1.15532
1.15532
1.15532
1.06823
1.06823
1.06823
1.06822
1.06822
1.06822
1.06822
1.06822
1.06822
1.06822
0.983212
0.983211
0.983211
0.98321
0.983209
0.983208
0.983207
0.983206
0.983205
0.983203
0.900499
0.900499
0.900498
0.900497
0.900497
0.900496
0.900495
0.900494
0.900493
0.900492
0.820325
0.820324
0.820324
0.820323
0.820323
0.820322
0.820321
0.82032
0.82032
0.820318
0.742934
0.742933
0.742933
0.742933
0.742932
0.742931
0.742931
0.74293
0.74293
0.742928
0.668574
0.668574
0.668574
0.668573
0.668573
0.668572
0.668572
0.668571
0.668571
0.66857
0.597491
0.597491
0.59749
0.59749
0.59749
0.597489
0.597489
0.597488
0.597488
0.597487
0.52992
0.52992
0.529919
0.529919
0.529919
0.529918
0.529918
0.529918
0.529917
0.529917
0.466084
0.466084
0.466084
0.466084
0.466083
0.466083
0.466083
0.466083
0.466082
0.466082
0.406189
0.406189
0.406189
0.406188
0.406188
0.406188
0.406188
0.406188
0.406187
0.406187
0.350415
0.350415
0.350415
0.350415
0.350415
0.350415
0.350415
0.350415
0.350414
0.350414
0.298916
0.298916
0.298916
0.298916
0.298916
0.298916
0.298915
0.298915
0.298915
0.298915
0.251808
0.251808
0.251808
0.251808
0.251808
0.251808
0.251808
0.251808
0.251807
0.251807
0.209167
0.209167
0.209167
0.209167
0.209167
0.209167
0.209167
0.209167
0.209167
0.209167
0.171024
0.171024
0.171024
0.171024
0.171024
0.171024
0.171024
0.171024
0.171024
0.171024
0.137356
0.137356
0.137356
0.137356
0.137356
0.137356
0.137356
0.137357
0.137357
0.137357
0.108086
0.108087
0.108087
0.108087
0.108087
0.108087
0.108087
0.108087
0.108087
0.108088
0.083078
0.0830781
0.0830782
0.0830784
0.0830785
0.0830787
0.0830788
0.083079
0.0830792
0.0830795
0.0621364
0.0621365
0.0621367
0.0621369
0.0621371
0.0621373
0.0621374
0.0621376
0.0621378
0.0621383
0.0450125
0.0450126
0.0450128
0.045013
0.0450132
0.0450134
0.0450136
0.0450138
0.045014
0.0450145
0.0313985
0.0313986
0.0313988
0.031399
0.0313992
0.0313994
0.0313997
0.0313999
0.0314001
0.0314006
0.0209333
0.0209335
0.0209336
0.0209338
0.020934
0.0209342
0.0209345
0.0209347
0.0209349
0.0209354
0.0132189
0.013219
0.0132192
0.0132194
0.0132195
0.0132197
0.0132199
0.01322
0.0132202
0.0132206
0.00783383
0.0078339
0.007834
0.00783411
0.00783423
0.00783434
0.00783445
0.00783457
0.00783469
0.00783498
0.00433448
0.00433451
0.00433456
0.00433462
0.00433468
0.00433474
0.00433479
0.00433485
0.00433492
0.00433506
0.00225432
0.00225433
0.00225434
0.00225435
0.00225437
0.00225439
0.0022544
0.00225442
0.00225444
0.00225447
0.00113044
0.00113044
0.00113044
0.00113043
0.00113043
0.00113042
0.00113042
0.00113041
0.00113041
0.0011304
0.000567031
0.000567027
0.000567021
0.000567014
0.000567008
0.000567001
0.000566994
0.000566988
0.00056698
0.000566964
0.000290153
0.000290151
0.000290148
0.000290145
0.000290142
0.00029014
0.000290137
0.000290134
0.000290131
0.000290124
0.000151973
0.000151972
0.000151972
0.000151971
0.000151971
0.000151971
0.00015197
0.00015197
0.000151969
0.000151968
8.27475e-05
8.27475e-05
8.27476e-05
8.27476e-05
8.27476e-05
8.27477e-05
8.27477e-05
8.27478e-05
8.27478e-05
8.27479e-05
4.73348e-05
4.73348e-05
4.73349e-05
4.73349e-05
4.73349e-05
4.7335e-05
4.7335e-05
4.7335e-05
4.7335e-05
4.73351e-05
2.81526e-05
2.81526e-05
2.81526e-05
2.81526e-05
2.81526e-05
2.81526e-05
2.81526e-05
2.81526e-05
2.81526e-05
2.81526e-05
1.71546e-05
1.71546e-05
1.71546e-05
1.71546e-05
1.71546e-05
1.71546e-05
1.71546e-05
1.71546e-05
1.71546e-05
1.71546e-05
1.07288e-05
1.07288e-05
1.07288e-05
1.07288e-05
1.07288e-05
1.07288e-05
1.07288e-05
1.07288e-05
1.07288e-05
1.07288e-05
7.10315e-06
7.10315e-06
7.10315e-06
7.10315e-06
7.10315e-06
7.10315e-06
7.10315e-06
7.10315e-06
7.10315e-06
7.10315e-06
5.23884e-06
5.23884e-06
5.23884e-06
5.23883e-06
5.23883e-06
5.23882e-06
5.23882e-06
5.23881e-06
5.23881e-06
5.2388e-06
4.4696e-06
4.4696e-06
4.46959e-06
4.46959e-06
4.46958e-06
4.46957e-06
4.46957e-06
4.46956e-06
4.46955e-06
4.46954e-06
2.25477
2.25477
2.25478
2.25478
2.25478
2.25479
2.25479
2.25479
2.25479
2.25479
2.2773
2.2773
2.27729
2.27729
2.27729
2.27728
2.27728
2.27728
2.27728
2.27727
2.08237
2.08237
2.08237
2.08237
2.08236
2.08236
2.08236
2.08235
2.08235
2.08234
1.94286
1.94286
1.94286
1.94286
1.94285
1.94285
1.94285
1.94284
1.94284
1.94284
1.82585
1.82585
1.82585
1.82584
1.82584
1.82584
1.82584
1.82583
1.82583
1.82582
1.71961
1.71961
1.7196
1.7196
1.7196
1.7196
1.71959
1.71959
1.71959
1.71959
1.61916
1.61916
1.61916
1.61916
1.61916
1.61916
1.61915
1.61915
1.61915
1.61915
1.52223
1.52223
1.52223
1.52222
1.52222
1.52222
1.52222
1.52222
1.52221
1.52221
1.42772
1.42772
1.42771
1.42771
1.42771
1.42771
1.42771
1.4277
1.4277
1.4277
1.33514
1.33514
1.33514
1.33514
1.33514
1.33513
1.33513
1.33513
1.33513
1.33513
1.24434
1.24434
1.24434
1.24434
1.24434
1.24434
1.24433
1.24433
1.24433
1.24433
1.15533
1.15533
1.15533
1.15533
1.15533
1.15533
1.15532
1.15532
1.15532
1.15532
1.06823
1.06823
1.06823
1.06823
1.06822
1.06822
1.06822
1.06822
1.06822
1.06822
0.983213
0.983212
0.983212
0.983211
0.983209
0.983208
0.983207
0.983206
0.983205
0.983204
0.9005
0.9005
0.900499
0.900498
0.900497
0.900496
0.900495
0.900494
0.900494
0.900492
0.820326
0.820325
0.820325
0.820324
0.820323
0.820322
0.820321
0.820321
0.82032
0.820318
0.742935
0.742934
0.742934
0.742933
0.742932
0.742932
0.742931
0.74293
0.74293
0.742928
0.668575
0.668575
0.668574
0.668574
0.668573
0.668573
0.668572
0.668571
0.668571
0.66857
0.597491
0.597491
0.597491
0.59749
0.59749
0.597489
0.597489
0.597488
0.597488
0.597487
0.52992
0.52992
0.52992
0.529919
0.529919
0.529919
0.529918
0.529918
0.529917
0.529917
0.466084
0.466084
0.466084
0.466084
0.466084
0.466083
0.466083
0.466083
0.466082
0.466082
0.406189
0.406189
0.406189
0.406189
0.406188
0.406188
0.406188
0.406188
0.406187
0.406187
0.350415
0.350415
0.350415
0.350415
0.350415
0.350415
0.350415
0.350415
0.350414
0.350414
0.298916
0.298916
0.298916
0.298916
0.298916
0.298916
0.298915
0.298915
0.298915
0.298915
0.251808
0.251808
0.251808
0.251808
0.251808
0.251807
0.251807
0.251807
0.251807
0.251807
0.209167
0.209167
0.209167
0.209167
0.209167
0.209167
0.209167
0.209167
0.209167
0.209167
0.171023
0.171023
0.171024
0.171024
0.171024
0.171024
0.171024
0.171024
0.171024
0.171024
0.137355
0.137356
0.137356
0.137356
0.137356
0.137356
0.137356
0.137356
0.137356
0.137356
0.108086
0.108086
0.108086
0.108087
0.108087
0.108087
0.108087
0.108087
0.108087
0.108087
0.083079
0.0830791
0.0830793
0.0830794
0.0830796
0.0830798
0.0830799
0.0830801
0.0830802
0.0830806
0.0621385
0.0621386
0.0621388
0.062139
0.0621392
0.0621394
0.0621396
0.0621397
0.0621399
0.0621404
0.0450143
0.0450144
0.0450146
0.0450148
0.045015
0.0450152
0.0450154
0.0450157
0.0450159
0.0450164
0.0313995
0.0313996
0.0313998
0.0314
0.0314002
0.0314004
0.0314006
0.0314009
0.0314011
0.0314016
0.0209337
0.0209338
0.020934
0.0209342
0.0209344
0.0209346
0.0209348
0.020935
0.0209352
0.0209357
0.0132188
0.0132189
0.0132191
0.0132192
0.0132194
0.0132196
0.0132197
0.0132199
0.0132201
0.0132205
0.00783341
0.00783348
0.00783358
0.00783369
0.00783381
0.00783392
0.00783404
0.00783415
0.00783428
0.00783456
0.00433385
0.00433388
0.00433394
0.00433399
0.00433405
0.00433411
0.00433417
0.00433423
0.00433429
0.00433444
0.00225367
0.00225368
0.00225369
0.00225371
0.00225372
0.00225374
0.00225376
0.00225377
0.00225379
0.00225383
0.00113001
0.00113001
0.00113001
0.00113
0.00113
0.00112999
0.00112999
0.00112998
0.00112998
0.00112997
0.000566685
0.000566681
0.000566675
0.000566668
0.000566661
0.000566654
0.000566648
0.000566641
0.000566633
0.000566617
0.000289892
0.000289891
0.000289888
0.000289885
0.000289882
0.000289879
0.000289877
0.000289874
0.00028987
0.000289863
0.000151798
0.000151798
0.000151797
0.000151797
0.000151796
0.000151796
0.000151796
0.000151795
0.000151795
0.000151793
8.26367e-05
8.26367e-05
8.26367e-05
8.26367e-05
8.26368e-05
8.26368e-05
8.26368e-05
8.26369e-05
8.26369e-05
8.2637e-05
4.72711e-05
4.72711e-05
4.72711e-05
4.72711e-05
4.72711e-05
4.72711e-05
4.72712e-05
4.72712e-05
4.72712e-05
4.72712e-05
2.812e-05
2.812e-05
2.81199e-05
2.81199e-05
2.81199e-05
2.81199e-05
2.81199e-05
2.81199e-05
2.81199e-05
2.81199e-05
1.71401e-05
1.71401e-05
1.71401e-05
1.71401e-05
1.71401e-05
1.71401e-05
1.71401e-05
1.71401e-05
1.71401e-05
1.71401e-05
1.07228e-05
1.07228e-05
1.07228e-05
1.07228e-05
1.07228e-05
1.07228e-05
1.07228e-05
1.07228e-05
1.07228e-05
1.07228e-05
7.10094e-06
7.10094e-06
7.10094e-06
7.10094e-06
7.10094e-06
7.10094e-06
7.10094e-06
7.10093e-06
7.10093e-06
7.10093e-06
5.2381e-06
5.2381e-06
5.23809e-06
5.23809e-06
5.23809e-06
5.23808e-06
5.23808e-06
5.23807e-06
5.23807e-06
5.23806e-06
4.46929e-06
4.46929e-06
4.46928e-06
4.46928e-06
4.46927e-06
4.46926e-06
4.46926e-06
4.46925e-06
4.46924e-06
4.46923e-06
2.25478
2.25478
2.25478
2.25478
2.25478
2.25479
2.25479
2.25479
2.25479
2.25479
2.2773
2.2773
2.27729
2.27729
2.27729
2.27728
2.27728
2.27728
2.27727
2.27727
2.08237
2.08237
2.08237
2.08237
2.08236
2.08236
2.08235
2.08235
2.08235
2.08234
1.94286
1.94286
1.94286
1.94286
1.94285
1.94285
1.94285
1.94284
1.94284
1.94284
1.82585
1.82585
1.82585
1.82584
1.82584
1.82584
1.82583
1.82583
1.82583
1.82582
1.71961
1.71961
1.7196
1.7196
1.7196
1.7196
1.71959
1.71959
1.71959
1.71958
1.61917
1.61916
1.61916
1.61916
1.61916
1.61915
1.61915
1.61915
1.61915
1.61914
1.52223
1.52223
1.52223
1.52222
1.52222
1.52222
1.52222
1.52222
1.52221
1.52221
1.42772
1.42772
1.42771
1.42771
1.42771
1.42771
1.42771
1.4277
1.4277
1.4277
1.33514
1.33514
1.33514
1.33514
1.33514
1.33513
1.33513
1.33513
1.33513
1.33513
1.24434
1.24434
1.24434
1.24434
1.24434
1.24434
1.24433
1.24433
1.24433
1.24433
1.15533
1.15533
1.15533
1.15533
1.15533
1.15533
1.15532
1.15532
1.15532
1.15532
1.06823
1.06823
1.06823
1.06823
1.06822
1.06822
1.06822
1.06822
1.06822
1.06822
0.983214
0.983213
0.983212
0.983211
0.983209
0.983208
0.983207
0.983206
0.983205
0.983203
0.900501
0.9005
0.900499
0.900498
0.900497
0.900496
0.900495
0.900494
0.900493
0.900492
0.820326
0.820326
0.820325
0.820324
0.820323
0.820322
0.820321
0.82032
0.82032
0.820318
0.742935
0.742935
0.742934
0.742933
0.742932
0.742932
0.742931
0.74293
0.742929
0.742928
0.668575
0.668575
0.668574
0.668574
0.668573
0.668573
0.668572
0.668571
0.668571
0.66857
0.597492
0.597491
0.597491
0.59749
0.59749
0.597489
0.597489
0.597488
0.597488
0.597487
0.52992
0.52992
0.52992
0.529919
0.529919
0.529919
0.529918
0.529918
0.529917
0.529917
0.466085
0.466084
0.466084
0.466084
0.466084
0.466083
0.466083
0.466083
0.466082
0.466082
0.406189
0.406189
0.406189
0.406189
0.406188
0.406188
0.406188
0.406188
0.406187
0.406187
0.350416
0.350415
0.350415
0.350415
0.350415
0.350415
0.350415
0.350415
0.350414
0.350414
0.298916
0.298916
0.298916
0.298916
0.298916
0.298916
0.298915
0.298915
0.298915
0.298915
0.251808
0.251808
0.251808
0.251808
0.251807
0.251807
0.251807
0.251807
0.251807
0.251807
0.209167
0.209167
0.209167
0.209167
0.209167
0.209167
0.209167
0.209167
0.209167
0.209167
0.171023
0.171023
0.171023
0.171024
0.171024
0.171024
0.171024
0.171024
0.171024
0.171024
0.137355
0.137355
0.137355
0.137356
0.137356
0.137356
0.137356
0.137356
0.137356
0.137356
0.108085
0.108086
0.108086
0.108086
0.108086
0.108086
0.108086
0.108086
0.108086
0.108087
0.0830789
0.083079
0.0830792
0.0830793
0.0830795
0.0830797
0.0830798
0.08308
0.0830801
0.0830805
0.0621404
0.0621405
0.0621407
0.0621409
0.0621411
0.0621413
0.0621414
0.0621416
0.0621418
0.0621423
0.0450167
0.0450169
0.0450171
0.0450173
0.0450175
0.0450177
0.0450179
0.0450181
0.0450183
0.0450189
0.031401
0.0314011
0.0314013
0.0314015
0.0314017
0.0314019
0.0314022
0.0314024
0.0314026
0.0314032
0.020934
0.0209341
0.0209343
0.0209345
0.0209347
0.0209349
0.0209351
0.0209354
0.0209356
0.0209361
0.0132184
0.0132185
0.0132187
0.0132188
0.013219
0.0132192
0.0132193
0.0132195
0.0132197
0.0132201
0.00783263
0.0078327
0.0078328
0.00783291
0.00783303
0.00783314
0.00783326
0.00783338
0.0078335
0.00783379
0.00433331
0.00433334
0.0043334
0.00433345
0.00433351
0.00433357
0.00433363
0.00433369
0.00433375
0.00433389
0.00225371
0.00225372
0.00225373
0.00225375
0.00225376
0.00225378
0.0022538
0.00225381
0.00225383
0.00225387
0.00113025
0.00113025
0.00113024
0.00113024
0.00113024
0.00113023
0.00113023
0.00113022
0.00113022
0.00113021
0.000566807
0.000566803
0.000566797
0.00056679
0.000566783
0.000566776
0.00056677
0.000566763
0.000566756
0.000566738
0.000289861
0.000289859
0.000289857
0.000289854
0.000289851
0.000289848
0.000289845
0.000289842
0.000289839
0.000289832
0.000151719
0.000151718
0.000151718
0.000151717
0.000151717
0.000151717
0.000151716
0.000151716
0.000151715
0.000151714
8.25699e-05
8.25699e-05
8.25699e-05
8.25699e-05
8.25699e-05
8.25699e-05
8.25699e-05
8.25699e-05
8.25699e-05
8.25699e-05
4.72285e-05
4.72285e-05
4.72284e-05
4.72284e-05
4.72284e-05
4.72284e-05
4.72284e-05
4.72284e-05
4.72284e-05
4.72284e-05
2.80969e-05
2.80969e-05
2.80969e-05
2.80969e-05
2.80968e-05
2.80968e-05
2.80968e-05
2.80968e-05
2.80968e-05
2.80967e-05
1.71296e-05
1.71296e-05
1.71296e-05
1.71296e-05
1.71296e-05
1.71296e-05
1.71296e-05
1.71296e-05
1.71296e-05
1.71295e-05
1.07183e-05
1.07183e-05
1.07183e-05
1.07183e-05
1.07183e-05
1.07183e-05
1.07183e-05
1.07183e-05
1.07183e-05
1.07183e-05
7.09918e-06
7.09918e-06
7.09918e-06
7.09918e-06
7.09918e-06
7.09918e-06
7.09917e-06
7.09917e-06
7.09917e-06
7.09916e-06
5.2375e-06
5.23749e-06
5.23749e-06
5.23748e-06
5.23748e-06
5.23747e-06
5.23747e-06
5.23746e-06
5.23746e-06
5.23745e-06
4.46912e-06
4.46912e-06
4.46911e-06
4.4691e-06
4.4691e-06
4.46909e-06
4.46908e-06
4.46908e-06
4.46907e-06
4.46905e-06
)
;

boundaryField
{
    inlet
    {
        type            zeroGradient;
    }
    outlet
    {
        type            zeroGradient;
    }
    sideLeft
    {
        type            zeroGradient;
    }
    sideRight
    {
        type            zeroGradient;
    }
    top
    {
        type            symmetryPlane;
        value           nonuniform List<scalar> 
100
(
4.47121e-06
4.47121e-06
4.47118e-06
4.47111e-06
4.47093e-06
4.47061e-06
4.47011e-06
4.4696e-06
4.46929e-06
4.46912e-06
4.47121e-06
4.4712e-06
4.47118e-06
4.47111e-06
4.47093e-06
4.47061e-06
4.47011e-06
4.4696e-06
4.46929e-06
4.46912e-06
4.4712e-06
4.4712e-06
4.47117e-06
4.4711e-06
4.47092e-06
4.47061e-06
4.4701e-06
4.46959e-06
4.46928e-06
4.46911e-06
4.4712e-06
4.47119e-06
4.47117e-06
4.47109e-06
4.47092e-06
4.4706e-06
4.4701e-06
4.46959e-06
4.46928e-06
4.4691e-06
4.47119e-06
4.47118e-06
4.47116e-06
4.47109e-06
4.47091e-06
4.47059e-06
4.47009e-06
4.46958e-06
4.46927e-06
4.4691e-06
4.47118e-06
4.47118e-06
4.47115e-06
4.47108e-06
4.4709e-06
4.47059e-06
4.47008e-06
4.46957e-06
4.46926e-06
4.46909e-06
4.47118e-06
4.47117e-06
4.47115e-06
4.47107e-06
4.4709e-06
4.47058e-06
4.47008e-06
4.46957e-06
4.46926e-06
4.46908e-06
4.47117e-06
4.47116e-06
4.47114e-06
4.47107e-06
4.47089e-06
4.47057e-06
4.47007e-06
4.46956e-06
4.46925e-06
4.46908e-06
4.47116e-06
4.47116e-06
4.47113e-06
4.47106e-06
4.47088e-06
4.47057e-06
4.47007e-06
4.46955e-06
4.46924e-06
4.46907e-06
4.47115e-06
4.47114e-06
4.47112e-06
4.47104e-06
4.47087e-06
4.47055e-06
4.47005e-06
4.46954e-06
4.46923e-06
4.46905e-06
)
;
    }
    bottomRoughWall
    {
        type            kqRWallFunction;
        value           nonuniform List<scalar> 
100
(
2.25476
2.25476
2.25476
2.25476
2.25476
2.25477
2.25477
2.25477
2.25477
2.25478
2.25476
2.25476
2.25476
2.25476
2.25476
2.25477
2.25477
2.25477
2.25477
2.25478
2.25476
2.25476
2.25476
2.25477
2.25477
2.25477
2.25477
2.25477
2.25478
2.25478
2.25476
2.25477
2.25477
2.25477
2.25477
2.25477
2.25478
2.25478
2.25478
2.25478
2.25477
2.25477
2.25477
2.25477
2.25478
2.25478
2.25478
2.25478
2.25478
2.25478
2.25477
2.25478
2.25478
2.25478
2.25478
2.25478
2.25478
2.25479
2.25479
2.25479
2.25478
2.25478
2.25478
2.25478
2.25478
2.25479
2.25479
2.25479
2.25479
2.25479
2.25478
2.25478
2.25478
2.25479
2.25479
2.25479
2.25479
2.25479
2.25479
2.25479
2.25478
2.25479
2.25479
2.25479
2.25479
2.25479
2.25479
2.25479
2.25479
2.25479
2.25478
2.25478
2.25478
2.25479
2.25479
2.25479
2.25479
2.25479
2.25479
2.25479
)
;
    }
}


// ************************************************************************* //
