/*--------------------------------*- C++ -*----------------------------------*\
| =========                 |                                                 |
| \\      /  F ield         | foam-extend: Open Source CFD                    |
|  \\    /   O peration     | Version:     3.2                                |
|   \\  /    A nd           | Web:         http://www.foam-extend.org         |
|    \\/     M anipulation  | For copyright notice see file Copyright         |
\*---------------------------------------------------------------------------*/
FoamFile
{
    version     2.0;
    format      ascii;
    class       volScalarField;
    location    "2000000";
    object      Ux;
}
// * * * * * * * * * * * * * * * * * * * * * * * * * * * * * * * * * * * * * //

dimensions      [0 1 -1 0 0 0 0];

internalField   nonuniform List<scalar> 
5000
(
5.1916
5.1916
5.19162
5.19163
5.19164
5.19164
5.19165
5.19165
5.19166
5.19165
6.89136
6.89137
6.89138
6.89139
6.8914
6.8914
6.89141
6.89142
6.89142
6.89142
7.92139
7.92139
7.9214
7.92141
7.92142
7.92142
7.92143
7.92144
7.92145
7.92144
8.71478
8.71479
8.7148
8.7148
8.71481
8.71482
8.71482
8.71483
8.71483
8.71483
9.38777
9.38777
9.38778
9.38778
9.38779
9.3878
9.3878
9.38781
9.38781
9.38781
9.99071
9.99071
9.99072
9.99072
9.99073
9.99073
9.99074
9.99074
9.99075
9.99074
10.549
10.549
10.549
10.549
10.549
10.549
10.549
10.549
10.549
10.549
11.0767
11.0767
11.0767
11.0767
11.0767
11.0767
11.0767
11.0767
11.0767
11.0767
11.5819
11.5819
11.5819
11.5819
11.5819
11.5819
11.5819
11.5819
11.5819
11.5819
12.0693
12.0693
12.0693
12.0693
12.0693
12.0693
12.0693
12.0693
12.0693
12.0693
12.5412
12.5412
12.5412
12.5412
12.5412
12.5412
12.5412
12.5412
12.5412
12.5412
12.9986
12.9986
12.9986
12.9986
12.9986
12.9986
12.9986
12.9986
12.9986
12.9986
13.441
13.441
13.441
13.441
13.441
13.441
13.441
13.441
13.441
13.441
13.8673
13.8673
13.8673
13.8673
13.8673
13.8673
13.8673
13.8673
13.8673
13.8673
14.2754
14.2754
14.2754
14.2754
14.2754
14.2754
14.2754
14.2754
14.2754
14.2754
14.6626
14.6626
14.6626
14.6626
14.6626
14.6626
14.6626
14.6626
14.6626
14.6626
15.0257
15.0257
15.0257
15.0257
15.0257
15.0257
15.0257
15.0257
15.0257
15.0257
15.3611
15.3611
15.3611
15.3611
15.3611
15.3611
15.3611
15.3611
15.3611
15.3611
15.6647
15.6647
15.6647
15.6647
15.6647
15.6647
15.6648
15.6648
15.6648
15.6647
15.9325
15.9325
15.9325
15.9325
15.9325
15.9325
15.9325
15.9325
15.9326
15.9325
16.1604
16.1604
16.1604
16.1604
16.1604
16.1604
16.1604
16.1604
16.1604
16.1604
16.3445
16.3444
16.3444
16.3444
16.3444
16.3444
16.3445
16.3444
16.3445
16.3444
16.4814
16.4814
16.4814
16.4814
16.4814
16.4814
16.4814
16.4814
16.4814
16.4814
16.5688
16.5688
16.5688
16.5688
16.5688
16.5687
16.5688
16.5687
16.5688
16.5687
16.6053
16.6053
16.6053
16.6053
16.6053
16.6053
16.6053
16.6053
16.6053
16.6053
16.5915
16.5915
16.5915
16.5915
16.5915
16.5915
16.5915
16.5915
16.5915
16.5915
16.53
16.53
16.53
16.53
16.53
16.53
16.53
16.5299
16.5299
16.5299
16.4257
16.4257
16.4257
16.4257
16.4257
16.4257
16.4257
16.4257
16.4257
16.4257
16.2867
16.2867
16.2867
16.2867
16.2867
16.2867
16.2867
16.2867
16.2867
16.2866
16.1239
16.1239
16.1238
16.1238
16.1238
16.1238
16.1238
16.1238
16.1238
16.1238
15.9509
15.9509
15.9509
15.9509
15.9508
15.9508
15.9508
15.9508
15.9508
15.9508
15.7832
15.7832
15.7832
15.7832
15.7832
15.7832
15.7832
15.7832
15.7832
15.7832
15.6369
15.6369
15.6369
15.6369
15.6369
15.6369
15.6369
15.6369
15.6369
15.6368
15.5258
15.5258
15.5258
15.5257
15.5257
15.5257
15.5257
15.5257
15.5257
15.5257
15.4584
15.4584
15.4584
15.4584
15.4584
15.4584
15.4584
15.4584
15.4584
15.4584
15.4348
15.4348
15.4348
15.4348
15.4348
15.4348
15.4348
15.4348
15.4348
15.4347
15.4441
15.4441
15.4441
15.4441
15.4441
15.4441
15.4441
15.444
15.444
15.444
15.4673
15.4673
15.4673
15.4673
15.4673
15.4673
15.4672
15.4672
15.4672
15.4672
15.4859
15.4859
15.4859
15.4859
15.4859
15.4859
15.4859
15.4858
15.4858
15.4858
15.4922
15.4922
15.4922
15.4922
15.4922
15.4922
15.4922
15.4922
15.4922
15.4922
15.491
15.491
15.491
15.491
15.491
15.491
15.491
15.491
15.491
15.491
15.4898
15.4898
15.4898
15.4898
15.4898
15.4898
15.4898
15.4898
15.4898
15.4898
15.4905
15.4905
15.4905
15.4905
15.4905
15.4905
15.4905
15.4905
15.4905
15.4905
15.4918
15.4918
15.4918
15.4918
15.4918
15.4918
15.4918
15.4918
15.4918
15.4918
15.4928
15.4928
15.4928
15.4928
15.4928
15.4928
15.4928
15.4928
15.4928
15.4928
15.4932
15.4932
15.4932
15.4932
15.4932
15.4931
15.4931
15.4931
15.4931
15.4931
15.493
15.493
15.493
15.493
15.493
15.493
15.493
15.493
15.493
15.493
15.4926
15.4926
15.4926
15.4926
15.4926
15.4926
15.4926
15.4926
15.4926
15.4926
15.4924
15.4924
15.4924
15.4924
15.4924
15.4924
15.4924
15.4924
15.4924
15.4924
15.4923
15.4923
15.4923
15.4923
15.4923
15.4923
15.4923
15.4923
15.4923
15.4923
5.1916
5.19161
5.19162
5.19163
5.19164
5.19165
5.19166
5.19166
5.19167
5.19166
6.89137
6.89138
6.89139
6.8914
6.8914
6.89141
6.89142
6.89143
6.89143
6.89143
7.9214
7.9214
7.92141
7.92142
7.92143
7.92143
7.92144
7.92145
7.92146
7.92145
8.71479
8.7148
8.7148
8.71481
8.71482
8.71482
8.71483
8.71484
8.71484
8.71484
9.38777
9.38778
9.38779
9.38779
9.3878
9.38781
9.38781
9.38782
9.38782
9.38782
9.99071
9.99072
9.99072
9.99073
9.99074
9.99074
9.99075
9.99075
9.99076
9.99075
10.549
10.549
10.549
10.549
10.549
10.549
10.549
10.549
10.549
10.549
11.0767
11.0767
11.0767
11.0767
11.0767
11.0767
11.0767
11.0767
11.0767
11.0767
11.5819
11.5819
11.5819
11.5819
11.5819
11.5819
11.5819
11.5819
11.5819
11.5819
12.0693
12.0693
12.0693
12.0693
12.0693
12.0693
12.0693
12.0693
12.0693
12.0693
12.5412
12.5412
12.5412
12.5412
12.5412
12.5412
12.5412
12.5412
12.5412
12.5412
12.9986
12.9986
12.9986
12.9986
12.9986
12.9986
12.9986
12.9986
12.9986
12.9986
13.441
13.441
13.441
13.441
13.441
13.441
13.441
13.441
13.441
13.441
13.8673
13.8673
13.8673
13.8673
13.8673
13.8673
13.8673
13.8673
13.8673
13.8673
14.2754
14.2754
14.2754
14.2754
14.2754
14.2754
14.2754
14.2754
14.2754
14.2754
14.6626
14.6626
14.6626
14.6626
14.6626
14.6626
14.6626
14.6626
14.6626
14.6626
15.0257
15.0257
15.0257
15.0257
15.0258
15.0258
15.0258
15.0258
15.0258
15.0258
15.3611
15.3611
15.3611
15.3611
15.3611
15.3611
15.3611
15.3611
15.3611
15.3611
15.6648
15.6648
15.6648
15.6648
15.6648
15.6648
15.6648
15.6648
15.6648
15.6648
15.9326
15.9326
15.9326
15.9326
15.9326
15.9326
15.9326
15.9326
15.9326
15.9326
16.1604
16.1604
16.1604
16.1604
16.1604
16.1604
16.1604
16.1604
16.1604
16.1604
16.3445
16.3445
16.3445
16.3445
16.3445
16.3445
16.3445
16.3445
16.3445
16.3445
16.4814
16.4814
16.4814
16.4814
16.4814
16.4814
16.4814
16.4814
16.4814
16.4814
16.5688
16.5688
16.5688
16.5688
16.5688
16.5688
16.5688
16.5688
16.5688
16.5688
16.6054
16.6054
16.6054
16.6054
16.6054
16.6053
16.6054
16.6053
16.6054
16.6053
16.5916
16.5916
16.5916
16.5916
16.5916
16.5916
16.5916
16.5916
16.5916
16.5916
16.53
16.53
16.53
16.53
16.53
16.53
16.53
16.53
16.53
16.53
16.4257
16.4257
16.4257
16.4257
16.4257
16.4257
16.4257
16.4257
16.4257
16.4257
16.2867
16.2867
16.2867
16.2867
16.2867
16.2867
16.2867
16.2867
16.2867
16.2867
16.1239
16.1239
16.1239
16.1239
16.1239
16.1239
16.1238
16.1238
16.1238
16.1238
15.9509
15.9509
15.9508
15.9508
15.9508
15.9508
15.9508
15.9508
15.9508
15.9508
15.7832
15.7832
15.7832
15.7832
15.7832
15.7832
15.7832
15.7832
15.7832
15.7832
15.6369
15.6369
15.6369
15.6369
15.6369
15.6369
15.6369
15.6369
15.6369
15.6368
15.5257
15.5257
15.5257
15.5257
15.5257
15.5257
15.5257
15.5257
15.5257
15.5257
15.4584
15.4584
15.4584
15.4584
15.4584
15.4584
15.4584
15.4584
15.4584
15.4584
15.4348
15.4348
15.4348
15.4348
15.4347
15.4347
15.4347
15.4347
15.4347
15.4347
15.4441
15.4441
15.4441
15.444
15.444
15.444
15.444
15.444
15.444
15.444
15.4673
15.4673
15.4673
15.4673
15.4673
15.4673
15.4673
15.4672
15.4672
15.4672
15.4859
15.4859
15.4859
15.4859
15.4859
15.4859
15.4858
15.4858
15.4858
15.4858
15.4922
15.4922
15.4922
15.4922
15.4922
15.4922
15.4922
15.4922
15.4922
15.4921
15.491
15.491
15.491
15.491
15.491
15.491
15.491
15.491
15.491
15.491
15.4898
15.4898
15.4898
15.4898
15.4898
15.4898
15.4898
15.4898
15.4898
15.4898
15.4905
15.4905
15.4905
15.4905
15.4905
15.4905
15.4905
15.4905
15.4905
15.4905
15.4918
15.4918
15.4918
15.4918
15.4918
15.4918
15.4918
15.4918
15.4918
15.4918
15.4928
15.4928
15.4928
15.4928
15.4928
15.4928
15.4928
15.4928
15.4928
15.4928
15.4932
15.4931
15.4931
15.4931
15.4931
15.4931
15.4931
15.4931
15.4931
15.4931
15.493
15.493
15.493
15.493
15.493
15.493
15.493
15.493
15.493
15.493
15.4926
15.4926
15.4926
15.4926
15.4926
15.4926
15.4926
15.4926
15.4926
15.4926
15.4924
15.4924
15.4924
15.4924
15.4924
15.4924
15.4924
15.4924
15.4924
15.4924
15.4923
15.4923
15.4923
15.4923
15.4923
15.4923
15.4923
15.4923
15.4923
15.4923
5.1916
5.19161
5.19163
5.19164
5.19164
5.19165
5.19166
5.19166
5.19167
5.19166
6.89137
6.89138
6.89139
6.8914
6.89141
6.89142
6.89142
6.89143
6.89144
6.89143
7.9214
7.9214
7.92141
7.92142
7.92143
7.92144
7.92145
7.92145
7.92146
7.92145
8.71479
8.7148
8.71481
8.71481
8.71482
8.71483
8.71484
8.71484
8.71485
8.71484
9.38778
9.38778
9.38779
9.3878
9.3878
9.38781
9.38782
9.38782
9.38783
9.38782
9.99072
9.99072
9.99073
9.99073
9.99074
9.99075
9.99075
9.99076
9.99076
9.99076
10.549
10.549
10.549
10.549
10.549
10.549
10.549
10.549
10.5491
10.5491
11.0767
11.0767
11.0767
11.0767
11.0767
11.0767
11.0767
11.0767
11.0767
11.0767
11.5819
11.5819
11.5819
11.5819
11.5819
11.5819
11.5819
11.5819
11.582
11.5819
12.0693
12.0693
12.0693
12.0693
12.0693
12.0693
12.0693
12.0693
12.0693
12.0693
12.5412
12.5412
12.5412
12.5412
12.5412
12.5412
12.5412
12.5412
12.5412
12.5412
12.9986
12.9986
12.9986
12.9986
12.9986
12.9986
12.9986
12.9986
12.9986
12.9986
13.441
13.441
13.441
13.441
13.441
13.441
13.441
13.441
13.441
13.441
13.8673
13.8673
13.8673
13.8673
13.8673
13.8673
13.8673
13.8673
13.8673
13.8673
14.2754
14.2754
14.2754
14.2754
14.2754
14.2754
14.2754
14.2754
14.2754
14.2754
14.6626
14.6626
14.6626
14.6626
14.6626
14.6626
14.6626
14.6626
14.6626
14.6626
15.0258
15.0258
15.0258
15.0258
15.0258
15.0258
15.0258
15.0258
15.0258
15.0258
15.3611
15.3611
15.3611
15.3611
15.3611
15.3611
15.3611
15.3611
15.3611
15.3611
15.6648
15.6648
15.6648
15.6648
15.6648
15.6648
15.6648
15.6648
15.6648
15.6648
15.9326
15.9326
15.9326
15.9326
15.9326
15.9326
15.9326
15.9326
15.9326
15.9326
16.1604
16.1604
16.1604
16.1604
16.1604
16.1604
16.1604
16.1604
16.1604
16.1604
16.3445
16.3445
16.3445
16.3445
16.3445
16.3445
16.3445
16.3445
16.3445
16.3445
16.4814
16.4814
16.4814
16.4814
16.4814
16.4814
16.4814
16.4814
16.4814
16.4814
16.5688
16.5688
16.5688
16.5688
16.5688
16.5688
16.5688
16.5688
16.5688
16.5688
16.6054
16.6054
16.6054
16.6054
16.6054
16.6054
16.6054
16.6054
16.6054
16.6054
16.5916
16.5916
16.5916
16.5916
16.5916
16.5916
16.5916
16.5916
16.5916
16.5916
16.53
16.53
16.53
16.53
16.53
16.53
16.53
16.53
16.53
16.53
16.4258
16.4258
16.4258
16.4258
16.4258
16.4258
16.4257
16.4257
16.4257
16.4257
16.2867
16.2867
16.2867
16.2867
16.2867
16.2867
16.2867
16.2867
16.2867
16.2867
16.1239
16.1239
16.1239
16.1239
16.1239
16.1239
16.1239
16.1239
16.1239
16.1238
15.9509
15.9508
15.9508
15.9508
15.9508
15.9508
15.9508
15.9508
15.9508
15.9508
15.7832
15.7832
15.7832
15.7832
15.7832
15.7832
15.7832
15.7832
15.7832
15.7832
15.6369
15.6369
15.6369
15.6369
15.6369
15.6369
15.6368
15.6368
15.6368
15.6368
15.5257
15.5257
15.5257
15.5257
15.5257
15.5257
15.5257
15.5257
15.5257
15.5257
15.4584
15.4584
15.4584
15.4584
15.4584
15.4584
15.4584
15.4584
15.4584
15.4583
15.4348
15.4348
15.4348
15.4348
15.4348
15.4347
15.4347
15.4347
15.4347
15.4347
15.4441
15.4441
15.4441
15.444
15.444
15.444
15.444
15.444
15.444
15.444
15.4673
15.4673
15.4673
15.4673
15.4673
15.4673
15.4672
15.4672
15.4672
15.4672
15.4859
15.4859
15.4859
15.4859
15.4859
15.4859
15.4858
15.4858
15.4858
15.4858
15.4922
15.4922
15.4922
15.4922
15.4922
15.4922
15.4922
15.4922
15.4922
15.4921
15.491
15.491
15.491
15.491
15.491
15.491
15.491
15.491
15.491
15.491
15.4898
15.4898
15.4898
15.4898
15.4898
15.4898
15.4898
15.4898
15.4898
15.4897
15.4905
15.4905
15.4905
15.4905
15.4905
15.4905
15.4905
15.4905
15.4905
15.4905
15.4918
15.4918
15.4918
15.4918
15.4918
15.4918
15.4918
15.4918
15.4918
15.4918
15.4928
15.4928
15.4928
15.4928
15.4928
15.4928
15.4928
15.4928
15.4928
15.4928
15.4931
15.4931
15.4931
15.4931
15.4931
15.4931
15.4931
15.4931
15.4931
15.4931
15.493
15.493
15.493
15.493
15.493
15.493
15.493
15.493
15.4929
15.4929
15.4926
15.4926
15.4926
15.4926
15.4926
15.4926
15.4926
15.4926
15.4926
15.4926
15.4924
15.4924
15.4924
15.4924
15.4924
15.4924
15.4924
15.4924
15.4924
15.4924
15.4923
15.4923
15.4923
15.4923
15.4923
15.4923
15.4923
15.4923
15.4923
15.4923
5.19161
5.19162
5.19163
5.19164
5.19165
5.19166
5.19166
5.19167
5.19167
5.19166
6.89138
6.89138
6.8914
6.8914
6.89141
6.89142
6.89143
6.89144
6.89144
6.89143
7.9214
7.92141
7.92142
7.92143
7.92144
7.92144
7.92145
7.92146
7.92146
7.92146
8.7148
8.71481
8.71481
8.71482
8.71483
8.71483
8.71484
8.71485
8.71485
8.71485
9.38778
9.38779
9.3878
9.3878
9.38781
9.38782
9.38782
9.38783
9.38783
9.38783
9.99072
9.99073
9.99074
9.99074
9.99075
9.99075
9.99076
9.99076
9.99077
9.99076
10.549
10.549
10.549
10.549
10.549
10.549
10.5491
10.5491
10.5491
10.5491
11.0767
11.0767
11.0767
11.0767
11.0767
11.0767
11.0767
11.0767
11.0768
11.0767
11.5819
11.5819
11.5819
11.5819
11.5819
11.5819
11.582
11.582
11.582
11.582
12.0693
12.0693
12.0693
12.0693
12.0693
12.0693
12.0693
12.0693
12.0693
12.0693
12.5412
12.5412
12.5412
12.5412
12.5412
12.5412
12.5412
12.5412
12.5413
12.5412
12.9986
12.9986
12.9986
12.9986
12.9986
12.9986
12.9986
12.9986
12.9986
12.9986
13.441
13.441
13.441
13.441
13.441
13.441
13.441
13.441
13.4411
13.441
13.8673
13.8673
13.8673
13.8673
13.8673
13.8673
13.8673
13.8673
13.8673
13.8673
14.2754
14.2754
14.2754
14.2754
14.2754
14.2754
14.2754
14.2754
14.2754
14.2754
14.6626
14.6626
14.6626
14.6626
14.6626
14.6626
14.6627
14.6627
14.6627
14.6627
15.0258
15.0258
15.0258
15.0258
15.0258
15.0258
15.0258
15.0258
15.0258
15.0258
15.3611
15.3611
15.3611
15.3611
15.3611
15.3611
15.3611
15.3611
15.3612
15.3611
15.6648
15.6648
15.6648
15.6648
15.6648
15.6648
15.6648
15.6648
15.6648
15.6648
15.9326
15.9326
15.9326
15.9326
15.9326
15.9326
15.9326
15.9326
15.9326
15.9326
16.1604
16.1604
16.1604
16.1604
16.1604
16.1604
16.1604
16.1604
16.1605
16.1604
16.3445
16.3445
16.3445
16.3445
16.3445
16.3445
16.3445
16.3445
16.3445
16.3445
16.4815
16.4814
16.4815
16.4814
16.4815
16.4814
16.4815
16.4814
16.4815
16.4814
16.5688
16.5688
16.5688
16.5688
16.5688
16.5688
16.5688
16.5688
16.5688
16.5688
16.6054
16.6054
16.6054
16.6054
16.6054
16.6054
16.6054
16.6054
16.6054
16.6054
16.5916
16.5916
16.5916
16.5916
16.5916
16.5916
16.5916
16.5916
16.5916
16.5916
16.5301
16.5301
16.5301
16.5301
16.5301
16.5301
16.5301
16.5301
16.5301
16.53
16.4258
16.4258
16.4258
16.4258
16.4258
16.4258
16.4258
16.4258
16.4258
16.4258
16.2868
16.2868
16.2868
16.2868
16.2868
16.2868
16.2867
16.2867
16.2867
16.2867
16.1239
16.1239
16.1239
16.1239
16.1239
16.1239
16.1239
16.1239
16.1239
16.1239
15.9509
15.9509
15.9509
15.9509
15.9508
15.9508
15.9508
15.9508
15.9508
15.9508
15.7832
15.7832
15.7832
15.7832
15.7832
15.7832
15.7832
15.7832
15.7832
15.7832
15.6369
15.6369
15.6368
15.6368
15.6368
15.6368
15.6368
15.6368
15.6368
15.6368
15.5257
15.5257
15.5257
15.5257
15.5257
15.5257
15.5257
15.5257
15.5257
15.5257
15.4584
15.4584
15.4584
15.4584
15.4584
15.4584
15.4583
15.4583
15.4583
15.4583
15.4348
15.4348
15.4347
15.4347
15.4347
15.4347
15.4347
15.4347
15.4347
15.4347
15.4441
15.4441
15.4441
15.444
15.444
15.444
15.444
15.444
15.444
15.444
15.4673
15.4673
15.4673
15.4673
15.4673
15.4673
15.4672
15.4672
15.4672
15.4672
15.4859
15.4859
15.4859
15.4859
15.4859
15.4859
15.4859
15.4859
15.4859
15.4858
15.4922
15.4922
15.4922
15.4922
15.4922
15.4922
15.4922
15.4922
15.4922
15.4921
15.491
15.491
15.491
15.491
15.491
15.491
15.491
15.491
15.491
15.491
15.4898
15.4898
15.4898
15.4898
15.4898
15.4898
15.4898
15.4898
15.4898
15.4898
15.4905
15.4905
15.4905
15.4905
15.4905
15.4905
15.4905
15.4905
15.4905
15.4905
15.4918
15.4918
15.4918
15.4918
15.4918
15.4918
15.4918
15.4918
15.4918
15.4918
15.4928
15.4928
15.4928
15.4928
15.4928
15.4928
15.4928
15.4928
15.4928
15.4928
15.4931
15.4931
15.4931
15.4931
15.4931
15.4931
15.4931
15.4931
15.4931
15.4931
15.493
15.493
15.493
15.493
15.493
15.493
15.493
15.493
15.493
15.4929
15.4926
15.4926
15.4926
15.4926
15.4926
15.4926
15.4926
15.4926
15.4926
15.4926
15.4924
15.4924
15.4924
15.4924
15.4924
15.4924
15.4924
15.4924
15.4924
15.4924
15.4923
15.4923
15.4923
15.4923
15.4923
15.4923
15.4923
15.4923
15.4923
15.4923
5.19161
5.19162
5.19163
5.19164
5.19165
5.19166
5.19167
5.19167
5.19168
5.19166
6.89138
6.89139
6.8914
6.89141
6.89142
6.89143
6.89143
6.89144
6.89145
6.89144
7.92141
7.92141
7.92142
7.92143
7.92144
7.92145
7.92146
7.92146
7.92147
7.92146
8.7148
8.71481
8.71482
8.71483
8.71483
8.71484
8.71485
8.71485
8.71486
8.71485
9.38779
9.38779
9.3878
9.38781
9.38782
9.38782
9.38783
9.38783
9.38784
9.38783
9.99073
9.99073
9.99074
9.99075
9.99075
9.99076
9.99077
9.99077
9.99077
9.99077
10.549
10.549
10.549
10.549
10.549
10.5491
10.5491
10.5491
10.5491
10.5491
11.0767
11.0767
11.0767
11.0767
11.0767
11.0767
11.0768
11.0768
11.0768
11.0768
11.5819
11.5819
11.5819
11.5819
11.5819
11.582
11.582
11.582
11.582
11.582
12.0693
12.0693
12.0693
12.0693
12.0693
12.0693
12.0693
12.0693
12.0693
12.0693
12.5412
12.5412
12.5412
12.5412
12.5412
12.5412
12.5413
12.5413
12.5413
12.5413
12.9986
12.9986
12.9986
12.9986
12.9986
12.9986
12.9986
12.9986
12.9986
12.9986
13.441
13.441
13.441
13.441
13.441
13.441
13.4411
13.4411
13.4411
13.4411
13.8673
13.8673
13.8673
13.8673
13.8673
13.8673
13.8673
13.8673
13.8673
13.8673
14.2754
14.2754
14.2754
14.2754
14.2754
14.2754
14.2754
14.2754
14.2754
14.2754
14.6626
14.6626
14.6627
14.6627
14.6627
14.6627
14.6627
14.6627
14.6627
14.6627
15.0258
15.0258
15.0258
15.0258
15.0258
15.0258
15.0258
15.0258
15.0258
15.0258
15.3612
15.3611
15.3612
15.3612
15.3612
15.3612
15.3612
15.3612
15.3612
15.3612
15.6648
15.6648
15.6648
15.6648
15.6648
15.6648
15.6648
15.6648
15.6648
15.6648
15.9326
15.9326
15.9326
15.9326
15.9326
15.9326
15.9326
15.9326
15.9326
15.9326
16.1605
16.1605
16.1605
16.1605
16.1605
16.1605
16.1605
16.1605
16.1605
16.1605
16.3445
16.3445
16.3445
16.3445
16.3445
16.3445
16.3445
16.3445
16.3445
16.3445
16.4815
16.4815
16.4815
16.4815
16.4815
16.4815
16.4815
16.4815
16.4815
16.4815
16.5688
16.5688
16.5688
16.5688
16.5688
16.5688
16.5688
16.5688
16.5688
16.5688
16.6054
16.6054
16.6054
16.6054
16.6054
16.6054
16.6054
16.6054
16.6054
16.6054
16.5917
16.5916
16.5916
16.5916
16.5916
16.5916
16.5916
16.5916
16.5916
16.5916
16.5301
16.5301
16.5301
16.5301
16.5301
16.5301
16.5301
16.5301
16.5301
16.5301
16.4258
16.4258
16.4258
16.4258
16.4258
16.4258
16.4258
16.4258
16.4258
16.4258
16.2868
16.2868
16.2868
16.2868
16.2868
16.2868
16.2868
16.2868
16.2868
16.2868
16.1239
16.1239
16.1239
16.1239
16.1239
16.1239
16.1239
16.1239
16.1239
16.1239
15.9509
15.9509
15.9509
15.9509
15.9509
15.9509
15.9509
15.9508
15.9508
15.9508
15.7832
15.7832
15.7832
15.7832
15.7832
15.7832
15.7832
15.7832
15.7832
15.7832
15.6368
15.6368
15.6368
15.6368
15.6368
15.6368
15.6368
15.6368
15.6368
15.6368
15.5257
15.5257
15.5257
15.5257
15.5257
15.5257
15.5257
15.5257
15.5257
15.5256
15.4584
15.4584
15.4584
15.4584
15.4584
15.4583
15.4583
15.4583
15.4583
15.4583
15.4348
15.4347
15.4347
15.4347
15.4347
15.4347
15.4347
15.4347
15.4347
15.4347
15.4441
15.4441
15.4441
15.4441
15.4441
15.4441
15.444
15.444
15.444
15.444
15.4673
15.4673
15.4673
15.4673
15.4673
15.4673
15.4673
15.4673
15.4673
15.4673
15.4859
15.4859
15.4859
15.4859
15.4859
15.4859
15.4859
15.4859
15.4859
15.4859
15.4922
15.4922
15.4922
15.4922
15.4922
15.4922
15.4922
15.4922
15.4922
15.4922
15.491
15.491
15.491
15.491
15.491
15.491
15.491
15.491
15.491
15.491
15.4898
15.4898
15.4898
15.4898
15.4898
15.4898
15.4898
15.4898
15.4898
15.4898
15.4905
15.4905
15.4905
15.4905
15.4905
15.4905
15.4905
15.4905
15.4905
15.4905
15.4918
15.4918
15.4918
15.4918
15.4918
15.4918
15.4918
15.4918
15.4918
15.4918
15.4928
15.4928
15.4928
15.4928
15.4928
15.4928
15.4928
15.4928
15.4928
15.4928
15.4931
15.4931
15.4931
15.4931
15.4931
15.4931
15.4931
15.4931
15.4931
15.4931
15.493
15.493
15.493
15.493
15.493
15.493
15.493
15.493
15.493
15.4929
15.4926
15.4926
15.4926
15.4926
15.4926
15.4926
15.4926
15.4926
15.4926
15.4926
15.4924
15.4924
15.4924
15.4924
15.4924
15.4924
15.4924
15.4924
15.4924
15.4924
15.4923
15.4923
15.4923
15.4923
15.4923
15.4923
15.4923
15.4923
15.4923
15.4923
5.19161
5.19162
5.19164
5.19165
5.19166
5.19166
5.19167
5.19167
5.19168
5.19167
6.89138
6.89139
6.8914
6.89141
6.89142
6.89143
6.89144
6.89144
6.89145
6.89144
7.92141
7.92142
7.92143
7.92144
7.92145
7.92145
7.92146
7.92146
7.92147
7.92146
8.71481
8.71482
8.71482
8.71483
8.71484
8.71484
8.71485
8.71486
8.71486
8.71485
9.38779
9.3878
9.38781
9.38781
9.38782
9.38783
9.38783
9.38784
9.38784
9.38783
9.99073
9.99074
9.99075
9.99075
9.99076
9.99076
9.99077
9.99077
9.99078
9.99077
10.549
10.549
10.549
10.549
10.5491
10.5491
10.5491
10.5491
10.5491
10.5491
11.0767
11.0767
11.0767
11.0767
11.0767
11.0768
11.0768
11.0768
11.0768
11.0768
11.5819
11.5819
11.5819
11.5819
11.582
11.582
11.582
11.582
11.582
11.582
12.0693
12.0693
12.0693
12.0693
12.0693
12.0693
12.0693
12.0693
12.0693
12.0693
12.5412
12.5412
12.5412
12.5412
12.5413
12.5413
12.5413
12.5413
12.5413
12.5413
12.9986
12.9986
12.9986
12.9986
12.9986
12.9986
12.9986
12.9986
12.9986
12.9986
13.441
13.441
13.441
13.441
13.4411
13.4411
13.4411
13.4411
13.4411
13.4411
13.8673
13.8673
13.8673
13.8673
13.8673
13.8673
13.8674
13.8674
13.8674
13.8673
14.2754
14.2754
14.2754
14.2754
14.2754
14.2754
14.2754
14.2754
14.2755
14.2754
14.6627
14.6627
14.6627
14.6627
14.6627
14.6627
14.6627
14.6627
14.6627
14.6627
15.0258
15.0258
15.0258
15.0258
15.0258
15.0258
15.0258
15.0258
15.0258
15.0258
15.3612
15.3612
15.3612
15.3612
15.3612
15.3612
15.3612
15.3612
15.3612
15.3612
15.6648
15.6648
15.6648
15.6648
15.6648
15.6648
15.6648
15.6648
15.6648
15.6648
15.9326
15.9326
15.9326
15.9326
15.9326
15.9326
15.9326
15.9326
15.9326
15.9326
16.1605
16.1605
16.1605
16.1605
16.1605
16.1605
16.1605
16.1605
16.1605
16.1605
16.3445
16.3445
16.3445
16.3445
16.3445
16.3445
16.3445
16.3445
16.3445
16.3445
16.4815
16.4815
16.4815
16.4815
16.4815
16.4815
16.4815
16.4815
16.4815
16.4815
16.5689
16.5689
16.5689
16.5689
16.5689
16.5689
16.5689
16.5689
16.5689
16.5688
16.6054
16.6054
16.6054
16.6054
16.6054
16.6054
16.6054
16.6054
16.6054
16.6054
16.5917
16.5917
16.5917
16.5917
16.5917
16.5917
16.5917
16.5917
16.5917
16.5917
16.5301
16.5301
16.5301
16.5301
16.5301
16.5301
16.5301
16.5301
16.5301
16.5301
16.4258
16.4258
16.4258
16.4258
16.4258
16.4258
16.4258
16.4258
16.4258
16.4258
16.2868
16.2868
16.2868
16.2868
16.2868
16.2868
16.2868
16.2868
16.2868
16.2868
16.1239
16.1239
16.1239
16.1239
16.1239
16.1239
16.1239
16.1239
16.1239
16.1239
15.9509
15.9509
15.9509
15.9509
15.9509
15.9509
15.9509
15.9509
15.9509
15.9508
15.7832
15.7832
15.7832
15.7832
15.7832
15.7832
15.7832
15.7832
15.7832
15.7832
15.6368
15.6368
15.6368
15.6368
15.6368
15.6368
15.6368
15.6368
15.6368
15.6368
15.5257
15.5257
15.5257
15.5257
15.5257
15.5257
15.5257
15.5257
15.5257
15.5256
15.4584
15.4584
15.4584
15.4584
15.4583
15.4583
15.4583
15.4583
15.4583
15.4583
15.4348
15.4348
15.4347
15.4347
15.4347
15.4347
15.4347
15.4347
15.4347
15.4347
15.4441
15.4441
15.4441
15.4441
15.4441
15.4441
15.4441
15.4441
15.4441
15.444
15.4673
15.4673
15.4673
15.4673
15.4673
15.4673
15.4673
15.4673
15.4673
15.4673
15.4859
15.4859
15.4859
15.4859
15.4859
15.4859
15.4859
15.4859
15.4859
15.4859
15.4922
15.4922
15.4922
15.4922
15.4922
15.4922
15.4922
15.4922
15.4922
15.4922
15.491
15.491
15.491
15.491
15.491
15.491
15.491
15.491
15.491
15.491
15.4898
15.4898
15.4898
15.4898
15.4898
15.4898
15.4898
15.4898
15.4898
15.4898
15.4905
15.4905
15.4905
15.4905
15.4905
15.4905
15.4905
15.4905
15.4905
15.4905
15.4918
15.4918
15.4918
15.4918
15.4918
15.4918
15.4918
15.4918
15.4918
15.4918
15.4928
15.4928
15.4928
15.4928
15.4928
15.4928
15.4928
15.4928
15.4928
15.4928
15.4932
15.4932
15.4932
15.4932
15.4932
15.4932
15.4932
15.4932
15.4932
15.4931
15.493
15.493
15.493
15.493
15.493
15.493
15.493
15.493
15.493
15.4929
15.4926
15.4926
15.4926
15.4926
15.4926
15.4926
15.4926
15.4926
15.4926
15.4926
15.4924
15.4924
15.4924
15.4924
15.4924
15.4924
15.4924
15.4924
15.4924
15.4924
15.4923
15.4923
15.4923
15.4923
15.4923
15.4923
15.4923
15.4923
15.4923
15.4923
5.19162
5.19163
5.19164
5.19165
5.19166
5.19167
5.19167
5.19168
5.19168
5.19167
6.89139
6.8914
6.89141
6.89142
6.89143
6.89143
6.89144
6.89144
6.89145
6.89144
7.92142
7.92142
7.92143
7.92144
7.92145
7.92146
7.92146
7.92147
7.92147
7.92146
8.71481
8.71482
8.71483
8.71484
8.71484
8.71485
8.71485
8.71486
8.71486
8.71485
9.3878
9.3878
9.38781
9.38782
9.38783
9.38783
9.38784
9.38784
9.38784
9.38783
9.99074
9.99074
9.99075
9.99076
9.99076
9.99077
9.99077
9.99077
9.99078
9.99077
10.549
10.549
10.549
10.5491
10.5491
10.5491
10.5491
10.5491
10.5491
10.5491
11.0767
11.0767
11.0767
11.0767
11.0768
11.0768
11.0768
11.0768
11.0768
11.0768
11.5819
11.5819
11.582
11.582
11.582
11.582
11.582
11.582
11.582
11.582
12.0693
12.0693
12.0693
12.0693
12.0693
12.0693
12.0693
12.0693
12.0693
12.0693
12.5412
12.5412
12.5413
12.5413
12.5413
12.5413
12.5413
12.5413
12.5413
12.5413
12.9986
12.9986
12.9986
12.9986
12.9986
12.9986
12.9986
12.9986
12.9986
12.9986
13.441
13.4411
13.4411
13.4411
13.4411
13.4411
13.4411
13.4411
13.4411
13.4411
13.8673
13.8673
13.8673
13.8673
13.8674
13.8674
13.8674
13.8674
13.8674
13.8674
14.2754
14.2754
14.2754
14.2754
14.2755
14.2755
14.2755
14.2755
14.2755
14.2755
14.6627
14.6627
14.6627
14.6627
14.6627
14.6627
14.6627
14.6627
14.6627
14.6627
15.0258
15.0258
15.0258
15.0258
15.0258
15.0258
15.0258
15.0258
15.0258
15.0258
15.3612
15.3612
15.3612
15.3612
15.3612
15.3612
15.3612
15.3612
15.3612
15.3612
15.6648
15.6648
15.6648
15.6648
15.6648
15.6648
15.6648
15.6648
15.6648
15.6648
15.9326
15.9326
15.9326
15.9326
15.9326
15.9326
15.9326
15.9326
15.9326
15.9326
16.1605
16.1605
16.1605
16.1605
16.1605
16.1605
16.1605
16.1605
16.1605
16.1605
16.3446
16.3446
16.3446
16.3446
16.3446
16.3446
16.3446
16.3446
16.3446
16.3446
16.4815
16.4815
16.4815
16.4815
16.4815
16.4815
16.4815
16.4815
16.4815
16.4815
16.5689
16.5689
16.5689
16.5689
16.5689
16.5689
16.5689
16.5689
16.5689
16.5689
16.6055
16.6055
16.6055
16.6055
16.6055
16.6054
16.6055
16.6054
16.6055
16.6054
16.5917
16.5917
16.5917
16.5917
16.5917
16.5917
16.5917
16.5917
16.5917
16.5917
16.5301
16.5301
16.5301
16.5301
16.5301
16.5301
16.5301
16.5301
16.5301
16.5301
16.4259
16.4259
16.4259
16.4259
16.4259
16.4259
16.4259
16.4259
16.4259
16.4258
16.2868
16.2868
16.2868
16.2868
16.2868
16.2868
16.2868
16.2868
16.2868
16.2868
16.124
16.124
16.124
16.124
16.1239
16.1239
16.1239
16.1239
16.1239
16.1239
15.9509
15.9509
15.9509
15.9509
15.9509
15.9509
15.9509
15.9509
15.9509
15.9509
15.7832
15.7832
15.7832
15.7832
15.7832
15.7832
15.7832
15.7832
15.7832
15.7832
15.6368
15.6368
15.6368
15.6368
15.6368
15.6368
15.6368
15.6368
15.6368
15.6368
15.5257
15.5257
15.5257
15.5257
15.5257
15.5257
15.5257
15.5257
15.5256
15.5256
15.4584
15.4584
15.4584
15.4584
15.4583
15.4583
15.4583
15.4583
15.4583
15.4583
15.4348
15.4348
15.4348
15.4348
15.4347
15.4347
15.4347
15.4347
15.4347
15.4347
15.4441
15.4441
15.4441
15.4441
15.4441
15.4441
15.4441
15.4441
15.4441
15.444
15.4674
15.4674
15.4674
15.4674
15.4674
15.4674
15.4673
15.4673
15.4673
15.4673
15.486
15.486
15.486
15.486
15.486
15.486
15.486
15.486
15.486
15.4859
15.4923
15.4922
15.4922
15.4922
15.4922
15.4922
15.4922
15.4922
15.4922
15.4922
15.491
15.491
15.491
15.491
15.491
15.491
15.491
15.491
15.491
15.491
15.4898
15.4898
15.4898
15.4898
15.4898
15.4898
15.4898
15.4898
15.4898
15.4898
15.4905
15.4905
15.4905
15.4905
15.4905
15.4905
15.4905
15.4905
15.4905
15.4905
15.4919
15.4919
15.4919
15.4919
15.4919
15.4919
15.4919
15.4919
15.4919
15.4919
15.4928
15.4928
15.4928
15.4928
15.4928
15.4928
15.4928
15.4928
15.4928
15.4928
15.4932
15.4932
15.4932
15.4932
15.4932
15.4932
15.4932
15.4932
15.4932
15.4932
15.493
15.493
15.493
15.493
15.493
15.493
15.493
15.493
15.493
15.493
15.4926
15.4926
15.4926
15.4926
15.4926
15.4926
15.4926
15.4926
15.4926
15.4926
15.4924
15.4924
15.4924
15.4924
15.4924
15.4924
15.4924
15.4924
15.4924
15.4924
15.4923
15.4923
15.4923
15.4923
15.4923
15.4923
15.4923
15.4923
15.4923
15.4923
5.19162
5.19163
5.19164
5.19165
5.19166
5.19167
5.19167
5.19168
5.19168
5.19167
6.89139
6.8914
6.89141
6.89142
6.89143
6.89143
6.89144
6.89145
6.89145
6.89144
7.92142
7.92143
7.92144
7.92144
7.92145
7.92146
7.92146
7.92147
7.92147
7.92146
8.71482
8.71482
8.71483
8.71484
8.71484
8.71485
8.71486
8.71486
8.71486
8.71486
9.3878
9.38781
9.38782
9.38782
9.38783
9.38783
9.38784
9.38784
9.38784
9.38784
9.99075
9.99075
9.99076
9.99076
9.99077
9.99077
9.99077
9.99077
9.99078
9.99077
10.549
10.549
10.5491
10.5491
10.5491
10.5491
10.5491
10.5491
10.5491
10.5491
11.0767
11.0767
11.0767
11.0768
11.0768
11.0768
11.0768
11.0768
11.0768
11.0768
11.5819
11.582
11.582
11.582
11.582
11.582
11.582
11.582
11.582
11.582
12.0693
12.0693
12.0693
12.0693
12.0693
12.0693
12.0693
12.0693
12.0693
12.0693
12.5412
12.5413
12.5413
12.5413
12.5413
12.5413
12.5413
12.5413
12.5413
12.5413
12.9986
12.9986
12.9986
12.9986
12.9986
12.9986
12.9986
12.9986
12.9986
12.9986
13.4411
13.4411
13.4411
13.4411
13.4411
13.4411
13.4411
13.4411
13.4411
13.4411
13.8673
13.8674
13.8674
13.8674
13.8674
13.8674
13.8674
13.8674
13.8674
13.8674
14.2755
14.2755
14.2755
14.2755
14.2755
14.2755
14.2755
14.2755
14.2755
14.2755
14.6627
14.6627
14.6627
14.6627
14.6627
14.6627
14.6627
14.6627
14.6627
14.6627
15.0258
15.0258
15.0258
15.0258
15.0258
15.0258
15.0258
15.0258
15.0258
15.0258
15.3612
15.3612
15.3612
15.3612
15.3612
15.3612
15.3612
15.3612
15.3612
15.3612
15.6648
15.6648
15.6648
15.6648
15.6648
15.6648
15.6648
15.6648
15.6648
15.6648
15.9326
15.9326
15.9326
15.9326
15.9326
15.9326
15.9326
15.9326
15.9327
15.9326
16.1605
16.1605
16.1605
16.1605
16.1605
16.1605
16.1605
16.1605
16.1605
16.1605
16.3446
16.3446
16.3446
16.3446
16.3446
16.3446
16.3446
16.3446
16.3446
16.3446
16.4815
16.4815
16.4815
16.4815
16.4815
16.4815
16.4815
16.4815
16.4815
16.4815
16.5689
16.5689
16.5689
16.5689
16.5689
16.5689
16.5689
16.5689
16.5689
16.5689
16.6055
16.6055
16.6055
16.6055
16.6055
16.6055
16.6055
16.6055
16.6055
16.6055
16.5917
16.5917
16.5917
16.5917
16.5917
16.5917
16.5917
16.5917
16.5917
16.5917
16.5301
16.5301
16.5301
16.5301
16.5301
16.5301
16.5301
16.5301
16.5301
16.5301
16.4259
16.4259
16.4259
16.4259
16.4259
16.4259
16.4259
16.4259
16.4259
16.4259
16.2869
16.2869
16.2869
16.2869
16.2869
16.2868
16.2868
16.2868
16.2868
16.2868
16.124
16.124
16.124
16.124
16.124
16.124
16.124
16.124
16.124
16.124
15.9509
15.9509
15.9509
15.9509
15.9509
15.9509
15.9509
15.9509
15.9509
15.9509
15.7832
15.7832
15.7832
15.7832
15.7832
15.7832
15.7832
15.7832
15.7832
15.7832
15.6368
15.6368
15.6368
15.6368
15.6368
15.6368
15.6368
15.6368
15.6368
15.6368
15.5257
15.5257
15.5257
15.5257
15.5257
15.5257
15.5257
15.5257
15.5256
15.5256
15.4584
15.4584
15.4584
15.4584
15.4583
15.4583
15.4583
15.4583
15.4583
15.4583
15.4348
15.4348
15.4348
15.4348
15.4348
15.4347
15.4347
15.4347
15.4347
15.4347
15.4441
15.4441
15.4441
15.4441
15.4441
15.4441
15.4441
15.4441
15.4441
15.4441
15.4674
15.4674
15.4674
15.4674
15.4674
15.4674
15.4674
15.4674
15.4674
15.4673
15.486
15.486
15.486
15.486
15.486
15.486
15.486
15.486
15.486
15.486
15.4923
15.4923
15.4923
15.4923
15.4923
15.4923
15.4923
15.4923
15.4923
15.4923
15.4911
15.4911
15.4911
15.4911
15.4911
15.4911
15.4911
15.4911
15.4911
15.491
15.4898
15.4898
15.4898
15.4898
15.4898
15.4898
15.4898
15.4898
15.4898
15.4898
15.4906
15.4906
15.4906
15.4906
15.4906
15.4906
15.4906
15.4906
15.4906
15.4906
15.4919
15.4919
15.4919
15.4919
15.4919
15.4919
15.4919
15.4919
15.4919
15.4919
15.4929
15.4929
15.4929
15.4929
15.4929
15.4929
15.4929
15.4929
15.4929
15.4929
15.4932
15.4932
15.4932
15.4932
15.4932
15.4932
15.4932
15.4932
15.4932
15.4932
15.493
15.493
15.493
15.493
15.493
15.493
15.493
15.493
15.493
15.493
15.4927
15.4927
15.4927
15.4927
15.4927
15.4927
15.4927
15.4927
15.4927
15.4926
15.4924
15.4924
15.4924
15.4924
15.4924
15.4924
15.4924
15.4924
15.4924
15.4924
15.4924
15.4923
15.4923
15.4923
15.4923
15.4923
15.4923
15.4923
15.4923
15.4923
5.19162
5.19163
5.19165
5.19165
5.19166
5.19167
5.19168
5.19168
5.19168
5.19167
6.8914
6.8914
6.89141
6.89142
6.89143
6.89143
6.89144
6.89145
6.89145
6.89144
7.92143
7.92143
7.92144
7.92145
7.92145
7.92146
7.92146
7.92147
7.92147
7.92147
8.71482
8.71483
8.71484
8.71484
8.71485
8.71485
8.71486
8.71486
8.71486
8.71486
9.38781
9.38781
9.38782
9.38782
9.38783
9.38783
9.38784
9.38784
9.38784
9.38784
9.99075
9.99075
9.99076
9.99076
9.99077
9.99077
9.99077
9.99077
9.99078
9.99077
10.549
10.5491
10.5491
10.5491
10.5491
10.5491
10.5491
10.5491
10.5491
10.5491
11.0767
11.0767
11.0768
11.0768
11.0768
11.0768
11.0768
11.0768
11.0768
11.0768
11.582
11.582
11.582
11.582
11.582
11.582
11.582
11.582
11.582
11.582
12.0693
12.0693
12.0693
12.0693
12.0693
12.0693
12.0693
12.0693
12.0693
12.0693
12.5413
12.5413
12.5413
12.5413
12.5413
12.5413
12.5413
12.5413
12.5413
12.5413
12.9986
12.9986
12.9986
12.9986
12.9986
12.9986
12.9986
12.9986
12.9986
12.9986
13.4411
13.4411
13.4411
13.4411
13.4411
13.4411
13.4411
13.4411
13.4411
13.4411
13.8674
13.8674
13.8674
13.8674
13.8674
13.8674
13.8674
13.8674
13.8674
13.8674
14.2755
14.2755
14.2755
14.2755
14.2755
14.2755
14.2755
14.2755
14.2755
14.2755
14.6627
14.6627
14.6627
14.6627
14.6627
14.6627
14.6627
14.6627
14.6627
14.6627
15.0258
15.0258
15.0258
15.0258
15.0258
15.0258
15.0258
15.0258
15.0258
15.0258
15.3612
15.3612
15.3612
15.3612
15.3612
15.3612
15.3612
15.3612
15.3612
15.3612
15.6648
15.6648
15.6648
15.6648
15.6648
15.6648
15.6648
15.6648
15.6648
15.6648
15.9327
15.9327
15.9327
15.9327
15.9327
15.9327
15.9327
15.9327
15.9327
15.9326
16.1605
16.1605
16.1605
16.1605
16.1605
16.1605
16.1605
16.1605
16.1605
16.1605
16.3446
16.3446
16.3446
16.3446
16.3446
16.3446
16.3446
16.3446
16.3446
16.3446
16.4815
16.4815
16.4815
16.4815
16.4815
16.4815
16.4815
16.4815
16.4815
16.4815
16.5689
16.5689
16.5689
16.5689
16.5689
16.5689
16.5689
16.5689
16.5689
16.5689
16.6055
16.6055
16.6055
16.6055
16.6055
16.6055
16.6055
16.6055
16.6055
16.6055
16.5917
16.5917
16.5917
16.5917
16.5917
16.5917
16.5917
16.5917
16.5917
16.5917
16.5302
16.5302
16.5302
16.5302
16.5302
16.5302
16.5301
16.5301
16.5301
16.5301
16.4259
16.4259
16.4259
16.4259
16.4259
16.4259
16.4259
16.4259
16.4259
16.4259
16.2869
16.2869
16.2869
16.2869
16.2869
16.2869
16.2869
16.2869
16.2869
16.2868
16.124
16.124
16.124
16.124
16.124
16.124
16.124
16.124
16.124
16.124
15.9509
15.9509
15.9509
15.9509
15.9509
15.9509
15.9509
15.9509
15.9509
15.9509
15.7832
15.7832
15.7832
15.7832
15.7832
15.7832
15.7832
15.7832
15.7832
15.7832
15.6368
15.6368
15.6368
15.6368
15.6368
15.6368
15.6368
15.6368
15.6368
15.6368
15.5257
15.5257
15.5257
15.5257
15.5257
15.5257
15.5257
15.5257
15.5257
15.5256
15.4584
15.4584
15.4584
15.4584
15.4583
15.4583
15.4583
15.4583
15.4583
15.4583
15.4348
15.4348
15.4348
15.4348
15.4348
15.4348
15.4348
15.4348
15.4347
15.4347
15.4442
15.4442
15.4442
15.4441
15.4441
15.4441
15.4441
15.4441
15.4441
15.4441
15.4674
15.4674
15.4674
15.4674
15.4674
15.4674
15.4674
15.4674
15.4674
15.4674
15.486
15.486
15.486
15.486
15.486
15.486
15.486
15.486
15.486
15.486
15.4923
15.4923
15.4923
15.4923
15.4923
15.4923
15.4923
15.4923
15.4923
15.4923
15.4911
15.4911
15.4911
15.4911
15.4911
15.4911
15.4911
15.4911
15.4911
15.4911
15.4899
15.4899
15.4899
15.4899
15.4899
15.4899
15.4899
15.4899
15.4899
15.4899
15.4906
15.4906
15.4906
15.4906
15.4906
15.4906
15.4906
15.4906
15.4906
15.4906
15.4919
15.4919
15.4919
15.4919
15.4919
15.4919
15.4919
15.4919
15.4919
15.4919
15.4929
15.4929
15.4929
15.4929
15.4929
15.4929
15.4929
15.4929
15.4929
15.4929
15.4932
15.4932
15.4932
15.4932
15.4932
15.4932
15.4932
15.4932
15.4932
15.4932
15.493
15.493
15.493
15.493
15.493
15.493
15.493
15.493
15.493
15.493
15.4927
15.4927
15.4927
15.4927
15.4927
15.4927
15.4927
15.4927
15.4927
15.4927
15.4924
15.4924
15.4924
15.4924
15.4924
15.4924
15.4924
15.4924
15.4924
15.4924
15.4924
15.4924
15.4924
15.4924
15.4924
15.4924
15.4924
15.4923
15.4923
15.4923
5.19162
5.19163
5.19165
5.19165
5.19166
5.19167
5.19168
5.19168
5.19169
5.19167
6.8914
6.8914
6.89141
6.89142
6.89143
6.89143
6.89144
6.89145
6.89145
6.89144
7.92143
7.92143
7.92144
7.92145
7.92145
7.92146
7.92146
7.92147
7.92148
7.92147
8.71483
8.71483
8.71484
8.71484
8.71485
8.71485
8.71486
8.71486
8.71487
8.71486
9.38781
9.38782
9.38782
9.38782
9.38783
9.38783
9.38784
9.38784
9.38784
9.38784
9.99075
9.99076
9.99076
9.99076
9.99077
9.99077
9.99077
9.99077
9.99078
9.99077
10.5491
10.5491
10.5491
10.5491
10.5491
10.5491
10.5491
10.5491
10.5491
10.5491
11.0767
11.0767
11.0768
11.0768
11.0768
11.0768
11.0768
11.0768
11.0768
11.0768
11.582
11.582
11.582
11.582
11.582
11.582
11.582
11.582
11.582
11.582
12.0693
12.0693
12.0693
12.0693
12.0693
12.0693
12.0693
12.0693
12.0693
12.0693
12.5413
12.5413
12.5413
12.5413
12.5413
12.5413
12.5413
12.5413
12.5413
12.5413
12.9986
12.9986
12.9986
12.9986
12.9986
12.9986
12.9986
12.9986
12.9986
12.9986
13.4411
13.4411
13.4411
13.4411
13.4411
13.4411
13.4411
13.4411
13.4411
13.4411
13.8674
13.8674
13.8674
13.8674
13.8674
13.8674
13.8674
13.8674
13.8674
13.8674
14.2755
14.2755
14.2755
14.2755
14.2755
14.2755
14.2755
14.2755
14.2755
14.2755
14.6627
14.6627
14.6627
14.6627
14.6627
14.6627
14.6627
14.6627
14.6627
14.6627
15.0258
15.0258
15.0258
15.0258
15.0258
15.0258
15.0258
15.0258
15.0258
15.0258
15.3612
15.3612
15.3612
15.3612
15.3612
15.3612
15.3612
15.3612
15.3612
15.3612
15.6649
15.6649
15.6649
15.6649
15.6649
15.6648
15.6648
15.6648
15.6648
15.6648
15.9327
15.9327
15.9327
15.9327
15.9327
15.9327
15.9327
15.9327
15.9327
15.9326
16.1605
16.1605
16.1605
16.1605
16.1605
16.1605
16.1605
16.1605
16.1605
16.1605
16.3446
16.3446
16.3446
16.3446
16.3446
16.3446
16.3446
16.3446
16.3446
16.3446
16.4815
16.4815
16.4815
16.4815
16.4815
16.4815
16.4815
16.4815
16.4815
16.4815
16.5689
16.5689
16.5689
16.5689
16.5689
16.5689
16.5689
16.5689
16.5689
16.5689
16.6055
16.6055
16.6055
16.6055
16.6055
16.6055
16.6055
16.6055
16.6055
16.6055
16.5917
16.5917
16.5917
16.5917
16.5917
16.5917
16.5917
16.5917
16.5917
16.5917
16.5302
16.5302
16.5302
16.5302
16.5302
16.5302
16.5302
16.5302
16.5302
16.5301
16.4259
16.4259
16.4259
16.4259
16.4259
16.4259
16.4259
16.4259
16.4259
16.4259
16.2869
16.2869
16.2869
16.2869
16.2869
16.2869
16.2869
16.2869
16.2869
16.2869
16.124
16.124
16.124
16.124
16.124
16.124
16.124
16.124
16.124
16.124
15.9509
15.9509
15.9509
15.9509
15.9509
15.9509
15.9509
15.9509
15.9509
15.9509
15.7832
15.7832
15.7832
15.7832
15.7832
15.7832
15.7832
15.7832
15.7832
15.7832
15.6369
15.6368
15.6368
15.6368
15.6368
15.6368
15.6368
15.6368
15.6368
15.6368
15.5257
15.5257
15.5257
15.5257
15.5257
15.5257
15.5257
15.5257
15.5257
15.5257
15.4584
15.4584
15.4584
15.4584
15.4584
15.4584
15.4584
15.4584
15.4584
15.4583
15.4348
15.4348
15.4348
15.4348
15.4348
15.4348
15.4348
15.4348
15.4348
15.4348
15.4442
15.4442
15.4442
15.4442
15.4442
15.4442
15.4442
15.4442
15.4442
15.4441
15.4675
15.4675
15.4675
15.4675
15.4675
15.4675
15.4674
15.4674
15.4674
15.4674
15.4861
15.4861
15.4861
15.4861
15.4861
15.4861
15.4861
15.486
15.486
15.486
15.4923
15.4923
15.4923
15.4923
15.4923
15.4923
15.4923
15.4923
15.4923
15.4923
15.4911
15.4911
15.4911
15.4911
15.4911
15.4911
15.4911
15.4911
15.4911
15.4911
15.4899
15.4899
15.4899
15.4899
15.4899
15.4899
15.4899
15.4899
15.4899
15.4899
15.4906
15.4906
15.4906
15.4906
15.4906
15.4906
15.4906
15.4906
15.4906
15.4906
15.4919
15.4919
15.4919
15.4919
15.4919
15.4919
15.4919
15.4919
15.4919
15.4919
15.4929
15.4929
15.4929
15.4929
15.4929
15.4929
15.4929
15.4929
15.4929
15.4929
15.4932
15.4932
15.4932
15.4932
15.4932
15.4932
15.4932
15.4932
15.4932
15.4932
15.493
15.493
15.493
15.493
15.493
15.493
15.493
15.493
15.493
15.493
15.4927
15.4927
15.4927
15.4927
15.4927
15.4927
15.4927
15.4927
15.4927
15.4927
15.4925
15.4925
15.4925
15.4925
15.4925
15.4925
15.4925
15.4925
15.4925
15.4924
15.4924
15.4924
15.4924
15.4924
15.4924
15.4924
15.4924
15.4924
15.4924
15.4924
)
;

boundaryField
{
    inlet
    {
        type            calculated;
        value           nonuniform List<scalar> 
500
(
5.1916
6.89136
7.92139
8.71478
9.38777
9.99071
10.549
11.0767
11.5819
12.0693
12.5412
12.9986
13.441
13.8673
14.2754
14.6626
15.0257
15.3611
15.6647
15.9325
16.1604
16.3445
16.4814
16.5688
16.6053
16.5915
16.53
16.4257
16.2867
16.1239
15.9509
15.7832
15.6369
15.5258
15.4584
15.4348
15.4441
15.4673
15.4859
15.4922
15.491
15.4898
15.4905
15.4918
15.4928
15.4932
15.493
15.4926
15.4924
15.4923
5.1916
6.89137
7.9214
8.71479
9.38777
9.99071
10.549
11.0767
11.5819
12.0693
12.5412
12.9986
13.441
13.8673
14.2754
14.6626
15.0257
15.3611
15.6648
15.9326
16.1604
16.3445
16.4814
16.5688
16.6054
16.5916
16.53
16.4257
16.2867
16.1239
15.9509
15.7832
15.6369
15.5257
15.4584
15.4348
15.4441
15.4673
15.4859
15.4922
15.491
15.4898
15.4905
15.4918
15.4928
15.4932
15.493
15.4926
15.4924
15.4923
5.1916
6.89137
7.9214
8.71479
9.38778
9.99072
10.549
11.0767
11.5819
12.0693
12.5412
12.9986
13.441
13.8673
14.2754
14.6626
15.0258
15.3611
15.6648
15.9326
16.1604
16.3445
16.4814
16.5688
16.6054
16.5916
16.53
16.4258
16.2867
16.1239
15.9509
15.7832
15.6369
15.5257
15.4584
15.4348
15.4441
15.4673
15.4859
15.4922
15.491
15.4898
15.4905
15.4918
15.4928
15.4931
15.493
15.4926
15.4924
15.4923
5.19161
6.89138
7.9214
8.7148
9.38778
9.99072
10.549
11.0767
11.5819
12.0693
12.5412
12.9986
13.441
13.8673
14.2754
14.6626
15.0258
15.3611
15.6648
15.9326
16.1604
16.3445
16.4815
16.5688
16.6054
16.5916
16.5301
16.4258
16.2868
16.1239
15.9509
15.7832
15.6369
15.5257
15.4584
15.4348
15.4441
15.4673
15.4859
15.4922
15.491
15.4898
15.4905
15.4918
15.4928
15.4931
15.493
15.4926
15.4924
15.4923
5.19161
6.89138
7.92141
8.7148
9.38779
9.99073
10.549
11.0767
11.5819
12.0693
12.5412
12.9986
13.441
13.8673
14.2754
14.6626
15.0258
15.3612
15.6648
15.9326
16.1605
16.3445
16.4815
16.5688
16.6054
16.5917
16.5301
16.4258
16.2868
16.1239
15.9509
15.7832
15.6368
15.5257
15.4584
15.4348
15.4441
15.4673
15.4859
15.4922
15.491
15.4898
15.4905
15.4918
15.4928
15.4931
15.493
15.4926
15.4924
15.4923
5.19161
6.89138
7.92141
8.71481
9.38779
9.99073
10.549
11.0767
11.5819
12.0693
12.5412
12.9986
13.441
13.8673
14.2754
14.6627
15.0258
15.3612
15.6648
15.9326
16.1605
16.3445
16.4815
16.5689
16.6054
16.5917
16.5301
16.4258
16.2868
16.1239
15.9509
15.7832
15.6368
15.5257
15.4584
15.4348
15.4441
15.4673
15.4859
15.4922
15.491
15.4898
15.4905
15.4918
15.4928
15.4932
15.493
15.4926
15.4924
15.4923
5.19162
6.89139
7.92142
8.71481
9.3878
9.99074
10.549
11.0767
11.5819
12.0693
12.5412
12.9986
13.441
13.8673
14.2754
14.6627
15.0258
15.3612
15.6648
15.9326
16.1605
16.3446
16.4815
16.5689
16.6055
16.5917
16.5301
16.4259
16.2868
16.124
15.9509
15.7832
15.6368
15.5257
15.4584
15.4348
15.4441
15.4674
15.486
15.4923
15.491
15.4898
15.4905
15.4919
15.4928
15.4932
15.493
15.4926
15.4924
15.4923
5.19162
6.89139
7.92142
8.71482
9.3878
9.99075
10.549
11.0767
11.5819
12.0693
12.5412
12.9986
13.4411
13.8673
14.2755
14.6627
15.0258
15.3612
15.6648
15.9326
16.1605
16.3446
16.4815
16.5689
16.6055
16.5917
16.5301
16.4259
16.2869
16.124
15.9509
15.7832
15.6368
15.5257
15.4584
15.4348
15.4441
15.4674
15.486
15.4923
15.4911
15.4898
15.4906
15.4919
15.4929
15.4932
15.493
15.4927
15.4924
15.4924
5.19162
6.8914
7.92143
8.71482
9.38781
9.99075
10.549
11.0767
11.582
12.0693
12.5413
12.9986
13.4411
13.8674
14.2755
14.6627
15.0258
15.3612
15.6648
15.9327
16.1605
16.3446
16.4815
16.5689
16.6055
16.5917
16.5302
16.4259
16.2869
16.124
15.9509
15.7832
15.6368
15.5257
15.4584
15.4348
15.4442
15.4674
15.486
15.4923
15.4911
15.4899
15.4906
15.4919
15.4929
15.4932
15.493
15.4927
15.4924
15.4924
5.19162
6.8914
7.92143
8.71483
9.38781
9.99075
10.5491
11.0767
11.582
12.0693
12.5413
12.9986
13.4411
13.8674
14.2755
14.6627
15.0258
15.3612
15.6649
15.9327
16.1605
16.3446
16.4815
16.5689
16.6055
16.5917
16.5302
16.4259
16.2869
16.124
15.9509
15.7832
15.6369
15.5257
15.4584
15.4348
15.4442
15.4675
15.4861
15.4923
15.4911
15.4899
15.4906
15.4919
15.4929
15.4932
15.493
15.4927
15.4925
15.4924
)
;
    }
    outlet
    {
        type            calculated;
        value           nonuniform List<scalar> 
500
(
5.19165
6.89142
7.92144
8.71483
9.38781
9.99074
10.549
11.0767
11.5819
12.0693
12.5412
12.9986
13.441
13.8673
14.2754
14.6626
15.0257
15.3611
15.6647
15.9325
16.1604
16.3444
16.4814
16.5687
16.6053
16.5915
16.5299
16.4257
16.2866
16.1238
15.9508
15.7832
15.6368
15.5257
15.4584
15.4347
15.444
15.4672
15.4858
15.4922
15.491
15.4898
15.4905
15.4918
15.4928
15.4931
15.493
15.4926
15.4924
15.4923
5.19166
6.89143
7.92145
8.71484
9.38782
9.99075
10.549
11.0767
11.5819
12.0693
12.5412
12.9986
13.441
13.8673
14.2754
14.6626
15.0258
15.3611
15.6648
15.9326
16.1604
16.3445
16.4814
16.5688
16.6053
16.5916
16.53
16.4257
16.2867
16.1238
15.9508
15.7832
15.6368
15.5257
15.4584
15.4347
15.444
15.4672
15.4858
15.4921
15.491
15.4898
15.4905
15.4918
15.4928
15.4931
15.493
15.4926
15.4924
15.4923
5.19166
6.89143
7.92145
8.71484
9.38782
9.99076
10.5491
11.0767
11.5819
12.0693
12.5412
12.9986
13.441
13.8673
14.2754
14.6626
15.0258
15.3611
15.6648
15.9326
16.1604
16.3445
16.4814
16.5688
16.6054
16.5916
16.53
16.4257
16.2867
16.1238
15.9508
15.7832
15.6368
15.5257
15.4583
15.4347
15.444
15.4672
15.4858
15.4921
15.491
15.4897
15.4905
15.4918
15.4928
15.4931
15.4929
15.4926
15.4924
15.4923
5.19166
6.89143
7.92146
8.71485
9.38783
9.99076
10.5491
11.0767
11.582
12.0693
12.5412
12.9986
13.441
13.8673
14.2754
14.6627
15.0258
15.3611
15.6648
15.9326
16.1604
16.3445
16.4814
16.5688
16.6054
16.5916
16.53
16.4258
16.2867
16.1239
15.9508
15.7832
15.6368
15.5257
15.4583
15.4347
15.444
15.4672
15.4858
15.4921
15.491
15.4898
15.4905
15.4918
15.4928
15.4931
15.4929
15.4926
15.4924
15.4923
5.19166
6.89144
7.92146
8.71485
9.38783
9.99077
10.5491
11.0768
11.582
12.0693
12.5413
12.9986
13.4411
13.8673
14.2754
14.6627
15.0258
15.3612
15.6648
15.9326
16.1605
16.3445
16.4815
16.5688
16.6054
16.5916
16.5301
16.4258
16.2868
16.1239
15.9508
15.7832
15.6368
15.5256
15.4583
15.4347
15.444
15.4673
15.4859
15.4922
15.491
15.4898
15.4905
15.4918
15.4928
15.4931
15.4929
15.4926
15.4924
15.4923
5.19167
6.89144
7.92146
8.71485
9.38783
9.99077
10.5491
11.0768
11.582
12.0693
12.5413
12.9986
13.4411
13.8673
14.2754
14.6627
15.0258
15.3612
15.6648
15.9326
16.1605
16.3445
16.4815
16.5688
16.6054
16.5917
16.5301
16.4258
16.2868
16.1239
15.9508
15.7832
15.6368
15.5256
15.4583
15.4347
15.444
15.4673
15.4859
15.4922
15.491
15.4898
15.4905
15.4918
15.4928
15.4931
15.4929
15.4926
15.4924
15.4923
5.19167
6.89144
7.92146
8.71485
9.38783
9.99077
10.5491
11.0768
11.582
12.0693
12.5413
12.9986
13.4411
13.8674
14.2755
14.6627
15.0258
15.3612
15.6648
15.9326
16.1605
16.3446
16.4815
16.5689
16.6054
16.5917
16.5301
16.4258
16.2868
16.1239
15.9509
15.7832
15.6368
15.5256
15.4583
15.4347
15.444
15.4673
15.4859
15.4922
15.491
15.4898
15.4905
15.4919
15.4928
15.4932
15.493
15.4926
15.4924
15.4923
5.19167
6.89144
7.92146
8.71486
9.38784
9.99077
10.5491
11.0768
11.582
12.0693
12.5413
12.9986
13.4411
13.8674
14.2755
14.6627
15.0258
15.3612
15.6648
15.9326
16.1605
16.3446
16.4815
16.5689
16.6055
16.5917
16.5301
16.4259
16.2868
16.124
15.9509
15.7832
15.6368
15.5256
15.4583
15.4347
15.4441
15.4673
15.486
15.4923
15.491
15.4898
15.4906
15.4919
15.4929
15.4932
15.493
15.4926
15.4924
15.4923
5.19167
6.89144
7.92147
8.71486
9.38784
9.99077
10.5491
11.0768
11.582
12.0693
12.5413
12.9986
13.4411
13.8674
14.2755
14.6627
15.0258
15.3612
15.6648
15.9326
16.1605
16.3446
16.4815
16.5689
16.6055
16.5917
16.5301
16.4259
16.2868
16.124
15.9509
15.7832
15.6368
15.5256
15.4583
15.4347
15.4441
15.4674
15.486
15.4923
15.4911
15.4899
15.4906
15.4919
15.4929
15.4932
15.493
15.4927
15.4924
15.4923
5.19167
6.89144
7.92147
8.71486
9.38784
9.99077
10.5491
11.0768
11.582
12.0693
12.5413
12.9986
13.4411
13.8674
14.2755
14.6627
15.0258
15.3612
15.6648
15.9326
16.1605
16.3446
16.4815
16.5689
16.6055
16.5917
16.5301
16.4259
16.2869
16.124
15.9509
15.7832
15.6368
15.5257
15.4583
15.4348
15.4441
15.4674
15.486
15.4923
15.4911
15.4899
15.4906
15.4919
15.4929
15.4932
15.493
15.4927
15.4924
15.4924
)
;
    }
    sideLeft
    {
        type            calculated;
        value           nonuniform List<scalar> 
500
(
5.1916
6.89136
7.92139
8.71478
9.38777
9.99071
10.549
11.0767
11.5819
12.0693
12.5412
12.9986
13.441
13.8673
14.2754
14.6626
15.0257
15.3611
15.6647
15.9325
16.1604
16.3445
16.4814
16.5688
16.6053
16.5915
16.53
16.4257
16.2867
16.1239
15.9509
15.7832
15.6369
15.5258
15.4584
15.4348
15.4441
15.4673
15.4859
15.4922
15.491
15.4898
15.4905
15.4918
15.4928
15.4932
15.493
15.4926
15.4924
15.4923
5.1916
6.89137
7.92139
8.71479
9.38777
9.99071
10.549
11.0767
11.5819
12.0693
12.5412
12.9986
13.441
13.8673
14.2754
14.6626
15.0257
15.3611
15.6647
15.9325
16.1604
16.3444
16.4814
16.5688
16.6053
16.5915
16.53
16.4257
16.2867
16.1239
15.9509
15.7832
15.6369
15.5258
15.4584
15.4348
15.4441
15.4673
15.4859
15.4922
15.491
15.4898
15.4905
15.4918
15.4928
15.4932
15.493
15.4926
15.4924
15.4923
5.19162
6.89138
7.9214
8.7148
9.38778
9.99072
10.549
11.0767
11.5819
12.0693
12.5412
12.9986
13.441
13.8673
14.2754
14.6626
15.0257
15.3611
15.6647
15.9325
16.1604
16.3444
16.4814
16.5688
16.6053
16.5915
16.53
16.4257
16.2867
16.1238
15.9509
15.7832
15.6369
15.5258
15.4584
15.4348
15.4441
15.4673
15.4859
15.4922
15.491
15.4898
15.4905
15.4918
15.4928
15.4932
15.493
15.4926
15.4924
15.4923
5.19163
6.89139
7.92141
8.7148
9.38778
9.99072
10.549
11.0767
11.5819
12.0693
12.5412
12.9986
13.441
13.8673
14.2754
14.6626
15.0257
15.3611
15.6647
15.9325
16.1604
16.3444
16.4814
16.5688
16.6053
16.5915
16.53
16.4257
16.2867
16.1238
15.9509
15.7832
15.6369
15.5257
15.4584
15.4348
15.4441
15.4673
15.4859
15.4922
15.491
15.4898
15.4905
15.4918
15.4928
15.4932
15.493
15.4926
15.4924
15.4923
5.19164
6.8914
7.92142
8.71481
9.38779
9.99073
10.549
11.0767
11.5819
12.0693
12.5412
12.9986
13.441
13.8673
14.2754
14.6626
15.0257
15.3611
15.6647
15.9325
16.1604
16.3444
16.4814
16.5688
16.6053
16.5915
16.53
16.4257
16.2867
16.1238
15.9508
15.7832
15.6369
15.5257
15.4584
15.4348
15.4441
15.4673
15.4859
15.4922
15.491
15.4898
15.4905
15.4918
15.4928
15.4932
15.493
15.4926
15.4924
15.4923
5.19164
6.8914
7.92142
8.71482
9.3878
9.99073
10.549
11.0767
11.5819
12.0693
12.5412
12.9986
13.441
13.8673
14.2754
14.6626
15.0257
15.3611
15.6647
15.9325
16.1604
16.3444
16.4814
16.5687
16.6053
16.5915
16.53
16.4257
16.2867
16.1238
15.9508
15.7832
15.6369
15.5257
15.4584
15.4348
15.4441
15.4673
15.4859
15.4922
15.491
15.4898
15.4905
15.4918
15.4928
15.4931
15.493
15.4926
15.4924
15.4923
5.19165
6.89141
7.92143
8.71482
9.3878
9.99074
10.549
11.0767
11.5819
12.0693
12.5412
12.9986
13.441
13.8673
14.2754
14.6626
15.0257
15.3611
15.6648
15.9325
16.1604
16.3445
16.4814
16.5688
16.6053
16.5915
16.53
16.4257
16.2867
16.1238
15.9508
15.7832
15.6369
15.5257
15.4584
15.4348
15.4441
15.4672
15.4859
15.4922
15.491
15.4898
15.4905
15.4918
15.4928
15.4931
15.493
15.4926
15.4924
15.4923
5.19165
6.89142
7.92144
8.71483
9.38781
9.99074
10.549
11.0767
11.5819
12.0693
12.5412
12.9986
13.441
13.8673
14.2754
14.6626
15.0257
15.3611
15.6648
15.9325
16.1604
16.3444
16.4814
16.5687
16.6053
16.5915
16.5299
16.4257
16.2867
16.1238
15.9508
15.7832
15.6369
15.5257
15.4584
15.4348
15.444
15.4672
15.4858
15.4922
15.491
15.4898
15.4905
15.4918
15.4928
15.4931
15.493
15.4926
15.4924
15.4923
5.19166
6.89142
7.92145
8.71483
9.38781
9.99075
10.549
11.0767
11.5819
12.0693
12.5412
12.9986
13.441
13.8673
14.2754
14.6626
15.0257
15.3611
15.6648
15.9326
16.1604
16.3445
16.4814
16.5688
16.6053
16.5915
16.5299
16.4257
16.2867
16.1238
15.9508
15.7832
15.6369
15.5257
15.4584
15.4348
15.444
15.4672
15.4858
15.4922
15.491
15.4898
15.4905
15.4918
15.4928
15.4931
15.493
15.4926
15.4924
15.4923
5.19165
6.89142
7.92144
8.71483
9.38781
9.99074
10.549
11.0767
11.5819
12.0693
12.5412
12.9986
13.441
13.8673
14.2754
14.6626
15.0257
15.3611
15.6647
15.9325
16.1604
16.3444
16.4814
16.5687
16.6053
16.5915
16.5299
16.4257
16.2866
16.1238
15.9508
15.7832
15.6368
15.5257
15.4584
15.4347
15.444
15.4672
15.4858
15.4922
15.491
15.4898
15.4905
15.4918
15.4928
15.4931
15.493
15.4926
15.4924
15.4923
)
;
    }
    sideRight
    {
        type            calculated;
        value           nonuniform List<scalar> 
500
(
5.19162
6.8914
7.92143
8.71483
9.38781
9.99075
10.5491
11.0767
11.582
12.0693
12.5413
12.9986
13.4411
13.8674
14.2755
14.6627
15.0258
15.3612
15.6649
15.9327
16.1605
16.3446
16.4815
16.5689
16.6055
16.5917
16.5302
16.4259
16.2869
16.124
15.9509
15.7832
15.6369
15.5257
15.4584
15.4348
15.4442
15.4675
15.4861
15.4923
15.4911
15.4899
15.4906
15.4919
15.4929
15.4932
15.493
15.4927
15.4925
15.4924
5.19163
6.8914
7.92143
8.71483
9.38782
9.99076
10.5491
11.0767
11.582
12.0693
12.5413
12.9986
13.4411
13.8674
14.2755
14.6627
15.0258
15.3612
15.6649
15.9327
16.1605
16.3446
16.4815
16.5689
16.6055
16.5917
16.5302
16.4259
16.2869
16.124
15.9509
15.7832
15.6368
15.5257
15.4584
15.4348
15.4442
15.4675
15.4861
15.4923
15.4911
15.4899
15.4906
15.4919
15.4929
15.4932
15.493
15.4927
15.4925
15.4924
5.19165
6.89141
7.92144
8.71484
9.38782
9.99076
10.5491
11.0768
11.582
12.0693
12.5413
12.9986
13.4411
13.8674
14.2755
14.6627
15.0258
15.3612
15.6649
15.9327
16.1605
16.3446
16.4815
16.5689
16.6055
16.5917
16.5302
16.4259
16.2869
16.124
15.9509
15.7832
15.6368
15.5257
15.4584
15.4348
15.4442
15.4675
15.4861
15.4923
15.4911
15.4899
15.4906
15.4919
15.4929
15.4932
15.493
15.4927
15.4925
15.4924
5.19165
6.89142
7.92145
8.71484
9.38782
9.99076
10.5491
11.0768
11.582
12.0693
12.5413
12.9986
13.4411
13.8674
14.2755
14.6627
15.0258
15.3612
15.6649
15.9327
16.1605
16.3446
16.4815
16.5689
16.6055
16.5917
16.5302
16.4259
16.2869
16.124
15.9509
15.7832
15.6368
15.5257
15.4584
15.4348
15.4442
15.4675
15.4861
15.4923
15.4911
15.4899
15.4906
15.4919
15.4929
15.4932
15.493
15.4927
15.4925
15.4924
5.19166
6.89143
7.92145
8.71485
9.38783
9.99077
10.5491
11.0768
11.582
12.0693
12.5413
12.9986
13.4411
13.8674
14.2755
14.6627
15.0258
15.3612
15.6649
15.9327
16.1605
16.3446
16.4815
16.5689
16.6055
16.5917
16.5302
16.4259
16.2869
16.124
15.9509
15.7832
15.6368
15.5257
15.4584
15.4348
15.4442
15.4675
15.4861
15.4923
15.4911
15.4899
15.4906
15.4919
15.4929
15.4932
15.493
15.4927
15.4925
15.4924
5.19167
6.89143
7.92146
8.71485
9.38783
9.99077
10.5491
11.0768
11.582
12.0693
12.5413
12.9986
13.4411
13.8674
14.2755
14.6627
15.0258
15.3612
15.6648
15.9327
16.1605
16.3446
16.4815
16.5689
16.6055
16.5917
16.5302
16.4259
16.2869
16.124
15.9509
15.7832
15.6368
15.5257
15.4584
15.4348
15.4442
15.4675
15.4861
15.4923
15.4911
15.4899
15.4906
15.4919
15.4929
15.4932
15.493
15.4927
15.4925
15.4924
5.19168
6.89144
7.92146
8.71486
9.38784
9.99077
10.5491
11.0768
11.582
12.0693
12.5413
12.9986
13.4411
13.8674
14.2755
14.6627
15.0258
15.3612
15.6648
15.9327
16.1605
16.3446
16.4815
16.5689
16.6055
16.5917
16.5302
16.4259
16.2869
16.124
15.9509
15.7832
15.6368
15.5257
15.4584
15.4348
15.4442
15.4674
15.4861
15.4923
15.4911
15.4899
15.4906
15.4919
15.4929
15.4932
15.493
15.4927
15.4925
15.4924
5.19168
6.89145
7.92147
8.71486
9.38784
9.99077
10.5491
11.0768
11.582
12.0693
12.5413
12.9986
13.4411
13.8674
14.2755
14.6627
15.0258
15.3612
15.6648
15.9327
16.1605
16.3446
16.4815
16.5689
16.6055
16.5917
16.5302
16.4259
16.2869
16.124
15.9509
15.7832
15.6368
15.5257
15.4584
15.4348
15.4442
15.4674
15.486
15.4923
15.4911
15.4899
15.4906
15.4919
15.4929
15.4932
15.493
15.4927
15.4925
15.4924
5.19169
6.89145
7.92148
8.71487
9.38784
9.99078
10.5491
11.0768
11.582
12.0693
12.5413
12.9986
13.4411
13.8674
14.2755
14.6627
15.0258
15.3612
15.6648
15.9327
16.1605
16.3446
16.4815
16.5689
16.6055
16.5917
16.5302
16.4259
16.2869
16.124
15.9509
15.7832
15.6368
15.5257
15.4584
15.4348
15.4442
15.4674
15.486
15.4923
15.4911
15.4899
15.4906
15.4919
15.4929
15.4932
15.493
15.4927
15.4925
15.4924
5.19167
6.89144
7.92147
8.71486
9.38784
9.99077
10.5491
11.0768
11.582
12.0693
12.5413
12.9986
13.4411
13.8674
14.2755
14.6627
15.0258
15.3612
15.6648
15.9326
16.1605
16.3446
16.4815
16.5689
16.6055
16.5917
16.5301
16.4259
16.2869
16.124
15.9509
15.7832
15.6368
15.5257
15.4583
15.4348
15.4441
15.4674
15.486
15.4923
15.4911
15.4899
15.4906
15.4919
15.4929
15.4932
15.493
15.4927
15.4924
15.4924
)
;
    }
    top
    {
        type            symmetryPlane;
        value           nonuniform List<scalar> 
100
(
15.4923
15.4923
15.4923
15.4923
15.4923
15.4923
15.4923
15.4924
15.4924
15.4924
15.4923
15.4923
15.4923
15.4923
15.4923
15.4923
15.4923
15.4923
15.4924
15.4924
15.4923
15.4923
15.4923
15.4923
15.4923
15.4923
15.4923
15.4923
15.4924
15.4924
15.4923
15.4923
15.4923
15.4923
15.4923
15.4923
15.4923
15.4923
15.4924
15.4924
15.4923
15.4923
15.4923
15.4923
15.4923
15.4923
15.4923
15.4923
15.4924
15.4924
15.4923
15.4923
15.4923
15.4923
15.4923
15.4923
15.4923
15.4923
15.4924
15.4924
15.4923
15.4923
15.4923
15.4923
15.4923
15.4923
15.4923
15.4923
15.4924
15.4924
15.4923
15.4923
15.4923
15.4923
15.4923
15.4923
15.4923
15.4923
15.4923
15.4924
15.4923
15.4923
15.4923
15.4923
15.4923
15.4923
15.4923
15.4923
15.4923
15.4924
15.4923
15.4923
15.4923
15.4923
15.4923
15.4923
15.4923
15.4923
15.4923
15.4924
)
;
    }
    bottomRoughWall
    {
        type            calculated;
        value           uniform 0;
    }
}


// ************************************************************************* //
