/*--------------------------------*- C++ -*----------------------------------*\
| =========                 |                                                 |
| \\      /  F ield         | foam-extend: Open Source CFD                    |
|  \\    /   O peration     | Version:     3.2                                |
|   \\  /    A nd           | Web:         http://www.foam-extend.org         |
|    \\/     M anipulation  | For copyright notice see file Copyright         |
\*---------------------------------------------------------------------------*/
FoamFile
{
    version     2.0;
    format      ascii;
    class       volScalarField;
    location    "2000000";
    object      Uy;
}
// * * * * * * * * * * * * * * * * * * * * * * * * * * * * * * * * * * * * * //

dimensions      [0 1 -1 0 0 0 0];

internalField   nonuniform List<scalar> 
5000
(
2.5716
2.5716
2.5716
2.5716
2.5716
2.5716
2.5716
2.57159
2.57159
2.57158
3.29165
3.29165
3.29165
3.29165
3.29165
3.29165
3.29164
3.29164
3.29164
3.29163
3.66498
3.66498
3.66498
3.66498
3.66498
3.66497
3.66497
3.66497
3.66497
3.66496
3.9074
3.90739
3.90739
3.90739
3.90739
3.90739
3.90739
3.90739
3.90738
3.90738
4.07605
4.07605
4.07605
4.07605
4.07604
4.07604
4.07604
4.07604
4.07603
4.07603
4.19445
4.19445
4.19445
4.19445
4.19444
4.19444
4.19444
4.19444
4.19443
4.19443
4.27371
4.27371
4.2737
4.2737
4.2737
4.2737
4.2737
4.27369
4.27369
4.27369
4.31945
4.31944
4.31944
4.31944
4.31944
4.31944
4.31943
4.31943
4.31943
4.31942
4.33454
4.33453
4.33453
4.33453
4.33453
4.33452
4.33452
4.33452
4.33452
4.33451
4.32034
4.32034
4.32034
4.32034
4.32034
4.32033
4.32033
4.32033
4.32032
4.32032
4.27739
4.27739
4.27739
4.27738
4.27738
4.27738
4.27738
4.27737
4.27737
4.27736
4.20574
4.20573
4.20573
4.20573
4.20572
4.20572
4.20572
4.20571
4.20571
4.2057
4.10522
4.10522
4.10522
4.10521
4.10521
4.10521
4.1052
4.1052
4.10519
4.10519
3.97568
3.97568
3.97568
3.97567
3.97567
3.97566
3.97566
3.97566
3.97565
3.97565
3.81709
3.81709
3.81708
3.81708
3.81708
3.81707
3.81707
3.81706
3.81706
3.81705
3.62971
3.62971
3.6297
3.6297
3.6297
3.62969
3.62969
3.62968
3.62968
3.62967
3.41423
3.41423
3.41423
3.41422
3.41422
3.41421
3.41421
3.4142
3.4142
3.41419
3.17191
3.17191
3.17191
3.1719
3.1719
3.17189
3.17189
3.17188
3.17188
3.17187
2.9047
2.9047
2.9047
2.90469
2.90469
2.90468
2.90468
2.90467
2.90467
2.90466
2.61539
2.61539
2.61538
2.61538
2.61537
2.61537
2.61536
2.61536
2.61535
2.61534
2.30771
2.30771
2.3077
2.3077
2.30769
2.30769
2.30768
2.30768
2.30767
2.30766
1.98645
1.98645
1.98644
1.98644
1.98643
1.98643
1.98642
1.98642
1.98641
1.9864
1.65751
1.65751
1.65751
1.6575
1.6575
1.65749
1.65748
1.65748
1.65747
1.65746
1.32793
1.32793
1.32792
1.32792
1.32791
1.32791
1.3279
1.3279
1.32789
1.32788
1.00579
1.00579
1.00579
1.00578
1.00578
1.00577
1.00577
1.00576
1.00575
1.00574
0.700085
0.700083
0.700078
0.700074
0.700068
0.700064
0.700058
0.700053
0.700045
0.700036
0.420334
0.420332
0.420328
0.420324
0.420318
0.420314
0.420308
0.420304
0.420296
0.420287
0.176103
0.176101
0.176097
0.176093
0.176088
0.176084
0.176078
0.176074
0.176066
0.176059
-0.0237672
-0.0237689
-0.0237727
-0.0237763
-0.0237813
-0.0237847
-0.0237903
-0.0237939
-0.0238013
-0.0238084
-0.172154
-0.172156
-0.17216
-0.172163
-0.172168
-0.172171
-0.172176
-0.172179
-0.172187
-0.172193
-0.264893
-0.264894
-0.264897
-0.2649
-0.264905
-0.264908
-0.264913
-0.264916
-0.264922
-0.264928
-0.302105
-0.302106
-0.302109
-0.302112
-0.302116
-0.302118
-0.302123
-0.302125
-0.302131
-0.302136
-0.289455
-0.289456
-0.289459
-0.289462
-0.289465
-0.289468
-0.289472
-0.289475
-0.289478
-0.289483
-0.238848
-0.238848
-0.23885
-0.238853
-0.238855
-0.238859
-0.238862
-0.238865
-0.238867
-0.238871
-0.167906
-0.167906
-0.167907
-0.167908
-0.167909
-0.167911
-0.167912
-0.167913
-0.167915
-0.167916
-0.0973199
-0.0973196
-0.0973193
-0.0973182
-0.0973181
-0.0973173
-0.0973178
-0.0973172
-0.0973164
-0.0973152
-0.0454071
-0.0454064
-0.0454051
-0.0454025
-0.0454008
-0.0453985
-0.0453966
-0.045395
-0.0453907
-0.0453862
-0.0208583
-0.0208572
-0.0208539
-0.0208507
-0.020846
-0.0208427
-0.0208378
-0.0208352
-0.0208284
-0.0208228
-0.0184383
-0.0184368
-0.018433
-0.0184294
-0.018424
-0.0184209
-0.0184147
-0.0184118
-0.0184035
-0.0183965
-0.0239565
-0.0239545
-0.0239502
-0.0239463
-0.0239405
-0.0239369
-0.0239305
-0.0239267
-0.0239182
-0.02391
-0.0264838
-0.0264814
-0.026477
-0.0264728
-0.0264672
-0.026463
-0.026457
-0.0264526
-0.0264442
-0.0264354
-0.025207
-0.0252044
-0.0252005
-0.0251958
-0.0251913
-0.0251864
-0.0251818
-0.0251764
-0.0251694
-0.0251599
-0.023679
-0.0236766
-0.023673
-0.023669
-0.0236647
-0.0236604
-0.0236561
-0.0236516
-0.0236447
-0.0236368
-0.0233149
-0.0233128
-0.0233097
-0.0233061
-0.0233026
-0.0232986
-0.023295
-0.0232908
-0.0232849
-0.0232776
-0.0238136
-0.0238118
-0.023809
-0.0238057
-0.0238025
-0.0237991
-0.0237958
-0.023792
-0.0237867
-0.0237801
-0.0246097
-0.0246082
-0.0246054
-0.0246021
-0.024599
-0.0245957
-0.0245926
-0.0245889
-0.0245838
-0.0245774
-0.0252424
-0.0252409
-0.0252378
-0.025235
-0.025231
-0.0252283
-0.0252241
-0.0252211
-0.0252148
-0.0252094
-0.0255413
-0.0255397
-0.0255367
-0.0255331
-0.0255297
-0.0255261
-0.0255227
-0.0255188
-0.0255134
-0.0255065
-0.0256121
-0.0256104
-0.025607
-0.025604
-0.0255997
-0.0255969
-0.0255923
-0.0255891
-0.0255824
-0.0255765
-0.0256129
-0.0256112
-0.0256078
-0.0256048
-0.0256004
-0.0255975
-0.025593
-0.0255898
-0.0255831
-0.025577
2.5716
2.5716
2.5716
2.5716
2.5716
2.5716
2.57159
2.57159
2.57159
2.57158
3.29165
3.29165
3.29165
3.29165
3.29165
3.29164
3.29164
3.29164
3.29163
3.29163
3.66498
3.66498
3.66498
3.66498
3.66498
3.66497
3.66497
3.66497
3.66496
3.66496
3.90739
3.90739
3.90739
3.90739
3.90739
3.90739
3.90739
3.90738
3.90738
3.90737
4.07605
4.07605
4.07605
4.07605
4.07604
4.07604
4.07604
4.07604
4.07603
4.07603
4.19445
4.19445
4.19445
4.19445
4.19445
4.19444
4.19444
4.19444
4.19443
4.19443
4.27371
4.27371
4.27371
4.2737
4.2737
4.2737
4.2737
4.27369
4.27369
4.27369
4.31945
4.31944
4.31944
4.31944
4.31944
4.31944
4.31944
4.31943
4.31943
4.31942
4.33454
4.33453
4.33453
4.33453
4.33453
4.33453
4.33453
4.33452
4.33452
4.33451
4.32035
4.32034
4.32034
4.32034
4.32034
4.32034
4.32033
4.32033
4.32033
4.32032
4.2774
4.27739
4.27739
4.27739
4.27739
4.27738
4.27738
4.27738
4.27737
4.27737
4.20574
4.20574
4.20573
4.20573
4.20573
4.20573
4.20572
4.20572
4.20571
4.20571
4.10522
4.10522
4.10522
4.10522
4.10521
4.10521
4.10521
4.1052
4.1052
4.10519
3.97569
3.97568
3.97568
3.97568
3.97567
3.97567
3.97567
3.97566
3.97566
3.97565
3.8171
3.81709
3.81709
3.81709
3.81708
3.81708
3.81708
3.81707
3.81707
3.81706
3.62972
3.62971
3.62971
3.62971
3.6297
3.6297
3.6297
3.62969
3.62969
3.62968
3.41424
3.41424
3.41423
3.41423
3.41423
3.41422
3.41422
3.41421
3.41421
3.4142
3.17192
3.17192
3.17191
3.17191
3.17191
3.1719
3.1719
3.17189
3.17189
3.17188
2.90471
2.90471
2.90471
2.9047
2.9047
2.90469
2.90469
2.90468
2.90468
2.90467
2.6154
2.6154
2.61539
2.61539
2.61539
2.61538
2.61538
2.61537
2.61536
2.61535
2.30772
2.30772
2.30772
2.30771
2.30771
2.3077
2.3077
2.30769
2.30768
2.30767
1.98646
1.98646
1.98646
1.98645
1.98645
1.98644
1.98644
1.98643
1.98642
1.98641
1.65753
1.65752
1.65752
1.65751
1.65751
1.6575
1.6575
1.65749
1.65748
1.65747
1.32794
1.32794
1.32793
1.32793
1.32792
1.32792
1.32791
1.32791
1.3279
1.32789
1.00581
1.0058
1.0058
1.00579
1.00579
1.00578
1.00578
1.00577
1.00577
1.00576
0.700097
0.700095
0.70009
0.700086
0.70008
0.700076
0.70007
0.700065
0.700057
0.700048
0.420345
0.420342
0.420338
0.420334
0.420328
0.420324
0.420318
0.420314
0.420306
0.420297
0.176111
0.176109
0.176105
0.176101
0.176095
0.176092
0.176086
0.176082
0.176074
0.176066
-0.0237633
-0.023765
-0.0237689
-0.0237725
-0.0237776
-0.0237811
-0.0237867
-0.0237904
-0.023798
-0.0238053
-0.172156
-0.172158
-0.172161
-0.172164
-0.172169
-0.172173
-0.172178
-0.172181
-0.172188
-0.172195
-0.264896
-0.264897
-0.2649
-0.264904
-0.264908
-0.264911
-0.264916
-0.264919
-0.264926
-0.264931
-0.302109
-0.30211
-0.302112
-0.302116
-0.302119
-0.302124
-0.302127
-0.302131
-0.302134
-0.30214
-0.289459
-0.28946
-0.289462
-0.289466
-0.289468
-0.289472
-0.289475
-0.289479
-0.289483
-0.28949
-0.238852
-0.238852
-0.238854
-0.238857
-0.238859
-0.238862
-0.238865
-0.238868
-0.238869
-0.238873
-0.16791
-0.16791
-0.167911
-0.167912
-0.167914
-0.167915
-0.167917
-0.167917
-0.167918
-0.167919
-0.0973236
-0.0973235
-0.0973229
-0.0973223
-0.0973211
-0.0973205
-0.0973192
-0.0973199
-0.0973188
-0.0973186
-0.0454117
-0.0454109
-0.0454097
-0.0454056
-0.0454045
-0.0454002
-0.0454
-0.0453966
-0.0453954
-0.0453915
-0.0208657
-0.0208648
-0.0208617
-0.0208591
-0.0208541
-0.0208521
-0.0208466
-0.0208453
-0.0208392
-0.020833
-0.0184466
-0.018445
-0.0184416
-0.018437
-0.0184331
-0.018428
-0.0184241
-0.0184191
-0.018414
-0.0184046
-0.0239625
-0.0239604
-0.0239563
-0.0239517
-0.023947
-0.023942
-0.0239373
-0.0239321
-0.0239256
-0.0239157
-0.0264888
-0.0264864
-0.0264819
-0.0264777
-0.0264721
-0.0264679
-0.0264619
-0.0264576
-0.0264492
-0.0264405
-0.0252123
-0.0252097
-0.0252058
-0.0252011
-0.0251966
-0.0251916
-0.0251871
-0.0251817
-0.0251748
-0.0251653
-0.0236849
-0.0236825
-0.0236789
-0.0236749
-0.0236707
-0.0236663
-0.0236621
-0.0236576
-0.0236507
-0.0236428
-0.0233203
-0.0233182
-0.0233151
-0.0233115
-0.023308
-0.023304
-0.0233005
-0.0232962
-0.0232903
-0.023283
-0.0238188
-0.023817
-0.0238142
-0.0238109
-0.0238077
-0.0238043
-0.0238011
-0.0237972
-0.023792
-0.0237853
-0.0246148
-0.0246132
-0.0246103
-0.0246075
-0.0246038
-0.0246011
-0.0245972
-0.0245942
-0.0245881
-0.0245829
-0.0252466
-0.025245
-0.0252419
-0.0252391
-0.0252351
-0.0252325
-0.0252283
-0.0252253
-0.025219
-0.0252136
-0.025545
-0.0255434
-0.0255404
-0.0255368
-0.0255334
-0.0255298
-0.0255264
-0.0255225
-0.0255171
-0.0255102
-0.0256158
-0.0256141
-0.025611
-0.0256073
-0.0256039
-0.0256002
-0.0255966
-0.0255926
-0.0255871
-0.02558
-0.0256161
-0.0256144
-0.0256111
-0.025608
-0.0256037
-0.0256008
-0.0255962
-0.025593
-0.0255862
-0.0255802
2.5716
2.5716
2.5716
2.5716
2.57159
2.57159
2.57159
2.57159
2.57158
2.57157
3.29165
3.29165
3.29164
3.29164
3.29164
3.29164
3.29164
3.29163
3.29163
3.29162
3.66498
3.66498
3.66497
3.66497
3.66497
3.66497
3.66497
3.66497
3.66496
3.66495
3.90739
3.90739
3.90739
3.90739
3.90739
3.90738
3.90738
3.90738
3.90737
3.90737
4.07605
4.07605
4.07605
4.07604
4.07604
4.07604
4.07604
4.07604
4.07603
4.07603
4.19445
4.19445
4.19445
4.19444
4.19444
4.19444
4.19444
4.19444
4.19443
4.19443
4.27371
4.2737
4.2737
4.2737
4.2737
4.2737
4.2737
4.27369
4.27369
4.27368
4.31944
4.31944
4.31944
4.31944
4.31944
4.31944
4.31943
4.31943
4.31943
4.31942
4.33454
4.33453
4.33453
4.33453
4.33453
4.33452
4.33452
4.33452
4.33452
4.33451
4.32035
4.32034
4.32034
4.32034
4.32034
4.32033
4.32033
4.32033
4.32032
4.32032
4.27739
4.27739
4.27739
4.27739
4.27739
4.27738
4.27738
4.27738
4.27737
4.27737
4.20574
4.20574
4.20573
4.20573
4.20573
4.20572
4.20572
4.20572
4.20571
4.20571
4.10522
4.10522
4.10522
4.10522
4.10521
4.10521
4.10521
4.1052
4.1052
4.10519
3.97569
3.97568
3.97568
3.97568
3.97567
3.97567
3.97567
3.97566
3.97566
3.97565
3.8171
3.81709
3.81709
3.81709
3.81708
3.81708
3.81708
3.81707
3.81707
3.81706
3.62972
3.62971
3.62971
3.62971
3.6297
3.6297
3.6297
3.62969
3.62969
3.62968
3.41424
3.41424
3.41424
3.41423
3.41423
3.41422
3.41422
3.41421
3.41421
3.4142
3.17192
3.17192
3.17192
3.17191
3.17191
3.1719
3.1719
3.17189
3.17189
3.17188
2.90471
2.90471
2.90471
2.9047
2.9047
2.90469
2.90469
2.90468
2.90468
2.90467
2.6154
2.6154
2.6154
2.61539
2.61539
2.61538
2.61538
2.61537
2.61536
2.61536
2.30772
2.30772
2.30772
2.30771
2.30771
2.3077
2.3077
2.30769
2.30769
2.30768
1.98646
1.98646
1.98646
1.98645
1.98645
1.98644
1.98644
1.98643
1.98642
1.98641
1.65753
1.65752
1.65752
1.65752
1.65751
1.65751
1.6575
1.65749
1.65749
1.65748
1.32794
1.32794
1.32794
1.32793
1.32793
1.32792
1.32792
1.32791
1.3279
1.32789
1.00581
1.0058
1.0058
1.0058
1.00579
1.00579
1.00578
1.00577
1.00577
1.00576
0.700097
0.700094
0.70009
0.700086
0.70008
0.700075
0.70007
0.700065
0.700056
0.700047
0.420342
0.42034
0.420335
0.420331
0.420326
0.420321
0.420316
0.420311
0.420303
0.420294
0.176106
0.176104
0.176099
0.176096
0.17609
0.176086
0.176081
0.176076
0.176068
0.17606
-0.0237705
-0.0237722
-0.0237761
-0.0237797
-0.0237848
-0.0237883
-0.023794
-0.0237978
-0.0238054
-0.0238128
-0.172164
-0.172165
-0.172169
-0.172172
-0.172177
-0.17218
-0.172186
-0.172189
-0.172196
-0.172203
-0.264903
-0.264904
-0.264908
-0.264911
-0.264915
-0.264918
-0.264923
-0.264926
-0.264933
-0.264939
-0.302114
-0.302115
-0.302117
-0.302122
-0.302125
-0.302129
-0.302132
-0.302136
-0.30214
-0.302146
-0.289462
-0.289463
-0.289465
-0.289467
-0.289471
-0.289473
-0.289477
-0.289479
-0.289485
-0.289489
-0.238853
-0.238853
-0.238855
-0.238857
-0.238861
-0.238863
-0.238868
-0.238868
-0.238871
-0.238874
-0.167909
-0.167909
-0.16791
-0.167911
-0.167912
-0.167913
-0.167914
-0.167915
-0.167917
-0.167919
-0.0973228
-0.0973226
-0.0973223
-0.0973214
-0.0973206
-0.0973195
-0.0973187
-0.0973196
-0.0973197
-0.0973188
-0.0454123
-0.0454115
-0.0454102
-0.0454065
-0.0454051
-0.0454005
-0.0454001
-0.0453985
-0.045397
-0.045393
-0.0208687
-0.0208676
-0.0208644
-0.0208615
-0.0208562
-0.0208542
-0.0208487
-0.0208483
-0.0208419
-0.0208368
-0.0184509
-0.0184493
-0.0184453
-0.0184417
-0.0184359
-0.0184329
-0.0184266
-0.0184241
-0.0184164
-0.0184101
-0.0239643
-0.0239622
-0.0239581
-0.0239534
-0.0239487
-0.0239436
-0.023939
-0.0239337
-0.0239276
-0.0239176
-0.0264873
-0.0264848
-0.0264804
-0.0264761
-0.0264705
-0.0264663
-0.0264603
-0.0264561
-0.0264477
-0.026439
-0.0252104
-0.0252078
-0.0252037
-0.0251995
-0.0251943
-0.02519
-0.0251846
-0.0251802
-0.0251721
-0.0251638
-0.0236835
-0.0236811
-0.0236774
-0.0236734
-0.0236692
-0.0236649
-0.0236606
-0.0236561
-0.0236493
-0.0236414
-0.0233189
-0.0233167
-0.0233136
-0.02331
-0.0233065
-0.0233026
-0.0232991
-0.0232948
-0.023289
-0.0232817
-0.0238178
-0.023816
-0.0238131
-0.0238102
-0.0238065
-0.0238035
-0.0237997
-0.0237965
-0.0237901
-0.0237847
-0.0246144
-0.0246128
-0.02461
-0.0246068
-0.0246037
-0.0246004
-0.0245972
-0.0245936
-0.0245885
-0.0245821
-0.0252453
-0.0252437
-0.0252406
-0.0252378
-0.0252338
-0.0252311
-0.025227
-0.025224
-0.0252176
-0.0252122
-0.025544
-0.0255423
-0.0255393
-0.0255357
-0.0255324
-0.0255288
-0.0255253
-0.0255214
-0.025516
-0.0255092
-0.0256162
-0.0256145
-0.0256114
-0.0256077
-0.0256043
-0.0256006
-0.025597
-0.025593
-0.0255875
-0.0255804
-0.0256162
-0.0256145
-0.0256114
-0.0256077
-0.0256042
-0.0256005
-0.0255969
-0.0255929
-0.0255873
-0.0255801
2.5716
2.5716
2.5716
2.5716
2.57159
2.57159
2.57159
2.57158
2.57158
2.57157
3.29165
3.29164
3.29164
3.29164
3.29164
3.29164
3.29164
3.29163
3.29163
3.29162
3.66498
3.66497
3.66497
3.66497
3.66497
3.66497
3.66497
3.66497
3.66496
3.66495
3.90739
3.90739
3.90739
3.90739
3.90739
3.90739
3.90738
3.90738
3.90737
3.90737
4.07605
4.07605
4.07605
4.07604
4.07604
4.07604
4.07604
4.07604
4.07603
4.07603
4.19445
4.19445
4.19445
4.19445
4.19444
4.19444
4.19444
4.19444
4.19443
4.19443
4.27371
4.27371
4.27371
4.2737
4.2737
4.2737
4.2737
4.27369
4.27369
4.27368
4.31945
4.31944
4.31944
4.31944
4.31944
4.31944
4.31944
4.31943
4.31943
4.31942
4.33454
4.33454
4.33454
4.33453
4.33453
4.33453
4.33453
4.33452
4.33452
4.33451
4.32035
4.32035
4.32035
4.32034
4.32034
4.32034
4.32034
4.32033
4.32033
4.32032
4.2774
4.2774
4.27739
4.27739
4.27739
4.27739
4.27738
4.27738
4.27738
4.27737
4.20574
4.20574
4.20574
4.20574
4.20573
4.20573
4.20573
4.20572
4.20572
4.20571
4.10523
4.10523
4.10523
4.10522
4.10522
4.10522
4.10521
4.10521
4.1052
4.1052
3.97569
3.97569
3.97569
3.97568
3.97568
3.97568
3.97567
3.97567
3.97566
3.97566
3.8171
3.8171
3.8171
3.81709
3.81709
3.81709
3.81708
3.81708
3.81707
3.81706
3.62972
3.62972
3.62972
3.62972
3.62971
3.62971
3.6297
3.6297
3.62969
3.62969
3.41425
3.41425
3.41424
3.41424
3.41424
3.41423
3.41423
3.41422
3.41422
3.41421
3.17193
3.17193
3.17192
3.17192
3.17192
3.17191
3.17191
3.1719
3.17189
3.17189
2.90472
2.90472
2.90472
2.90471
2.90471
2.9047
2.9047
2.90469
2.90469
2.90468
2.61541
2.61541
2.61541
2.6154
2.6154
2.61539
2.61539
2.61538
2.61537
2.61536
2.30773
2.30773
2.30773
2.30772
2.30772
2.30771
2.30771
2.3077
2.30769
2.30769
1.98647
1.98647
1.98647
1.98646
1.98646
1.98645
1.98645
1.98644
1.98643
1.98642
1.65754
1.65753
1.65753
1.65753
1.65752
1.65752
1.65751
1.6575
1.6575
1.65749
1.32795
1.32795
1.32795
1.32794
1.32794
1.32793
1.32793
1.32792
1.32791
1.3279
1.00582
1.00581
1.00581
1.00581
1.0058
1.0058
1.00579
1.00578
1.00578
1.00577
0.700106
0.700103
0.700099
0.700095
0.700089
0.700085
0.700079
0.700074
0.700065
0.700056
0.42035
0.420347
0.420343
0.420339
0.420333
0.420329
0.420323
0.420319
0.42031
0.420302
0.176111
0.176109
0.176105
0.176101
0.176096
0.176092
0.176086
0.176082
0.176074
0.176066
-0.0237677
-0.0237694
-0.0237733
-0.0237769
-0.023782
-0.0237855
-0.0237912
-0.023795
-0.0238026
-0.0238101
-0.172165
-0.172166
-0.17217
-0.172173
-0.172178
-0.172181
-0.172186
-0.17219
-0.172197
-0.172204
-0.264907
-0.264908
-0.264911
-0.264914
-0.264919
-0.264921
-0.264927
-0.264929
-0.264936
-0.264942
-0.30212
-0.302121
-0.302123
-0.302127
-0.302129
-0.302134
-0.302136
-0.30214
-0.302144
-0.30215
-0.289468
-0.289469
-0.289471
-0.289474
-0.289477
-0.28948
-0.289483
-0.289488
-0.289493
-0.289497
-0.238858
-0.238859
-0.23886
-0.238864
-0.238865
-0.238869
-0.23887
-0.238873
-0.238876
-0.238878
-0.167914
-0.167914
-0.167914
-0.167915
-0.167916
-0.167917
-0.167919
-0.167921
-0.167923
-0.167925
-0.0973264
-0.0973262
-0.0973256
-0.0973246
-0.0973241
-0.097323
-0.0973228
-0.0973239
-0.0973238
-0.0973224
-0.0454173
-0.0454163
-0.0454145
-0.0454105
-0.0454088
-0.045404
-0.0454028
-0.0453991
-0.0453996
-0.045396
-0.0208799
-0.0208787
-0.020875
-0.0208716
-0.0208661
-0.0208624
-0.0208568
-0.0208535
-0.0208462
-0.0208419
-0.0184651
-0.0184635
-0.0184595
-0.0184559
-0.0184501
-0.0184471
-0.0184408
-0.0184382
-0.0184305
-0.0184241
-0.0239735
-0.0239715
-0.0239671
-0.023963
-0.0239573
-0.0239536
-0.0239472
-0.0239437
-0.0239352
-0.0239273
-0.0264915
-0.0264891
-0.0264846
-0.0264803
-0.0264747
-0.0264706
-0.0264645
-0.0264603
-0.0264519
-0.0264433
-0.025213
-0.0252105
-0.0252065
-0.0252018
-0.0251973
-0.0251924
-0.0251878
-0.0251824
-0.0251756
-0.0251661
-0.0236862
-0.0236838
-0.0236801
-0.0236761
-0.0236719
-0.0236676
-0.0236634
-0.0236589
-0.023652
-0.0236441
-0.0233213
-0.0233192
-0.023316
-0.0233125
-0.0233089
-0.0233051
-0.0233015
-0.0232974
-0.0232914
-0.0232844
-0.0238209
-0.0238191
-0.0238163
-0.023813
-0.0238098
-0.0238063
-0.0238031
-0.0237993
-0.023794
-0.0237875
-0.0246186
-0.024617
-0.024614
-0.0246113
-0.0246076
-0.0246049
-0.024601
-0.024598
-0.0245919
-0.0245867
-0.0252496
-0.025248
-0.0252451
-0.0252417
-0.0252385
-0.0252351
-0.0252318
-0.0252281
-0.0252229
-0.0252164
-0.0255479
-0.0255462
-0.0255432
-0.0255396
-0.0255363
-0.0255326
-0.0255292
-0.0255253
-0.0255199
-0.025513
-0.0256197
-0.025618
-0.0256149
-0.0256112
-0.0256077
-0.025604
-0.0256005
-0.0255964
-0.025591
-0.0255838
-0.02562
-0.0256183
-0.0256149
-0.0256119
-0.0256075
-0.0256046
-0.0256001
-0.0255969
-0.0255903
-0.0255843
2.5716
2.5716
2.57159
2.57159
2.57159
2.57159
2.57159
2.57158
2.57157
2.57157
3.29164
3.29164
3.29164
3.29164
3.29164
3.29164
3.29163
3.29163
3.29162
3.29162
3.66497
3.66497
3.66497
3.66497
3.66497
3.66497
3.66497
3.66496
3.66496
3.66495
3.90739
3.90739
3.90739
3.90739
3.90739
3.90738
3.90738
3.90738
3.90737
3.90737
4.07605
4.07605
4.07605
4.07604
4.07604
4.07604
4.07604
4.07604
4.07603
4.07602
4.19445
4.19445
4.19445
4.19444
4.19444
4.19444
4.19444
4.19444
4.19443
4.19442
4.27371
4.27371
4.27371
4.2737
4.2737
4.2737
4.2737
4.27369
4.27369
4.27368
4.31945
4.31945
4.31945
4.31944
4.31944
4.31944
4.31944
4.31943
4.31943
4.31942
4.33454
4.33454
4.33454
4.33453
4.33453
4.33453
4.33453
4.33452
4.33452
4.33451
4.32035
4.32035
4.32035
4.32034
4.32034
4.32034
4.32034
4.32033
4.32033
4.32032
4.2774
4.2774
4.2774
4.27739
4.27739
4.27739
4.27739
4.27738
4.27738
4.27737
4.20574
4.20574
4.20574
4.20574
4.20574
4.20573
4.20573
4.20572
4.20572
4.20571
4.10523
4.10523
4.10523
4.10522
4.10522
4.10522
4.10522
4.10521
4.10521
4.1052
3.97569
3.97569
3.97569
3.97569
3.97568
3.97568
3.97568
3.97567
3.97567
3.97566
3.8171
3.8171
3.8171
3.8171
3.81709
3.81709
3.81709
3.81708
3.81707
3.81707
3.62973
3.62972
3.62972
3.62972
3.62971
3.62971
3.62971
3.6297
3.6297
3.62969
3.41425
3.41425
3.41425
3.41424
3.41424
3.41423
3.41423
3.41422
3.41422
3.41421
3.17193
3.17193
3.17193
3.17192
3.17192
3.17191
3.17191
3.1719
3.1719
3.17189
2.90473
2.90472
2.90472
2.90472
2.90471
2.90471
2.9047
2.9047
2.90469
2.90468
2.61542
2.61541
2.61541
2.6154
2.6154
2.61539
2.61539
2.61538
2.61538
2.61537
2.30774
2.30773
2.30773
2.30773
2.30772
2.30772
2.30771
2.30771
2.3077
2.30769
1.98648
1.98647
1.98647
1.98647
1.98646
1.98646
1.98645
1.98644
1.98644
1.98643
1.65754
1.65754
1.65753
1.65753
1.65752
1.65752
1.65751
1.65751
1.6575
1.65749
1.32796
1.32795
1.32795
1.32794
1.32794
1.32793
1.32793
1.32792
1.32791
1.3279
1.00582
1.00582
1.00581
1.00581
1.0058
1.0058
1.00579
1.00579
1.00578
1.00577
0.700106
0.700103
0.700099
0.700095
0.700089
0.700085
0.700079
0.700074
0.700065
0.700056
0.420347
0.420345
0.420341
0.420337
0.420331
0.420327
0.420321
0.420316
0.420308
0.420299
0.176107
0.176105
0.176101
0.176097
0.176091
0.176087
0.176082
0.176077
0.176069
0.176061
-0.0237737
-0.0237754
-0.0237793
-0.0237828
-0.023788
-0.0237915
-0.0237973
-0.023801
-0.0238087
-0.0238162
-0.172172
-0.172173
-0.172177
-0.17218
-0.172185
-0.172188
-0.172194
-0.172197
-0.172204
-0.172211
-0.264914
-0.264915
-0.264918
-0.264921
-0.264926
-0.264928
-0.264934
-0.264936
-0.264943
-0.264949
-0.302126
-0.302127
-0.30213
-0.302133
-0.302137
-0.30214
-0.302145
-0.302148
-0.302153
-0.30216
-0.289473
-0.289473
-0.289475
-0.289478
-0.289481
-0.289484
-0.289488
-0.289491
-0.289494
-0.2895
-0.23886
-0.238861
-0.238863
-0.238865
-0.238868
-0.23887
-0.238873
-0.238876
-0.23888
-0.238884
-0.167914
-0.167914
-0.167915
-0.167916
-0.167917
-0.167918
-0.16792
-0.167922
-0.167924
-0.167926
-0.097327
-0.0973267
-0.0973262
-0.0973254
-0.0973249
-0.0973245
-0.0973241
-0.0973235
-0.0973228
-0.0973225
-0.0454198
-0.0454192
-0.0454173
-0.0454155
-0.0454123
-0.0454113
-0.045408
-0.0454069
-0.0454031
-0.045399
-0.0208875
-0.0208864
-0.0208832
-0.0208805
-0.0208751
-0.0208736
-0.0208678
-0.0208674
-0.020861
-0.0208554
-0.0184754
-0.0184739
-0.0184697
-0.0184662
-0.0184602
-0.0184572
-0.0184507
-0.0184478
-0.01844
-0.0184337
-0.0239784
-0.0239762
-0.0239721
-0.0239674
-0.0239627
-0.0239576
-0.023953
-0.0239477
-0.0239416
-0.0239315
-0.0264891
-0.0264867
-0.0264822
-0.0264779
-0.0264724
-0.0264682
-0.0264622
-0.026458
-0.0264495
-0.0264409
-0.0252079
-0.0252054
-0.0252012
-0.025197
-0.0251918
-0.0251875
-0.0251821
-0.0251777
-0.0251697
-0.0251613
-0.0236812
-0.0236787
-0.0236751
-0.0236711
-0.0236669
-0.0236626
-0.0236584
-0.0236539
-0.023647
-0.0236391
-0.0233166
-0.0233144
-0.0233113
-0.0233078
-0.0233041
-0.0233003
-0.0232967
-0.0232927
-0.0232865
-0.0232797
-0.0238175
-0.0238157
-0.0238129
-0.0238096
-0.0238065
-0.023803
-0.0237998
-0.023796
-0.0237906
-0.0237841
-0.024617
-0.0246154
-0.0246126
-0.0246093
-0.0246062
-0.0246029
-0.0245998
-0.0245962
-0.024591
-0.0245847
-0.0252487
-0.0252472
-0.0252443
-0.0252408
-0.0252376
-0.0252342
-0.0252309
-0.0252271
-0.025222
-0.0252154
-0.0255481
-0.0255465
-0.0255434
-0.0255398
-0.0255365
-0.0255329
-0.0255294
-0.0255255
-0.0255202
-0.0255133
-0.0256202
-0.0256185
-0.0256151
-0.0256121
-0.0256078
-0.025605
-0.0256005
-0.0255973
-0.0255907
-0.0255847
-0.0256206
-0.0256189
-0.0256155
-0.0256125
-0.0256081
-0.0256052
-0.0256007
-0.0255975
-0.0255908
-0.0255848
2.5716
2.57159
2.57159
2.57159
2.57159
2.57159
2.57158
2.57158
2.57157
2.57157
3.29164
3.29164
3.29164
3.29164
3.29164
3.29164
3.29163
3.29163
3.29162
3.29162
3.66497
3.66497
3.66497
3.66497
3.66497
3.66497
3.66497
3.66496
3.66496
3.66495
3.90739
3.90739
3.90739
3.90739
3.90739
3.90738
3.90738
3.90738
3.90737
3.90737
4.07605
4.07605
4.07605
4.07605
4.07604
4.07604
4.07604
4.07604
4.07603
4.07602
4.19445
4.19445
4.19445
4.19445
4.19445
4.19444
4.19444
4.19444
4.19443
4.19442
4.27371
4.27371
4.27371
4.27371
4.2737
4.2737
4.2737
4.27369
4.27369
4.27368
4.31945
4.31945
4.31945
4.31945
4.31944
4.31944
4.31944
4.31943
4.31943
4.31942
4.33454
4.33454
4.33454
4.33454
4.33454
4.33453
4.33453
4.33452
4.33452
4.33451
4.32035
4.32035
4.32035
4.32035
4.32035
4.32034
4.32034
4.32034
4.32033
4.32032
4.2774
4.2774
4.2774
4.2774
4.2774
4.27739
4.27739
4.27738
4.27738
4.27737
4.20575
4.20575
4.20575
4.20574
4.20574
4.20574
4.20573
4.20573
4.20572
4.20571
4.10524
4.10523
4.10523
4.10523
4.10523
4.10522
4.10522
4.10521
4.10521
4.1052
3.9757
3.9757
3.97569
3.97569
3.97569
3.97568
3.97568
3.97568
3.97567
3.97566
3.81711
3.81711
3.81711
3.8171
3.8171
3.81709
3.81709
3.81709
3.81708
3.81707
3.62973
3.62973
3.62973
3.62972
3.62972
3.62972
3.62971
3.62971
3.6297
3.62969
3.41426
3.41426
3.41425
3.41425
3.41425
3.41424
3.41424
3.41423
3.41422
3.41422
3.17194
3.17194
3.17193
3.17193
3.17193
3.17192
3.17192
3.17191
3.1719
3.1719
2.90473
2.90473
2.90473
2.90472
2.90472
2.90471
2.90471
2.9047
2.9047
2.90469
2.61542
2.61542
2.61542
2.61541
2.61541
2.6154
2.6154
2.61539
2.61538
2.61538
2.30775
2.30774
2.30774
2.30773
2.30773
2.30772
2.30772
2.30771
2.30771
2.3077
1.98649
1.98648
1.98648
1.98647
1.98647
1.98646
1.98646
1.98645
1.98645
1.98644
1.65755
1.65755
1.65754
1.65754
1.65753
1.65753
1.65752
1.65751
1.65751
1.6575
1.32796
1.32796
1.32796
1.32795
1.32795
1.32794
1.32794
1.32793
1.32792
1.32791
1.00583
1.00582
1.00582
1.00582
1.00581
1.0058
1.0058
1.00579
1.00579
1.00578
0.700112
0.70011
0.700106
0.700101
0.700096
0.700091
0.700085
0.70008
0.700072
0.700062
0.420352
0.42035
0.420346
0.420342
0.420336
0.420332
0.420326
0.420321
0.420313
0.420304
0.176109
0.176107
0.176103
0.176099
0.176094
0.17609
0.176084
0.17608
0.176072
0.176063
-0.0237733
-0.023775
-0.0237789
-0.0237825
-0.0237877
-0.0237912
-0.023797
-0.0238007
-0.0238084
-0.023816
-0.172174
-0.172175
-0.172179
-0.172182
-0.172187
-0.17219
-0.172195
-0.172199
-0.172206
-0.172213
-0.264917
-0.264918
-0.264921
-0.264924
-0.264929
-0.264932
-0.264937
-0.26494
-0.264946
-0.264952
-0.30213
-0.302131
-0.302133
-0.302138
-0.302141
-0.302147
-0.302149
-0.302154
-0.302157
-0.302164
-0.289477
-0.289478
-0.28948
-0.289484
-0.289487
-0.289492
-0.289495
-0.2895
-0.289502
-0.289508
-0.238865
-0.238865
-0.238867
-0.238869
-0.238872
-0.238874
-0.238878
-0.23888
-0.238885
-0.238887
-0.167917
-0.167918
-0.167918
-0.167919
-0.167921
-0.167923
-0.167925
-0.167927
-0.167928
-0.167931
-0.0973301
-0.0973298
-0.0973293
-0.0973286
-0.0973283
-0.0973279
-0.0973275
-0.0973271
-0.0973266
-0.0973256
-0.0454282
-0.0454273
-0.0454259
-0.0454219
-0.0454208
-0.0454163
-0.0454162
-0.0454147
-0.0454131
-0.0454092
-0.0209038
-0.0209025
-0.0208991
-0.0208957
-0.0208907
-0.020886
-0.0208817
-0.0208786
-0.0208747
-0.0208671
-0.0184941
-0.0184923
-0.0184889
-0.0184839
-0.0184801
-0.0184745
-0.0184708
-0.0184657
-0.0184611
-0.0184518
-0.0239912
-0.0239892
-0.0239848
-0.0239808
-0.0239751
-0.0239714
-0.023965
-0.0239613
-0.0239528
-0.023945
-0.0264941
-0.0264917
-0.0264875
-0.0264827
-0.0264779
-0.0264729
-0.026468
-0.0264625
-0.0264556
-0.0264456
-0.0252086
-0.025206
-0.0252018
-0.0251977
-0.0251925
-0.0251882
-0.0251828
-0.0251784
-0.0251703
-0.025162
-0.0236815
-0.023679
-0.0236754
-0.0236714
-0.0236672
-0.0236629
-0.0236587
-0.0236542
-0.0236473
-0.0236394
-0.023318
-0.0233158
-0.0233127
-0.0233092
-0.0233055
-0.0233018
-0.0232981
-0.0232941
-0.0232879
-0.023281
-0.02382
-0.0238182
-0.0238154
-0.0238121
-0.0238089
-0.0238055
-0.0238023
-0.0237985
-0.0237931
-0.0237865
-0.0246203
-0.0246187
-0.0246159
-0.0246126
-0.0246095
-0.0246062
-0.0246031
-0.0245994
-0.0245944
-0.024588
-0.0252519
-0.0252503
-0.0252472
-0.0252444
-0.0252404
-0.0252377
-0.0252336
-0.0252306
-0.0252243
-0.0252189
-0.0255512
-0.0255495
-0.0255465
-0.0255429
-0.0255395
-0.0255359
-0.0255325
-0.0255286
-0.0255233
-0.0255163
-0.0256236
-0.0256219
-0.0256188
-0.0256152
-0.0256117
-0.025608
-0.0256045
-0.0256005
-0.0255949
-0.0255878
-0.025624
-0.0256223
-0.0256189
-0.0256159
-0.0256115
-0.0256087
-0.0256041
-0.0256009
-0.0255942
-0.0255882
2.57159
2.57159
2.57159
2.57159
2.57159
2.57159
2.57158
2.57158
2.57157
2.57156
3.29164
3.29164
3.29164
3.29164
3.29164
3.29164
3.29163
3.29163
3.29162
3.29161
3.66497
3.66497
3.66497
3.66497
3.66497
3.66497
3.66496
3.66496
3.66495
3.66495
3.90739
3.90739
3.90739
3.90739
3.90739
3.90738
3.90738
3.90738
3.90737
3.90736
4.07605
4.07605
4.07605
4.07605
4.07605
4.07604
4.07604
4.07603
4.07603
4.07602
4.19445
4.19445
4.19445
4.19445
4.19445
4.19444
4.19444
4.19444
4.19443
4.19442
4.27371
4.27371
4.27371
4.27371
4.27371
4.2737
4.2737
4.27369
4.27369
4.27368
4.31945
4.31945
4.31945
4.31945
4.31945
4.31944
4.31944
4.31943
4.31943
4.31942
4.33454
4.33454
4.33454
4.33454
4.33454
4.33453
4.33453
4.33452
4.33452
4.33451
4.32036
4.32035
4.32035
4.32035
4.32035
4.32034
4.32034
4.32034
4.32033
4.32032
4.27741
4.2774
4.2774
4.2774
4.2774
4.27739
4.27739
4.27738
4.27738
4.27737
4.20575
4.20575
4.20575
4.20574
4.20574
4.20574
4.20573
4.20573
4.20572
4.20571
4.10524
4.10524
4.10524
4.10523
4.10523
4.10523
4.10522
4.10522
4.10521
4.1052
3.9757
3.9757
3.9757
3.97569
3.97569
3.97569
3.97568
3.97568
3.97567
3.97566
3.81711
3.81711
3.81711
3.81711
3.8171
3.8171
3.81709
3.81709
3.81708
3.81707
3.62974
3.62973
3.62973
3.62973
3.62972
3.62972
3.62972
3.62971
3.6297
3.62969
3.41426
3.41426
3.41426
3.41425
3.41425
3.41424
3.41424
3.41423
3.41423
3.41422
3.17194
3.17194
3.17194
3.17193
3.17193
3.17193
3.17192
3.17191
3.17191
3.1719
2.90474
2.90473
2.90473
2.90473
2.90472
2.90472
2.90471
2.90471
2.9047
2.90469
2.61543
2.61542
2.61542
2.61542
2.61541
2.61541
2.6154
2.6154
2.61539
2.61538
2.30775
2.30775
2.30774
2.30774
2.30773
2.30773
2.30772
2.30772
2.30771
2.3077
1.98649
1.98649
1.98648
1.98648
1.98647
1.98647
1.98646
1.98646
1.98645
1.98644
1.65755
1.65755
1.65754
1.65754
1.65753
1.65753
1.65752
1.65752
1.65751
1.6575
1.32797
1.32796
1.32796
1.32795
1.32795
1.32794
1.32794
1.32793
1.32792
1.32791
1.00583
1.00583
1.00582
1.00582
1.00581
1.00581
1.0058
1.0058
1.00579
1.00578
0.700113
0.700111
0.700106
0.700102
0.700096
0.700092
0.700086
0.700081
0.700072
0.700063
0.420351
0.420349
0.420344
0.42034
0.420335
0.42033
0.420324
0.42032
0.420311
0.420302
0.176106
0.176104
0.176099
0.176096
0.17609
0.176086
0.17608
0.176076
0.176068
0.17606
-0.0237785
-0.0237802
-0.0237841
-0.0237876
-0.0237928
-0.0237963
-0.0238021
-0.0238058
-0.0238136
-0.0238212
-0.172179
-0.172181
-0.172184
-0.172187
-0.172192
-0.172195
-0.172201
-0.172204
-0.172212
-0.172218
-0.264922
-0.264924
-0.264927
-0.26493
-0.264934
-0.264937
-0.264943
-0.264945
-0.264952
-0.264958
-0.302134
-0.302135
-0.302138
-0.302141
-0.302145
-0.302149
-0.302154
-0.302157
-0.302162
-0.302169
-0.289481
-0.289481
-0.289484
-0.289487
-0.28949
-0.289493
-0.289496
-0.289499
-0.289502
-0.289507
-0.238867
-0.238867
-0.238869
-0.238871
-0.238875
-0.238878
-0.238882
-0.238883
-0.238887
-0.238889
-0.167918
-0.167918
-0.167919
-0.16792
-0.167922
-0.167925
-0.167928
-0.167929
-0.16793
-0.167931
-0.0973308
-0.0973307
-0.0973303
-0.0973301
-0.09733
-0.09733
-0.0973297
-0.0973287
-0.097327
-0.0973261
-0.0454323
-0.0454316
-0.0454299
-0.045428
-0.0454255
-0.045423
-0.04542
-0.0454179
-0.0454135
-0.0454098
-0.0209137
-0.0209124
-0.0209096
-0.0209058
-0.0209025
-0.0208982
-0.0208936
-0.0208887
-0.0208845
-0.020876
-0.0185063
-0.0185046
-0.0185012
-0.0184964
-0.0184924
-0.0184872
-0.0184832
-0.0184781
-0.0184731
-0.0184639
-0.0239982
-0.0239961
-0.023992
-0.0239874
-0.0239827
-0.0239777
-0.0239729
-0.0239677
-0.0239613
-0.0239513
-0.0264929
-0.0264905
-0.0264861
-0.0264818
-0.0264763
-0.0264721
-0.0264661
-0.0264617
-0.0264533
-0.0264446
-0.0252023
-0.0251997
-0.0251958
-0.0251912
-0.0251867
-0.0251817
-0.0251772
-0.0251718
-0.0251648
-0.0251554
-0.023674
-0.0236716
-0.0236679
-0.023664
-0.0236597
-0.0236554
-0.0236512
-0.0236467
-0.0236398
-0.023632
-0.0233118
-0.0233097
-0.0233066
-0.0233031
-0.0232994
-0.0232956
-0.0232919
-0.023288
-0.0232816
-0.023275
-0.0238157
-0.0238139
-0.0238111
-0.0238078
-0.0238046
-0.0238012
-0.023798
-0.0237942
-0.0237889
-0.0237822
-0.024618
-0.0246164
-0.0246135
-0.0246107
-0.024607
-0.0246043
-0.0246004
-0.0245974
-0.0245913
-0.0245861
-0.0252512
-0.0252496
-0.0252468
-0.0252433
-0.0252401
-0.0252367
-0.0252334
-0.0252297
-0.0252245
-0.0252179
-0.0255513
-0.0255497
-0.0255464
-0.0255435
-0.0255393
-0.0255365
-0.0255322
-0.0255291
-0.0255226
-0.0255169
-0.0256241
-0.0256224
-0.0256193
-0.0256157
-0.0256122
-0.0256085
-0.025605
-0.025601
-0.0255955
-0.0255884
-0.0256248
-0.0256231
-0.0256197
-0.0256167
-0.0256123
-0.0256094
-0.0256049
-0.0256017
-0.0255949
-0.025589
2.5716
2.57159
2.57159
2.57159
2.57159
2.57159
2.57158
2.57158
2.57157
2.57156
3.29164
3.29164
3.29164
3.29164
3.29164
3.29164
3.29163
3.29163
3.29162
3.29161
3.66498
3.66498
3.66498
3.66497
3.66497
3.66497
3.66496
3.66496
3.66495
3.66495
3.90739
3.90739
3.90739
3.90739
3.90739
3.90738
3.90738
3.90738
3.90737
3.90736
4.07605
4.07605
4.07605
4.07605
4.07605
4.07604
4.07604
4.07603
4.07603
4.07602
4.19445
4.19445
4.19445
4.19445
4.19445
4.19444
4.19444
4.19444
4.19443
4.19442
4.27371
4.27371
4.27371
4.27371
4.27371
4.2737
4.2737
4.27369
4.27369
4.27368
4.31945
4.31945
4.31945
4.31945
4.31945
4.31944
4.31944
4.31943
4.31943
4.31942
4.33455
4.33455
4.33454
4.33454
4.33454
4.33453
4.33453
4.33452
4.33452
4.33451
4.32036
4.32036
4.32036
4.32035
4.32035
4.32035
4.32034
4.32034
4.32033
4.32032
4.27741
4.27741
4.27741
4.2774
4.2774
4.2774
4.27739
4.27738
4.27738
4.27737
4.20576
4.20575
4.20575
4.20575
4.20574
4.20574
4.20574
4.20573
4.20572
4.20571
4.10524
4.10524
4.10524
4.10524
4.10523
4.10523
4.10522
4.10522
4.10521
4.1052
3.97571
3.9757
3.9757
3.9757
3.9757
3.97569
3.97568
3.97568
3.97567
3.97566
3.81712
3.81712
3.81711
3.81711
3.81711
3.8171
3.8171
3.81709
3.81708
3.81707
3.62974
3.62974
3.62974
3.62973
3.62973
3.62972
3.62972
3.62971
3.6297
3.62969
3.41427
3.41427
3.41426
3.41426
3.41425
3.41425
3.41424
3.41424
3.41423
3.41422
3.17195
3.17195
3.17194
3.17194
3.17194
3.17193
3.17193
3.17192
3.17191
3.1719
2.90474
2.90474
2.90474
2.90473
2.90473
2.90472
2.90472
2.90471
2.9047
2.90469
2.61543
2.61543
2.61543
2.61542
2.61542
2.61541
2.61541
2.6154
2.61539
2.61538
2.30776
2.30775
2.30775
2.30774
2.30774
2.30773
2.30773
2.30772
2.30771
2.3077
1.9865
1.98649
1.98649
1.98649
1.98648
1.98647
1.98647
1.98646
1.98645
1.98644
1.65756
1.65756
1.65755
1.65755
1.65754
1.65754
1.65753
1.65752
1.65752
1.6575
1.32797
1.32797
1.32797
1.32796
1.32796
1.32795
1.32795
1.32794
1.32793
1.32792
1.00583
1.00583
1.00583
1.00582
1.00582
1.00581
1.00581
1.0058
1.00579
1.00578
0.700118
0.700116
0.700112
0.700107
0.700102
0.700097
0.700091
0.700086
0.700077
0.700067
0.420354
0.420352
0.420348
0.420344
0.420338
0.420334
0.420328
0.420323
0.420315
0.420306
0.176107
0.176105
0.176101
0.176097
0.176091
0.176087
0.176082
0.176077
0.176069
0.176061
-0.0237799
-0.0237817
-0.0237855
-0.023789
-0.0237942
-0.0237977
-0.0238034
-0.0238071
-0.0238149
-0.0238225
-0.172182
-0.172183
-0.172187
-0.17219
-0.172195
-0.172198
-0.172204
-0.172207
-0.172214
-0.172221
-0.264926
-0.264927
-0.26493
-0.264933
-0.264937
-0.26494
-0.264945
-0.264948
-0.264955
-0.264961
-0.302137
-0.302138
-0.30214
-0.302143
-0.302147
-0.30215
-0.302155
-0.302157
-0.302163
-0.302169
-0.289482
-0.289483
-0.289485
-0.289488
-0.28949
-0.289494
-0.289496
-0.2895
-0.289503
-0.289508
-0.238868
-0.238869
-0.238871
-0.238874
-0.238876
-0.238881
-0.238883
-0.238885
-0.238888
-0.23889
-0.16792
-0.16792
-0.167921
-0.167923
-0.167925
-0.167927
-0.167927
-0.167928
-0.167928
-0.16793
-0.0973365
-0.0973363
-0.0973361
-0.0973354
-0.0973356
-0.0973356
-0.0973352
-0.0973339
-0.0973324
-0.0973315
-0.0454454
-0.045445
-0.0454434
-0.0454417
-0.0454389
-0.0454378
-0.0454345
-0.0454324
-0.0454272
-0.0454226
-0.0209329
-0.0209316
-0.0209289
-0.0209244
-0.0209214
-0.0209164
-0.0209107
-0.0209072
-0.0209036
-0.0208954
-0.018526
-0.0185243
-0.0185208
-0.0185159
-0.0185118
-0.0185068
-0.0185025
-0.0184971
-0.0184923
-0.0184829
-0.0240134
-0.0240113
-0.0240073
-0.0240027
-0.023998
-0.023993
-0.0239882
-0.0239829
-0.0239764
-0.0239664
-0.0265013
-0.0264989
-0.0264945
-0.0264903
-0.0264848
-0.0264806
-0.0264746
-0.0264703
-0.0264618
-0.0264532
-0.0252052
-0.0252026
-0.0251987
-0.025194
-0.0251895
-0.0251846
-0.02518
-0.0251746
-0.0251677
-0.0251583
-0.0236751
-0.0236727
-0.0236691
-0.0236651
-0.0236609
-0.0236566
-0.0236523
-0.0236479
-0.023641
-0.0236331
-0.0233133
-0.0233112
-0.0233081
-0.0233045
-0.023301
-0.0232971
-0.0232935
-0.0232893
-0.0232834
-0.0232761
-0.0238168
-0.023815
-0.0238121
-0.0238092
-0.0238055
-0.0238025
-0.0237987
-0.0237956
-0.0237892
-0.0237838
-0.0246193
-0.0246177
-0.0246148
-0.0246121
-0.0246083
-0.0246056
-0.0246017
-0.0245987
-0.0245926
-0.0245874
-0.0252531
-0.0252515
-0.0252486
-0.0252451
-0.025242
-0.0252385
-0.0252353
-0.0252315
-0.0252264
-0.0252197
-0.0255533
-0.0255516
-0.0255484
-0.0255454
-0.0255412
-0.0255385
-0.0255341
-0.025531
-0.0255245
-0.0255188
-0.025626
-0.0256243
-0.0256212
-0.0256175
-0.0256141
-0.0256104
-0.0256069
-0.0256028
-0.0255974
-0.0255903
-0.0256258
-0.025624
-0.0256209
-0.0256173
-0.0256138
-0.02561
-0.0256065
-0.0256025
-0.0255969
-0.0255898
2.5716
2.57159
2.57159
2.57159
2.57159
2.57159
2.57158
2.57158
2.57157
2.57156
3.29165
3.29164
3.29164
3.29164
3.29164
3.29164
3.29163
3.29163
3.29162
3.29161
3.66498
3.66498
3.66498
3.66497
3.66497
3.66497
3.66496
3.66496
3.66495
3.66495
3.9074
3.90739
3.90739
3.90739
3.90739
3.90738
3.90738
3.90738
3.90737
3.90736
4.07605
4.07605
4.07605
4.07605
4.07605
4.07604
4.07604
4.07603
4.07603
4.07602
4.19446
4.19446
4.19445
4.19445
4.19445
4.19444
4.19444
4.19443
4.19443
4.19442
4.27372
4.27371
4.27371
4.27371
4.27371
4.2737
4.2737
4.27369
4.27369
4.27368
4.31946
4.31946
4.31945
4.31945
4.31945
4.31944
4.31944
4.31943
4.31943
4.31942
4.33455
4.33455
4.33455
4.33454
4.33454
4.33453
4.33453
4.33452
4.33452
4.33451
4.32036
4.32036
4.32036
4.32035
4.32035
4.32035
4.32034
4.32033
4.32033
4.32032
4.27741
4.27741
4.27741
4.2774
4.2774
4.2774
4.27739
4.27738
4.27738
4.27737
4.20576
4.20576
4.20575
4.20575
4.20575
4.20574
4.20574
4.20573
4.20572
4.20571
4.10525
4.10525
4.10524
4.10524
4.10523
4.10523
4.10522
4.10522
4.10521
4.1052
3.97571
3.97571
3.9757
3.9757
3.9757
3.97569
3.97568
3.97568
3.97567
3.97566
3.81712
3.81712
3.81712
3.81711
3.81711
3.8171
3.8171
3.81709
3.81708
3.81707
3.62975
3.62974
3.62974
3.62974
3.62973
3.62973
3.62972
3.62971
3.6297
3.62969
3.41427
3.41427
3.41427
3.41426
3.41426
3.41425
3.41424
3.41424
3.41423
3.41422
3.17195
3.17195
3.17195
3.17194
3.17194
3.17193
3.17193
3.17192
3.17191
3.1719
2.90475
2.90475
2.90474
2.90474
2.90473
2.90473
2.90472
2.90471
2.9047
2.90469
2.61544
2.61543
2.61543
2.61543
2.61542
2.61542
2.61541
2.6154
2.61539
2.61538
2.30776
2.30776
2.30775
2.30775
2.30774
2.30774
2.30773
2.30772
2.30772
2.3077
1.9865
1.9865
1.98649
1.98649
1.98648
1.98648
1.98647
1.98646
1.98646
1.98644
1.65756
1.65756
1.65755
1.65755
1.65754
1.65754
1.65753
1.65753
1.65752
1.65751
1.32798
1.32797
1.32797
1.32796
1.32796
1.32795
1.32795
1.32794
1.32793
1.32792
1.00584
1.00583
1.00583
1.00583
1.00582
1.00582
1.00581
1.0058
1.00579
1.00578
0.70012
0.700118
0.700113
0.700109
0.700104
0.700099
0.700093
0.700088
0.700079
0.700069
0.420355
0.420353
0.420349
0.420345
0.420339
0.420335
0.420329
0.420324
0.420316
0.420307
0.176105
0.176103
0.176099
0.176096
0.17609
0.176086
0.176081
0.176076
0.176068
0.17606
-0.0237837
-0.0237854
-0.0237892
-0.0237926
-0.0237977
-0.023801
-0.0238067
-0.0238103
-0.023818
-0.0238257
-0.172187
-0.172188
-0.172191
-0.172195
-0.172199
-0.172202
-0.172208
-0.172211
-0.172218
-0.172225
-0.26493
-0.264931
-0.264934
-0.264937
-0.264942
-0.264944
-0.264949
-0.264952
-0.264959
-0.264965
-0.30214
-0.302141
-0.302144
-0.302147
-0.302151
-0.302155
-0.302161
-0.302164
-0.30217
-0.302174
-0.289484
-0.289485
-0.289487
-0.289491
-0.289493
-0.289497
-0.2895
-0.289502
-0.289506
-0.28951
-0.238869
-0.23887
-0.238871
-0.238874
-0.238875
-0.238879
-0.23888
-0.238883
-0.238885
-0.238887
-0.16792
-0.16792
-0.167922
-0.167923
-0.167925
-0.167924
-0.167925
-0.167924
-0.167926
-0.167927
-0.0973372
-0.0973371
-0.0973369
-0.0973362
-0.0973355
-0.0973345
-0.0973328
-0.0973317
-0.0973306
-0.0973304
-0.0454505
-0.0454499
-0.0454486
-0.0454455
-0.045444
-0.0454405
-0.0454387
-0.0454362
-0.0454341
-0.04543
-0.0209418
-0.0209406
-0.0209377
-0.0209343
-0.02093
-0.0209265
-0.0209211
-0.0209179
-0.020912
-0.0209055
-0.018535
-0.0185335
-0.0185294
-0.0185257
-0.0185202
-0.0185166
-0.0185107
-0.0185076
-0.0184993
-0.0184924
-0.0240189
-0.0240168
-0.0240128
-0.0240083
-0.0240036
-0.0239987
-0.0239938
-0.0239885
-0.0239822
-0.0239721
-0.0265019
-0.0264995
-0.0264951
-0.0264909
-0.0264854
-0.0264812
-0.0264752
-0.0264709
-0.0264625
-0.0264539
-0.0252015
-0.0251989
-0.0251948
-0.0251906
-0.0251856
-0.0251812
-0.0251759
-0.0251714
-0.0251634
-0.025155
-0.0236695
-0.0236671
-0.0236635
-0.0236595
-0.0236553
-0.023651
-0.0236468
-0.0236423
-0.0236354
-0.0236275
-0.0233084
-0.0233063
-0.0233032
-0.0232997
-0.023296
-0.0232922
-0.0232885
-0.0232847
-0.0232782
-0.0232717
-0.0238124
-0.0238106
-0.0238079
-0.0238046
-0.0238014
-0.023798
-0.0237948
-0.023791
-0.0237857
-0.0237791
-0.024616
-0.0246144
-0.0246116
-0.0246084
-0.0246053
-0.024602
-0.0245989
-0.0245952
-0.0245902
-0.0245838
-0.025252
-0.0252505
-0.0252474
-0.0252446
-0.0252406
-0.0252379
-0.0252338
-0.0252308
-0.0252245
-0.0252191
-0.0255533
-0.0255516
-0.0255486
-0.0255451
-0.0255417
-0.0255381
-0.0255347
-0.0255308
-0.0255255
-0.0255186
-0.025626
-0.0256243
-0.025621
-0.025618
-0.0256137
-0.0256109
-0.0256064
-0.0256032
-0.0255966
-0.0255907
-0.025626
-0.0256242
-0.0256211
-0.0256174
-0.0256139
-0.0256102
-0.0256066
-0.0256026
-0.025597
-0.0255899
2.5716
2.57159
2.57159
2.57159
2.57159
2.57159
2.57158
2.57158
2.57157
2.57157
3.29165
3.29164
3.29164
3.29164
3.29164
3.29164
3.29163
3.29163
3.29162
3.29162
3.66498
3.66498
3.66498
3.66497
3.66497
3.66497
3.66496
3.66496
3.66495
3.66495
3.9074
3.90739
3.90739
3.90739
3.90739
3.90738
3.90738
3.90738
3.90737
3.90737
4.07605
4.07605
4.07605
4.07605
4.07604
4.07604
4.07604
4.07603
4.07603
4.07602
4.19446
4.19446
4.19445
4.19445
4.19445
4.19444
4.19444
4.19444
4.19443
4.19442
4.27372
4.27372
4.27371
4.27371
4.27371
4.2737
4.2737
4.27369
4.27369
4.27368
4.31946
4.31946
4.31945
4.31945
4.31945
4.31944
4.31944
4.31943
4.31943
4.31942
4.33455
4.33455
4.33455
4.33454
4.33454
4.33453
4.33453
4.33452
4.33452
4.33451
4.32036
4.32036
4.32036
4.32035
4.32035
4.32034
4.32034
4.32033
4.32033
4.32032
4.27742
4.27741
4.27741
4.2774
4.2774
4.2774
4.27739
4.27738
4.27738
4.27737
4.20576
4.20576
4.20575
4.20575
4.20575
4.20574
4.20574
4.20573
4.20572
4.20572
4.10525
4.10525
4.10524
4.10524
4.10523
4.10523
4.10522
4.10522
4.10521
4.1052
3.97571
3.97571
3.97571
3.9757
3.9757
3.97569
3.97569
3.97568
3.97567
3.97566
3.81713
3.81712
3.81712
3.81711
3.81711
3.8171
3.8171
3.81709
3.81708
3.81707
3.62975
3.62975
3.62974
3.62974
3.62973
3.62973
3.62972
3.62971
3.62971
3.6297
3.41428
3.41427
3.41427
3.41426
3.41426
3.41425
3.41424
3.41424
3.41423
3.41422
3.17196
3.17196
3.17195
3.17194
3.17194
3.17193
3.17193
3.17192
3.17191
3.1719
2.90475
2.90475
2.90474
2.90474
2.90473
2.90473
2.90472
2.90471
2.9047
2.90469
2.61544
2.61544
2.61543
2.61543
2.61542
2.61542
2.61541
2.6154
2.61539
2.61538
2.30776
2.30776
2.30776
2.30775
2.30774
2.30774
2.30773
2.30773
2.30772
2.30771
1.98651
1.9865
1.9865
1.98649
1.98648
1.98648
1.98647
1.98647
1.98646
1.98645
1.65757
1.65756
1.65756
1.65755
1.65755
1.65754
1.65753
1.65753
1.65752
1.65751
1.32798
1.32798
1.32797
1.32797
1.32796
1.32796
1.32795
1.32794
1.32793
1.32792
1.00584
1.00584
1.00583
1.00583
1.00582
1.00582
1.00581
1.00581
1.0058
1.00579
0.700124
0.700122
0.700117
0.700113
0.700107
0.700102
0.700096
0.700091
0.700082
0.700073
0.420359
0.420356
0.420352
0.420348
0.420342
0.420338
0.420332
0.420327
0.420319
0.42031
0.176107
0.176105
0.176101
0.176097
0.176092
0.176088
0.176082
0.176078
0.17607
0.176062
-0.0237851
-0.0237869
-0.0237906
-0.023794
-0.023799
-0.0238023
-0.0238078
-0.0238113
-0.0238188
-0.0238262
-0.172189
-0.172191
-0.172194
-0.172198
-0.172202
-0.172205
-0.172211
-0.172214
-0.172221
-0.172227
-0.264933
-0.264934
-0.264937
-0.26494
-0.264945
-0.264947
-0.264952
-0.264955
-0.264961
-0.264967
-0.302142
-0.302143
-0.302146
-0.302148
-0.302153
-0.302154
-0.302159
-0.302161
-0.302167
-0.302172
-0.289485
-0.289486
-0.289489
-0.289491
-0.289496
-0.289497
-0.289502
-0.289504
-0.289507
-0.28951
-0.23887
-0.23887
-0.238872
-0.238874
-0.238876
-0.238877
-0.23888
-0.238881
-0.238885
-0.238889
-0.167923
-0.167923
-0.167924
-0.167926
-0.167926
-0.167927
-0.167927
-0.167927
-0.167929
-0.167931
-0.0973465
-0.0973464
-0.0973462
-0.0973456
-0.0973448
-0.0973439
-0.0973427
-0.0973417
-0.097341
-0.0973398
-0.0454674
-0.0454668
-0.045465
-0.0454632
-0.0454601
-0.0454585
-0.0454547
-0.0454536
-0.0454497
-0.0454455
-0.0209604
-0.0209593
-0.0209568
-0.020953
-0.02095
-0.0209456
-0.0209417
-0.0209369
-0.0209314
-0.0209224
-0.0185504
-0.0185489
-0.0185449
-0.0185412
-0.0185358
-0.0185323
-0.0185263
-0.0185233
-0.0185147
-0.0185081
-0.0240323
-0.0240303
-0.0240261
-0.0240221
-0.0240166
-0.0240129
-0.0240065
-0.0240028
-0.0239943
-0.0239863
-0.0265134
-0.026511
-0.0265069
-0.0265021
-0.0264974
-0.0264924
-0.0264875
-0.026482
-0.0264751
-0.0264651
-0.0252085
-0.0252059
-0.025202
-0.0251974
-0.025193
-0.025188
-0.0251835
-0.0251781
-0.0251711
-0.0251617
-0.0236731
-0.0236707
-0.0236671
-0.0236632
-0.023659
-0.0236547
-0.0236504
-0.023646
-0.0236391
-0.0236312
-0.0233105
-0.0233084
-0.0233053
-0.0233017
-0.0232982
-0.0232943
-0.0232908
-0.0232865
-0.0232806
-0.0232733
-0.0238128
-0.0238109
-0.023808
-0.0238051
-0.0238014
-0.0237984
-0.0237947
-0.0237915
-0.0237852
-0.0237798
-0.0246159
-0.0246143
-0.0246114
-0.0246086
-0.0246049
-0.0246022
-0.0245983
-0.0245953
-0.0245892
-0.024584
-0.0252525
-0.025251
-0.0252481
-0.0252447
-0.0252415
-0.025238
-0.0252348
-0.025231
-0.0252259
-0.0252193
-0.0255547
-0.0255531
-0.0255499
-0.0255469
-0.0255427
-0.02554
-0.0255356
-0.0255325
-0.025526
-0.0255204
-0.0256269
-0.0256252
-0.0256221
-0.0256184
-0.025615
-0.0256113
-0.0256078
-0.0256038
-0.0255983
-0.0255912
-0.0256268
-0.0256251
-0.025622
-0.0256183
-0.0256148
-0.0256111
-0.0256076
-0.0256035
-0.025598
-0.0255909
)
;

boundaryField
{
    inlet
    {
        type            calculated;
        value           nonuniform List<scalar> 
500
(
2.5716
3.29165
3.66498
3.9074
4.07605
4.19445
4.27371
4.31945
4.33454
4.32034
4.27739
4.20574
4.10522
3.97568
3.81709
3.62971
3.41423
3.17191
2.9047
2.61539
2.30771
1.98645
1.65751
1.32793
1.00579
0.700085
0.420334
0.176103
-0.0237672
-0.172154
-0.264893
-0.302105
-0.289455
-0.238848
-0.167906
-0.0973199
-0.0454071
-0.0208583
-0.0184383
-0.0239565
-0.0264838
-0.025207
-0.023679
-0.0233149
-0.0238136
-0.0246097
-0.0252424
-0.0255413
-0.0256121
-0.0256129
2.5716
3.29165
3.66498
3.90739
4.07605
4.19445
4.27371
4.31945
4.33454
4.32035
4.2774
4.20574
4.10522
3.97569
3.8171
3.62972
3.41424
3.17192
2.90471
2.6154
2.30772
1.98646
1.65753
1.32794
1.00581
0.700097
0.420345
0.176111
-0.0237633
-0.172156
-0.264896
-0.302109
-0.289459
-0.238852
-0.16791
-0.0973236
-0.0454117
-0.0208657
-0.0184466
-0.0239625
-0.0264888
-0.0252123
-0.0236849
-0.0233203
-0.0238188
-0.0246148
-0.0252466
-0.025545
-0.0256158
-0.0256161
2.5716
3.29165
3.66498
3.90739
4.07605
4.19445
4.27371
4.31944
4.33454
4.32035
4.27739
4.20574
4.10522
3.97569
3.8171
3.62972
3.41424
3.17192
2.90471
2.6154
2.30772
1.98646
1.65753
1.32794
1.00581
0.700097
0.420342
0.176106
-0.0237705
-0.172164
-0.264903
-0.302114
-0.289462
-0.238853
-0.167909
-0.0973228
-0.0454123
-0.0208687
-0.0184509
-0.0239643
-0.0264873
-0.0252104
-0.0236835
-0.0233189
-0.0238178
-0.0246144
-0.0252453
-0.025544
-0.0256162
-0.0256162
2.5716
3.29165
3.66498
3.90739
4.07605
4.19445
4.27371
4.31945
4.33454
4.32035
4.2774
4.20574
4.10523
3.97569
3.8171
3.62972
3.41425
3.17193
2.90472
2.61541
2.30773
1.98647
1.65754
1.32795
1.00582
0.700106
0.42035
0.176111
-0.0237677
-0.172165
-0.264907
-0.30212
-0.289468
-0.238858
-0.167914
-0.0973264
-0.0454173
-0.0208799
-0.0184651
-0.0239735
-0.0264915
-0.025213
-0.0236862
-0.0233213
-0.0238209
-0.0246186
-0.0252496
-0.0255479
-0.0256197
-0.02562
2.5716
3.29164
3.66497
3.90739
4.07605
4.19445
4.27371
4.31945
4.33454
4.32035
4.2774
4.20574
4.10523
3.97569
3.8171
3.62973
3.41425
3.17193
2.90473
2.61542
2.30774
1.98648
1.65754
1.32796
1.00582
0.700106
0.420347
0.176107
-0.0237737
-0.172172
-0.264914
-0.302126
-0.289473
-0.23886
-0.167914
-0.097327
-0.0454198
-0.0208875
-0.0184754
-0.0239784
-0.0264891
-0.0252079
-0.0236812
-0.0233166
-0.0238175
-0.024617
-0.0252487
-0.0255481
-0.0256202
-0.0256206
2.5716
3.29164
3.66497
3.90739
4.07605
4.19445
4.27371
4.31945
4.33454
4.32035
4.2774
4.20575
4.10524
3.9757
3.81711
3.62973
3.41426
3.17194
2.90473
2.61542
2.30775
1.98649
1.65755
1.32796
1.00583
0.700112
0.420352
0.176109
-0.0237733
-0.172174
-0.264917
-0.30213
-0.289477
-0.238865
-0.167917
-0.0973301
-0.0454282
-0.0209038
-0.0184941
-0.0239912
-0.0264941
-0.0252086
-0.0236815
-0.023318
-0.02382
-0.0246203
-0.0252519
-0.0255512
-0.0256236
-0.025624
2.57159
3.29164
3.66497
3.90739
4.07605
4.19445
4.27371
4.31945
4.33454
4.32036
4.27741
4.20575
4.10524
3.9757
3.81711
3.62974
3.41426
3.17194
2.90474
2.61543
2.30775
1.98649
1.65755
1.32797
1.00583
0.700113
0.420351
0.176106
-0.0237785
-0.172179
-0.264922
-0.302134
-0.289481
-0.238867
-0.167918
-0.0973308
-0.0454323
-0.0209137
-0.0185063
-0.0239982
-0.0264929
-0.0252023
-0.023674
-0.0233118
-0.0238157
-0.024618
-0.0252512
-0.0255513
-0.0256241
-0.0256248
2.5716
3.29164
3.66498
3.90739
4.07605
4.19445
4.27371
4.31945
4.33455
4.32036
4.27741
4.20576
4.10524
3.97571
3.81712
3.62974
3.41427
3.17195
2.90474
2.61543
2.30776
1.9865
1.65756
1.32797
1.00583
0.700118
0.420354
0.176107
-0.0237799
-0.172182
-0.264926
-0.302137
-0.289482
-0.238868
-0.16792
-0.0973365
-0.0454454
-0.0209329
-0.018526
-0.0240134
-0.0265013
-0.0252052
-0.0236751
-0.0233133
-0.0238168
-0.0246193
-0.0252531
-0.0255533
-0.025626
-0.0256258
2.5716
3.29165
3.66498
3.9074
4.07605
4.19446
4.27372
4.31946
4.33455
4.32036
4.27741
4.20576
4.10525
3.97571
3.81712
3.62975
3.41427
3.17195
2.90475
2.61544
2.30776
1.9865
1.65756
1.32798
1.00584
0.70012
0.420355
0.176105
-0.0237837
-0.172187
-0.26493
-0.30214
-0.289484
-0.238869
-0.16792
-0.0973372
-0.0454505
-0.0209418
-0.018535
-0.0240189
-0.0265019
-0.0252015
-0.0236695
-0.0233084
-0.0238124
-0.024616
-0.025252
-0.0255533
-0.025626
-0.025626
2.5716
3.29165
3.66498
3.9074
4.07605
4.19446
4.27372
4.31946
4.33455
4.32036
4.27742
4.20576
4.10525
3.97571
3.81713
3.62975
3.41428
3.17196
2.90475
2.61544
2.30776
1.98651
1.65757
1.32798
1.00584
0.700124
0.420359
0.176107
-0.0237851
-0.172189
-0.264933
-0.302142
-0.289485
-0.23887
-0.167923
-0.0973465
-0.0454674
-0.0209604
-0.0185504
-0.0240323
-0.0265134
-0.0252085
-0.0236731
-0.0233105
-0.0238128
-0.0246159
-0.0252525
-0.0255547
-0.0256269
-0.0256268
)
;
    }
    outlet
    {
        type            calculated;
        value           nonuniform List<scalar> 
500
(
2.57158
3.29163
3.66496
3.90738
4.07603
4.19443
4.27369
4.31942
4.33451
4.32032
4.27736
4.2057
4.10519
3.97565
3.81705
3.62967
3.41419
3.17187
2.90466
2.61534
2.30766
1.9864
1.65746
1.32788
1.00574
0.700036
0.420287
0.176059
-0.0238084
-0.172193
-0.264928
-0.302136
-0.289483
-0.238871
-0.167916
-0.0973152
-0.0453862
-0.0208228
-0.0183965
-0.02391
-0.0264354
-0.0251599
-0.0236368
-0.0232776
-0.0237801
-0.0245774
-0.0252094
-0.0255065
-0.0255765
-0.025577
2.57158
3.29163
3.66496
3.90737
4.07603
4.19443
4.27369
4.31942
4.33451
4.32032
4.27737
4.20571
4.10519
3.97565
3.81706
3.62968
3.4142
3.17188
2.90467
2.61535
2.30767
1.98641
1.65747
1.32789
1.00576
0.700048
0.420297
0.176066
-0.0238053
-0.172195
-0.264931
-0.30214
-0.28949
-0.238873
-0.167919
-0.0973186
-0.0453915
-0.020833
-0.0184046
-0.0239157
-0.0264405
-0.0251653
-0.0236428
-0.023283
-0.0237853
-0.0245829
-0.0252136
-0.0255102
-0.02558
-0.0255802
2.57157
3.29162
3.66495
3.90737
4.07603
4.19443
4.27368
4.31942
4.33451
4.32032
4.27737
4.20571
4.10519
3.97565
3.81706
3.62968
3.4142
3.17188
2.90467
2.61536
2.30768
1.98641
1.65748
1.32789
1.00576
0.700047
0.420294
0.17606
-0.0238128
-0.172203
-0.264939
-0.302146
-0.289489
-0.238874
-0.167919
-0.0973188
-0.045393
-0.0208368
-0.0184101
-0.0239176
-0.026439
-0.0251638
-0.0236414
-0.0232817
-0.0237847
-0.0245821
-0.0252122
-0.0255092
-0.0255804
-0.0255801
2.57157
3.29162
3.66495
3.90737
4.07603
4.19443
4.27368
4.31942
4.33451
4.32032
4.27737
4.20571
4.1052
3.97566
3.81706
3.62969
3.41421
3.17189
2.90468
2.61536
2.30769
1.98642
1.65749
1.3279
1.00577
0.700056
0.420302
0.176066
-0.0238101
-0.172204
-0.264942
-0.30215
-0.289497
-0.238878
-0.167925
-0.0973224
-0.045396
-0.0208419
-0.0184241
-0.0239273
-0.0264433
-0.0251661
-0.0236441
-0.0232844
-0.0237875
-0.0245867
-0.0252164
-0.025513
-0.0255838
-0.0255843
2.57157
3.29162
3.66495
3.90737
4.07602
4.19442
4.27368
4.31942
4.33451
4.32032
4.27737
4.20571
4.1052
3.97566
3.81707
3.62969
3.41421
3.17189
2.90468
2.61537
2.30769
1.98643
1.65749
1.3279
1.00577
0.700056
0.420299
0.176061
-0.0238162
-0.172211
-0.264949
-0.30216
-0.2895
-0.238884
-0.167926
-0.0973225
-0.045399
-0.0208554
-0.0184337
-0.0239315
-0.0264409
-0.0251613
-0.0236391
-0.0232797
-0.0237841
-0.0245847
-0.0252154
-0.0255133
-0.0255847
-0.0255848
2.57157
3.29162
3.66495
3.90737
4.07602
4.19442
4.27368
4.31942
4.33451
4.32032
4.27737
4.20571
4.1052
3.97566
3.81707
3.62969
3.41422
3.1719
2.90469
2.61538
2.3077
1.98644
1.6575
1.32791
1.00578
0.700062
0.420304
0.176063
-0.023816
-0.172213
-0.264952
-0.302164
-0.289508
-0.238887
-0.167931
-0.0973256
-0.0454092
-0.0208671
-0.0184518
-0.023945
-0.0264456
-0.025162
-0.0236394
-0.023281
-0.0237865
-0.024588
-0.0252189
-0.0255163
-0.0255878
-0.0255882
2.57156
3.29161
3.66495
3.90736
4.07602
4.19442
4.27368
4.31942
4.33451
4.32032
4.27737
4.20571
4.1052
3.97566
3.81707
3.62969
3.41422
3.1719
2.90469
2.61538
2.3077
1.98644
1.6575
1.32791
1.00578
0.700063
0.420302
0.17606
-0.0238212
-0.172218
-0.264958
-0.302169
-0.289507
-0.238889
-0.167931
-0.0973261
-0.0454098
-0.020876
-0.0184639
-0.0239513
-0.0264446
-0.0251554
-0.023632
-0.023275
-0.0237822
-0.0245861
-0.0252179
-0.0255169
-0.0255884
-0.025589
2.57156
3.29161
3.66495
3.90736
4.07602
4.19442
4.27368
4.31942
4.33451
4.32032
4.27737
4.20571
4.1052
3.97566
3.81707
3.62969
3.41422
3.1719
2.90469
2.61538
2.3077
1.98644
1.6575
1.32792
1.00578
0.700067
0.420306
0.176061
-0.0238225
-0.172221
-0.264961
-0.302169
-0.289508
-0.23889
-0.16793
-0.0973315
-0.0454226
-0.0208954
-0.0184829
-0.0239664
-0.0264532
-0.0251583
-0.0236331
-0.0232761
-0.0237838
-0.0245874
-0.0252197
-0.0255188
-0.0255903
-0.0255898
2.57156
3.29161
3.66495
3.90736
4.07602
4.19442
4.27368
4.31942
4.33451
4.32032
4.27737
4.20571
4.1052
3.97566
3.81707
3.62969
3.41422
3.1719
2.90469
2.61538
2.3077
1.98644
1.65751
1.32792
1.00578
0.700069
0.420307
0.17606
-0.0238257
-0.172225
-0.264965
-0.302174
-0.28951
-0.238887
-0.167927
-0.0973304
-0.04543
-0.0209055
-0.0184924
-0.0239721
-0.0264539
-0.025155
-0.0236275
-0.0232717
-0.0237791
-0.0245838
-0.0252191
-0.0255186
-0.0255907
-0.0255899
2.57157
3.29162
3.66495
3.90737
4.07602
4.19442
4.27368
4.31942
4.33451
4.32032
4.27737
4.20572
4.1052
3.97566
3.81707
3.6297
3.41422
3.1719
2.90469
2.61538
2.30771
1.98645
1.65751
1.32792
1.00579
0.700073
0.42031
0.176062
-0.0238262
-0.172227
-0.264967
-0.302172
-0.28951
-0.238889
-0.167931
-0.0973398
-0.0454455
-0.0209224
-0.0185081
-0.0239863
-0.0264651
-0.0251617
-0.0236312
-0.0232733
-0.0237798
-0.024584
-0.0252193
-0.0255204
-0.0255912
-0.0255909
)
;
    }
    sideLeft
    {
        type            calculated;
        value           nonuniform List<scalar> 
500
(
2.5716
3.29165
3.66498
3.9074
4.07605
4.19445
4.27371
4.31945
4.33454
4.32034
4.27739
4.20574
4.10522
3.97568
3.81709
3.62971
3.41423
3.17191
2.9047
2.61539
2.30771
1.98645
1.65751
1.32793
1.00579
0.700085
0.420334
0.176103
-0.0237672
-0.172154
-0.264893
-0.302105
-0.289455
-0.238848
-0.167906
-0.0973199
-0.0454071
-0.0208583
-0.0184383
-0.0239565
-0.0264838
-0.025207
-0.023679
-0.0233149
-0.0238136
-0.0246097
-0.0252424
-0.0255413
-0.0256121
-0.0256129
2.5716
3.29165
3.66498
3.90739
4.07605
4.19445
4.27371
4.31944
4.33453
4.32034
4.27739
4.20573
4.10522
3.97568
3.81709
3.62971
3.41423
3.17191
2.9047
2.61539
2.30771
1.98645
1.65751
1.32793
1.00579
0.700083
0.420332
0.176101
-0.0237689
-0.172156
-0.264894
-0.302106
-0.289456
-0.238848
-0.167906
-0.0973196
-0.0454064
-0.0208572
-0.0184368
-0.0239545
-0.0264814
-0.0252044
-0.0236766
-0.0233128
-0.0238118
-0.0246082
-0.0252409
-0.0255397
-0.0256104
-0.0256112
2.5716
3.29165
3.66498
3.90739
4.07605
4.19445
4.2737
4.31944
4.33453
4.32034
4.27739
4.20573
4.10522
3.97568
3.81708
3.6297
3.41423
3.17191
2.9047
2.61538
2.3077
1.98644
1.65751
1.32792
1.00579
0.700078
0.420328
0.176097
-0.0237727
-0.17216
-0.264897
-0.302109
-0.289459
-0.23885
-0.167907
-0.0973193
-0.0454051
-0.0208539
-0.018433
-0.0239502
-0.026477
-0.0252005
-0.023673
-0.0233097
-0.023809
-0.0246054
-0.0252378
-0.0255367
-0.025607
-0.0256078
2.5716
3.29165
3.66498
3.90739
4.07605
4.19445
4.2737
4.31944
4.33453
4.32034
4.27738
4.20573
4.10521
3.97567
3.81708
3.6297
3.41422
3.1719
2.90469
2.61538
2.3077
1.98644
1.6575
1.32792
1.00578
0.700074
0.420324
0.176093
-0.0237763
-0.172163
-0.2649
-0.302112
-0.289462
-0.238853
-0.167908
-0.0973182
-0.0454025
-0.0208507
-0.0184294
-0.0239463
-0.0264728
-0.0251958
-0.023669
-0.0233061
-0.0238057
-0.0246021
-0.025235
-0.0255331
-0.025604
-0.0256048
2.5716
3.29165
3.66498
3.90739
4.07604
4.19444
4.2737
4.31944
4.33453
4.32034
4.27738
4.20572
4.10521
3.97567
3.81708
3.6297
3.41422
3.1719
2.90469
2.61537
2.30769
1.98643
1.6575
1.32791
1.00578
0.700068
0.420318
0.176088
-0.0237813
-0.172168
-0.264905
-0.302116
-0.289465
-0.238855
-0.167909
-0.0973181
-0.0454008
-0.020846
-0.018424
-0.0239405
-0.0264672
-0.0251913
-0.0236647
-0.0233026
-0.0238025
-0.024599
-0.025231
-0.0255297
-0.0255997
-0.0256004
2.5716
3.29165
3.66497
3.90739
4.07604
4.19444
4.2737
4.31944
4.33452
4.32033
4.27738
4.20572
4.10521
3.97566
3.81707
3.62969
3.41421
3.17189
2.90468
2.61537
2.30769
1.98643
1.65749
1.32791
1.00577
0.700064
0.420314
0.176084
-0.0237847
-0.172171
-0.264908
-0.302118
-0.289468
-0.238859
-0.167911
-0.0973173
-0.0453985
-0.0208427
-0.0184209
-0.0239369
-0.026463
-0.0251864
-0.0236604
-0.0232986
-0.0237991
-0.0245957
-0.0252283
-0.0255261
-0.0255969
-0.0255975
2.5716
3.29164
3.66497
3.90739
4.07604
4.19444
4.2737
4.31943
4.33452
4.32033
4.27738
4.20572
4.1052
3.97566
3.81707
3.62969
3.41421
3.17189
2.90468
2.61536
2.30768
1.98642
1.65748
1.3279
1.00577
0.700058
0.420308
0.176078
-0.0237903
-0.172176
-0.264913
-0.302123
-0.289472
-0.238862
-0.167912
-0.0973178
-0.0453966
-0.0208378
-0.0184147
-0.0239305
-0.026457
-0.0251818
-0.0236561
-0.023295
-0.0237958
-0.0245926
-0.0252241
-0.0255227
-0.0255923
-0.025593
2.57159
3.29164
3.66497
3.90739
4.07604
4.19444
4.27369
4.31943
4.33452
4.32033
4.27737
4.20571
4.1052
3.97566
3.81706
3.62968
3.4142
3.17188
2.90467
2.61536
2.30768
1.98642
1.65748
1.3279
1.00576
0.700053
0.420304
0.176074
-0.0237939
-0.172179
-0.264916
-0.302125
-0.289475
-0.238865
-0.167913
-0.0973172
-0.045395
-0.0208352
-0.0184118
-0.0239267
-0.0264526
-0.0251764
-0.0236516
-0.0232908
-0.023792
-0.0245889
-0.0252211
-0.0255188
-0.0255891
-0.0255898
2.57159
3.29164
3.66497
3.90738
4.07603
4.19443
4.27369
4.31943
4.33452
4.32032
4.27737
4.20571
4.10519
3.97565
3.81706
3.62968
3.4142
3.17188
2.90467
2.61535
2.30767
1.98641
1.65747
1.32789
1.00575
0.700045
0.420296
0.176066
-0.0238013
-0.172187
-0.264922
-0.302131
-0.289478
-0.238867
-0.167915
-0.0973164
-0.0453907
-0.0208284
-0.0184035
-0.0239182
-0.0264442
-0.0251694
-0.0236447
-0.0232849
-0.0237867
-0.0245838
-0.0252148
-0.0255134
-0.0255824
-0.0255831
2.57158
3.29163
3.66496
3.90738
4.07603
4.19443
4.27369
4.31942
4.33451
4.32032
4.27736
4.2057
4.10519
3.97565
3.81705
3.62967
3.41419
3.17187
2.90466
2.61534
2.30766
1.9864
1.65746
1.32788
1.00574
0.700036
0.420287
0.176059
-0.0238084
-0.172193
-0.264928
-0.302136
-0.289483
-0.238871
-0.167916
-0.0973152
-0.0453862
-0.0208228
-0.0183965
-0.02391
-0.0264354
-0.0251599
-0.0236368
-0.0232776
-0.0237801
-0.0245774
-0.0252094
-0.0255065
-0.0255765
-0.025577
)
;
    }
    sideRight
    {
        type            calculated;
        value           nonuniform List<scalar> 
500
(
2.5716
3.29165
3.66498
3.9074
4.07605
4.19446
4.27372
4.31946
4.33455
4.32036
4.27742
4.20576
4.10525
3.97571
3.81713
3.62975
3.41428
3.17196
2.90475
2.61544
2.30776
1.98651
1.65757
1.32798
1.00584
0.700124
0.420359
0.176107
-0.0237851
-0.172189
-0.264933
-0.302142
-0.289485
-0.23887
-0.167923
-0.0973465
-0.0454674
-0.0209604
-0.0185504
-0.0240323
-0.0265134
-0.0252085
-0.0236731
-0.0233105
-0.0238128
-0.0246159
-0.0252525
-0.0255547
-0.0256269
-0.0256268
2.57159
3.29164
3.66498
3.90739
4.07605
4.19446
4.27372
4.31946
4.33455
4.32036
4.27741
4.20576
4.10525
3.97571
3.81712
3.62975
3.41427
3.17196
2.90475
2.61544
2.30776
1.9865
1.65756
1.32798
1.00584
0.700122
0.420356
0.176105
-0.0237869
-0.172191
-0.264934
-0.302143
-0.289486
-0.23887
-0.167923
-0.0973464
-0.0454668
-0.0209593
-0.0185489
-0.0240303
-0.026511
-0.0252059
-0.0236707
-0.0233084
-0.0238109
-0.0246143
-0.025251
-0.0255531
-0.0256252
-0.0256251
2.57159
3.29164
3.66498
3.90739
4.07605
4.19445
4.27371
4.31945
4.33455
4.32036
4.27741
4.20575
4.10524
3.97571
3.81712
3.62974
3.41427
3.17195
2.90474
2.61543
2.30776
1.9865
1.65756
1.32797
1.00583
0.700117
0.420352
0.176101
-0.0237906
-0.172194
-0.264937
-0.302146
-0.289489
-0.238872
-0.167924
-0.0973462
-0.045465
-0.0209568
-0.0185449
-0.0240261
-0.0265069
-0.025202
-0.0236671
-0.0233053
-0.023808
-0.0246114
-0.0252481
-0.0255499
-0.0256221
-0.025622
2.57159
3.29164
3.66497
3.90739
4.07605
4.19445
4.27371
4.31945
4.33454
4.32035
4.2774
4.20575
4.10524
3.9757
3.81711
3.62974
3.41426
3.17194
2.90474
2.61543
2.30775
1.98649
1.65755
1.32797
1.00583
0.700113
0.420348
0.176097
-0.023794
-0.172198
-0.26494
-0.302148
-0.289491
-0.238874
-0.167926
-0.0973456
-0.0454632
-0.020953
-0.0185412
-0.0240221
-0.0265021
-0.0251974
-0.0236632
-0.0233017
-0.0238051
-0.0246086
-0.0252447
-0.0255469
-0.0256184
-0.0256183
2.57159
3.29164
3.66497
3.90739
4.07604
4.19445
4.27371
4.31945
4.33454
4.32035
4.2774
4.20575
4.10523
3.9757
3.81711
3.62973
3.41426
3.17194
2.90473
2.61542
2.30774
1.98648
1.65755
1.32796
1.00582
0.700107
0.420342
0.176092
-0.023799
-0.172202
-0.264945
-0.302153
-0.289496
-0.238876
-0.167926
-0.0973448
-0.0454601
-0.02095
-0.0185358
-0.0240166
-0.0264974
-0.025193
-0.023659
-0.0232982
-0.0238014
-0.0246049
-0.0252415
-0.0255427
-0.025615
-0.0256148
2.57159
3.29164
3.66497
3.90738
4.07604
4.19444
4.2737
4.31944
4.33453
4.32034
4.2774
4.20574
4.10523
3.97569
3.8171
3.62973
3.41425
3.17193
2.90473
2.61542
2.30774
1.98648
1.65754
1.32796
1.00582
0.700102
0.420338
0.176088
-0.0238023
-0.172205
-0.264947
-0.302154
-0.289497
-0.238877
-0.167927
-0.0973439
-0.0454585
-0.0209456
-0.0185323
-0.0240129
-0.0264924
-0.025188
-0.0236547
-0.0232943
-0.0237984
-0.0246022
-0.025238
-0.02554
-0.0256113
-0.0256111
2.57158
3.29163
3.66496
3.90738
4.07604
4.19444
4.2737
4.31944
4.33453
4.32034
4.27739
4.20574
4.10522
3.97569
3.8171
3.62972
3.41424
3.17193
2.90472
2.61541
2.30773
1.98647
1.65753
1.32795
1.00581
0.700096
0.420332
0.176082
-0.0238078
-0.172211
-0.264952
-0.302159
-0.289502
-0.23888
-0.167927
-0.0973427
-0.0454547
-0.0209417
-0.0185263
-0.0240065
-0.0264875
-0.0251835
-0.0236504
-0.0232908
-0.0237947
-0.0245983
-0.0252348
-0.0255356
-0.0256078
-0.0256076
2.57158
3.29163
3.66496
3.90738
4.07603
4.19444
4.27369
4.31943
4.33452
4.32033
4.27738
4.20573
4.10522
3.97568
3.81709
3.62971
3.41424
3.17192
2.90471
2.6154
2.30773
1.98647
1.65753
1.32794
1.00581
0.700091
0.420327
0.176078
-0.0238113
-0.172214
-0.264955
-0.302161
-0.289504
-0.238881
-0.167927
-0.0973417
-0.0454536
-0.0209369
-0.0185233
-0.0240028
-0.026482
-0.0251781
-0.023646
-0.0232865
-0.0237915
-0.0245953
-0.025231
-0.0255325
-0.0256038
-0.0256035
2.57157
3.29162
3.66495
3.90737
4.07603
4.19443
4.27369
4.31943
4.33452
4.32033
4.27738
4.20572
4.10521
3.97567
3.81708
3.62971
3.41423
3.17191
2.9047
2.61539
2.30772
1.98646
1.65752
1.32793
1.0058
0.700082
0.420319
0.17607
-0.0238188
-0.172221
-0.264961
-0.302167
-0.289507
-0.238885
-0.167929
-0.097341
-0.0454497
-0.0209314
-0.0185147
-0.0239943
-0.0264751
-0.0251711
-0.0236391
-0.0232806
-0.0237852
-0.0245892
-0.0252259
-0.025526
-0.0255983
-0.025598
2.57157
3.29162
3.66495
3.90737
4.07602
4.19442
4.27368
4.31942
4.33451
4.32032
4.27737
4.20572
4.1052
3.97566
3.81707
3.6297
3.41422
3.1719
2.90469
2.61538
2.30771
1.98645
1.65751
1.32792
1.00579
0.700073
0.42031
0.176062
-0.0238262
-0.172227
-0.264967
-0.302172
-0.28951
-0.238889
-0.167931
-0.0973398
-0.0454455
-0.0209224
-0.0185081
-0.0239863
-0.0264651
-0.0251617
-0.0236312
-0.0232733
-0.0237798
-0.024584
-0.0252193
-0.0255204
-0.0255912
-0.0255909
)
;
    }
    top
    {
        type            symmetryPlane;
        value           nonuniform List<scalar> 
100
(
-0.0256129
-0.0256161
-0.0256162
-0.02562
-0.0256206
-0.025624
-0.0256248
-0.0256258
-0.025626
-0.0256268
-0.0256112
-0.0256144
-0.0256145
-0.0256183
-0.0256189
-0.0256223
-0.0256231
-0.025624
-0.0256242
-0.0256251
-0.0256078
-0.0256111
-0.0256114
-0.0256149
-0.0256155
-0.0256189
-0.0256197
-0.0256209
-0.0256211
-0.025622
-0.0256048
-0.025608
-0.0256077
-0.0256119
-0.0256125
-0.0256159
-0.0256167
-0.0256173
-0.0256174
-0.0256183
-0.0256004
-0.0256037
-0.0256042
-0.0256075
-0.0256081
-0.0256115
-0.0256123
-0.0256138
-0.0256139
-0.0256148
-0.0255975
-0.0256008
-0.0256005
-0.0256046
-0.0256052
-0.0256087
-0.0256094
-0.02561
-0.0256102
-0.0256111
-0.025593
-0.0255962
-0.0255969
-0.0256001
-0.0256007
-0.0256041
-0.0256049
-0.0256065
-0.0256066
-0.0256076
-0.0255898
-0.025593
-0.0255929
-0.0255969
-0.0255975
-0.0256009
-0.0256017
-0.0256025
-0.0256026
-0.0256035
-0.0255831
-0.0255862
-0.0255873
-0.0255903
-0.0255908
-0.0255942
-0.0255949
-0.0255969
-0.025597
-0.025598
-0.025577
-0.0255802
-0.0255801
-0.0255843
-0.0255848
-0.0255882
-0.025589
-0.0255898
-0.0255899
-0.0255909
)
;
    }
    bottomRoughWall
    {
        type            calculated;
        value           uniform 0;
    }
}


// ************************************************************************* //
