/*--------------------------------*- C++ -*----------------------------------*\
| =========                 |                                                 |
| \\      /  F ield         | foam-extend: Open Source CFD                    |
|  \\    /   O peration     | Version:     3.2                                |
|   \\  /    A nd           | Web:         http://www.foam-extend.org         |
|    \\/     M anipulation  | For copyright notice see file Copyright         |
\*---------------------------------------------------------------------------*/
FoamFile
{
    version     2.0;
    format      ascii;
    class       volScalarField;
    location    "1200000";
    object      epsilon;
}
// * * * * * * * * * * * * * * * * * * * * * * * * * * * * * * * * * * * * * //

dimensions      [0 2 -3 0 0 0 0];

internalField   nonuniform List<scalar> 
5000
(
58.4749
58.475
58.4751
58.4752
58.4751
58.4751
58.4749
58.4749
58.4747
58.4747
26.813
26.8131
26.8132
26.8133
26.8134
26.8134
26.8135
26.8135
26.8135
26.8136
15.8894
15.8894
15.8895
15.8895
15.8896
15.8896
15.8897
15.8897
15.8898
15.8898
11.2545
11.2545
11.2545
11.2546
11.2546
11.2547
11.2547
11.2547
11.2548
11.2548
8.72626
8.72627
8.7263
8.72633
8.72636
8.72638
8.72641
8.72644
8.72647
8.72652
7.11842
7.11843
7.11845
7.11847
7.11849
7.11851
7.11854
7.11856
7.11858
7.11862
5.98515
5.98516
5.98518
5.98519
5.98521
5.98523
5.98525
5.98527
5.98529
5.98532
5.12619
5.12619
5.12621
5.12623
5.12624
5.12626
5.12627
5.12629
5.1263
5.12633
4.43984
4.43985
4.43986
4.43988
4.43989
4.43991
4.43992
4.43993
4.43995
4.43997
3.86978
3.86979
3.8698
3.86981
3.86982
3.86984
3.86985
3.86986
3.86987
3.86989
3.3827
3.38271
3.38272
3.38273
3.38274
3.38275
3.38276
3.38277
3.38278
3.3828
2.95798
2.95798
2.95799
2.958
2.95801
2.95802
2.95803
2.95804
2.95805
2.95806
2.58233
2.58233
2.58234
2.58235
2.58236
2.58237
2.58238
2.58238
2.58239
2.58241
2.24699
2.247
2.247
2.24701
2.24702
2.24702
2.24703
2.24704
2.24704
2.24706
1.94602
1.94602
1.94603
1.94603
1.94604
1.94604
1.94605
1.94606
1.94606
1.94607
1.67529
1.67529
1.67529
1.6753
1.6753
1.67531
1.67531
1.67532
1.67532
1.67533
1.43185
1.43185
1.43186
1.43186
1.43187
1.43187
1.43188
1.43188
1.43188
1.43189
1.21354
1.21354
1.21355
1.21355
1.21355
1.21356
1.21356
1.21356
1.21357
1.21357
1.01865
1.01866
1.01866
1.01866
1.01866
1.01867
1.01867
1.01867
1.01867
1.01868
0.845775
0.845776
0.845778
0.84578
0.845782
0.845784
0.845786
0.845788
0.84579
0.845794
0.693643
0.693643
0.693645
0.693646
0.693647
0.693649
0.69365
0.693652
0.693653
0.693656
0.561052
0.561052
0.561053
0.561054
0.561055
0.561056
0.561057
0.561058
0.561059
0.56106
0.446796
0.446796
0.446797
0.446797
0.446798
0.446798
0.446799
0.446799
0.4468
0.446801
0.349627
0.349628
0.349628
0.349628
0.349628
0.349628
0.349628
0.349629
0.349629
0.349629
0.268237
0.268237
0.268237
0.268237
0.268237
0.268237
0.268237
0.268237
0.268237
0.268237
0.201245
0.201245
0.201245
0.201245
0.201244
0.201244
0.201244
0.201244
0.201243
0.201243
0.147204
0.147204
0.147204
0.147203
0.147203
0.147203
0.147202
0.147202
0.147201
0.147201
0.104619
0.104619
0.104618
0.104618
0.104617
0.104617
0.104616
0.104616
0.104615
0.104614
0.0719717
0.0719715
0.071971
0.0719704
0.0719699
0.0719693
0.0719687
0.0719682
0.0719676
0.0719664
0.047712
0.0477117
0.0477113
0.0477107
0.0477101
0.0477095
0.047709
0.0477084
0.0477078
0.0477066
0.0303109
0.0303106
0.0303102
0.0303097
0.0303092
0.0303086
0.0303081
0.0303076
0.030307
0.0303059
0.0183404
0.0183402
0.0183399
0.0183395
0.018339
0.0183386
0.0183381
0.0183376
0.0183372
0.0183363
0.0105023
0.0105021
0.0105018
0.0105015
0.0105012
0.0105008
0.0105005
0.0105001
0.0104998
0.0104991
0.00565392
0.00565382
0.00565363
0.00565341
0.00565318
0.00565295
0.00565271
0.00565248
0.00565224
0.00565176
0.00284117
0.00284111
0.002841
0.00284088
0.00284074
0.0028406
0.00284046
0.00284033
0.00284019
0.0028399
0.00132179
0.00132176
0.0013217
0.00132164
0.00132157
0.0013215
0.00132143
0.00132136
0.00132129
0.00132115
0.000566077
0.000566064
0.000566041
0.000566014
0.000565985
0.000565956
0.000565926
0.000565897
0.000565867
0.000565806
0.000224793
0.000224789
0.000224782
0.000224774
0.000224765
0.000224756
0.000224747
0.000224738
0.000224728
0.000224709
8.28754e-05
8.28755e-05
8.28757e-05
8.28759e-05
8.28761e-05
8.28764e-05
8.28766e-05
8.28768e-05
8.28771e-05
8.28775e-05
2.79223e-05
2.79231e-05
2.79246e-05
2.79264e-05
2.79283e-05
2.79302e-05
2.79321e-05
2.7934e-05
2.7936e-05
2.794e-05
1.0414e-05
1.04143e-05
1.04149e-05
1.04156e-05
1.04163e-05
1.04171e-05
1.04178e-05
1.04186e-05
1.04193e-05
1.04209e-05
6.55272e-06
6.55274e-06
6.55277e-06
6.55281e-06
6.55285e-06
6.55289e-06
6.55294e-06
6.55298e-06
6.55303e-06
6.55312e-06
6.43457e-06
6.43451e-06
6.43441e-06
6.43429e-06
6.43416e-06
6.43402e-06
6.43389e-06
6.43376e-06
6.43363e-06
6.43336e-06
6.94746e-06
6.94738e-06
6.94723e-06
6.94706e-06
6.94687e-06
6.94669e-06
6.9465e-06
6.94631e-06
6.94612e-06
6.94573e-06
6.81539e-06
6.8153e-06
6.81514e-06
6.81496e-06
6.81476e-06
6.81456e-06
6.81436e-06
6.81415e-06
6.81395e-06
6.81353e-06
5.81138e-06
5.8113e-06
5.81117e-06
5.811e-06
5.81083e-06
5.81065e-06
5.81048e-06
5.8103e-06
5.81012e-06
5.80975e-06
4.36831e-06
4.36826e-06
4.36816e-06
4.36804e-06
4.36791e-06
4.36778e-06
4.36765e-06
4.36752e-06
4.36738e-06
4.36711e-06
3.03084e-06
3.0308e-06
3.03073e-06
3.03065e-06
3.03057e-06
3.03048e-06
3.03039e-06
3.03031e-06
3.03022e-06
3.03004e-06
2.12538e-06
2.12535e-06
2.12531e-06
2.12525e-06
2.12519e-06
2.12514e-06
2.12508e-06
2.12502e-06
2.12496e-06
2.12484e-06
1.69428e-06
1.69426e-06
1.69423e-06
1.69419e-06
1.69414e-06
1.69409e-06
1.69405e-06
1.694e-06
1.69396e-06
1.69386e-06
58.4745
58.4745
58.4746
58.4747
58.4746
58.4746
58.4744
58.4744
58.4742
58.4743
26.8129
26.813
26.813
26.8131
26.8132
26.8133
26.8133
26.8133
26.8133
26.8134
15.8893
15.8893
15.8894
15.8894
15.8895
15.8895
15.8896
15.8896
15.8896
15.8897
11.2544
11.2544
11.2545
11.2545
11.2545
11.2546
11.2546
11.2546
11.2547
11.2547
8.72621
8.72621
8.72623
8.72625
8.72628
8.7263
8.72633
8.72636
8.72638
8.72643
7.11837
7.11837
7.11839
7.1184
7.11842
7.11844
7.11846
7.11849
7.11851
7.11855
5.98511
5.98511
5.98512
5.98514
5.98515
5.98517
5.98519
5.9852
5.98522
5.98525
5.12615
5.12615
5.12616
5.12618
5.12619
5.1262
5.12622
5.12623
5.12624
5.12627
4.43981
4.43981
4.43982
4.43983
4.43985
4.43986
4.43987
4.43988
4.43989
4.43992
3.86975
3.86975
3.86976
3.86977
3.86978
3.86979
3.8698
3.86981
3.86983
3.86985
3.38267
3.38268
3.38269
3.38269
3.3827
3.38271
3.38272
3.38273
3.38274
3.38276
2.95795
2.95795
2.95796
2.95797
2.95798
2.95798
2.95799
2.958
2.95801
2.95803
2.58231
2.58231
2.58231
2.58232
2.58233
2.58234
2.58234
2.58235
2.58236
2.58237
2.24697
2.24697
2.24698
2.24698
2.24699
2.247
2.247
2.24701
2.24702
2.24703
1.946
1.946
1.94601
1.94601
1.94602
1.94602
1.94603
1.94603
1.94604
1.94605
1.67527
1.67527
1.67527
1.67528
1.67528
1.67529
1.67529
1.6753
1.6753
1.67531
1.43184
1.43184
1.43184
1.43185
1.43185
1.43185
1.43186
1.43186
1.43187
1.43187
1.21353
1.21353
1.21353
1.21354
1.21354
1.21354
1.21355
1.21355
1.21355
1.21356
1.01865
1.01865
1.01865
1.01865
1.01865
1.01866
1.01866
1.01866
1.01866
1.01867
0.845768
0.845769
0.845771
0.845772
0.845774
0.845776
0.845778
0.84578
0.845782
0.845786
0.693638
0.693638
0.693639
0.69364
0.693642
0.693643
0.693645
0.693646
0.693647
0.69365
0.561048
0.561048
0.561049
0.56105
0.561051
0.561052
0.561052
0.561053
0.561054
0.561056
0.446793
0.446793
0.446793
0.446794
0.446794
0.446795
0.446795
0.446796
0.446797
0.446798
0.349625
0.349625
0.349625
0.349625
0.349625
0.349625
0.349626
0.349626
0.349626
0.349626
0.268234
0.268234
0.268234
0.268234
0.268234
0.268233
0.268233
0.268233
0.268233
0.268233
0.201242
0.201242
0.201242
0.201242
0.201241
0.201241
0.201241
0.201241
0.20124
0.20124
0.147202
0.147202
0.147201
0.147201
0.1472
0.1472
0.147199
0.147199
0.147199
0.147198
0.104613
0.104613
0.104613
0.104612
0.104612
0.104611
0.10461
0.10461
0.104609
0.104608
0.0719576
0.0719574
0.0719569
0.0719564
0.0719558
0.0719552
0.0719547
0.0719541
0.0719535
0.0719524
0.0477021
0.0477018
0.0477014
0.0477008
0.0477003
0.0476997
0.0476991
0.0476986
0.047698
0.0476968
0.0303077
0.0303075
0.030307
0.0303066
0.030306
0.0303055
0.030305
0.0303045
0.030304
0.0303029
0.0183395
0.0183393
0.018339
0.0183386
0.0183381
0.0183377
0.0183373
0.0183368
0.0183364
0.0183355
0.010502
0.0105018
0.0105016
0.0105013
0.0105009
0.0105006
0.0105003
0.0104999
0.0104996
0.0104989
0.00565397
0.00565387
0.00565368
0.00565347
0.00565324
0.00565301
0.00565278
0.00565255
0.00565231
0.00565183
0.00284147
0.00284141
0.00284131
0.00284118
0.00284105
0.00284091
0.00284077
0.00284064
0.0028405
0.00284021
0.00132212
0.00132209
0.00132204
0.00132198
0.00132191
0.00132184
0.00132177
0.0013217
0.00132163
0.00132149
0.000566343
0.000566331
0.000566308
0.000566281
0.000566252
0.000566223
0.000566194
0.000566164
0.000566135
0.000566073
0.000225044
0.00022504
0.000225033
0.000225025
0.000225016
0.000225007
0.000224998
0.000224989
0.00022498
0.000224961
8.29898e-05
8.29899e-05
8.299e-05
8.29902e-05
8.29904e-05
8.29906e-05
8.29908e-05
8.29909e-05
8.29911e-05
8.29915e-05
2.79505e-05
2.79513e-05
2.79528e-05
2.79546e-05
2.79564e-05
2.79583e-05
2.79602e-05
2.79621e-05
2.7964e-05
2.7968e-05
1.04204e-05
1.04208e-05
1.04213e-05
1.0422e-05
1.04228e-05
1.04235e-05
1.04243e-05
1.0425e-05
1.04258e-05
1.04274e-05
6.55817e-06
6.55819e-06
6.55822e-06
6.55827e-06
6.55831e-06
6.55836e-06
6.55841e-06
6.55845e-06
6.5585e-06
6.5586e-06
6.44182e-06
6.44176e-06
6.44166e-06
6.44154e-06
6.44141e-06
6.44128e-06
6.44115e-06
6.44102e-06
6.44089e-06
6.44062e-06
6.95166e-06
6.95157e-06
6.95142e-06
6.95125e-06
6.95106e-06
6.95087e-06
6.95068e-06
6.95049e-06
6.9503e-06
6.94991e-06
6.81762e-06
6.81753e-06
6.81737e-06
6.81718e-06
6.81698e-06
6.81678e-06
6.81657e-06
6.81637e-06
6.81617e-06
6.81574e-06
5.81145e-06
5.81138e-06
5.81124e-06
5.81107e-06
5.8109e-06
5.81072e-06
5.81055e-06
5.81037e-06
5.81019e-06
5.80982e-06
4.36686e-06
4.3668e-06
4.3667e-06
4.36658e-06
4.36645e-06
4.36632e-06
4.36619e-06
4.36606e-06
4.36593e-06
4.36566e-06
3.02996e-06
3.02992e-06
3.02986e-06
3.02977e-06
3.02969e-06
3.0296e-06
3.02952e-06
3.02943e-06
3.02934e-06
3.02916e-06
2.12515e-06
2.12512e-06
2.12507e-06
2.12502e-06
2.12496e-06
2.1249e-06
2.12485e-06
2.12479e-06
2.12473e-06
2.1246e-06
1.69426e-06
1.69424e-06
1.6942e-06
1.69416e-06
1.69411e-06
1.69407e-06
1.69402e-06
1.69398e-06
1.69393e-06
1.69383e-06
58.4742
58.4743
58.4744
58.4745
58.4743
58.4744
58.4742
58.4742
58.474
58.4741
26.8128
26.8129
26.8129
26.813
26.8131
26.8131
26.8132
26.8132
26.8132
26.8133
15.8893
15.8893
15.8893
15.8894
15.8894
15.8894
15.8895
15.8895
15.8896
15.8896
11.2544
11.2544
11.2544
11.2544
11.2545
11.2545
11.2545
11.2546
11.2546
11.2546
8.72616
8.72616
8.72618
8.7262
8.72623
8.72625
8.72628
8.72631
8.72633
8.72637
7.11833
7.11833
7.11835
7.11836
7.11838
7.1184
7.11842
7.11844
7.11846
7.1185
5.98507
5.98508
5.98509
5.9851
5.98512
5.98513
5.98515
5.98517
5.98518
5.98521
5.12612
5.12612
5.12613
5.12614
5.12616
5.12617
5.12618
5.1262
5.12621
5.12624
4.43978
4.43979
4.4398
4.43981
4.43982
4.43983
4.43984
4.43985
4.43987
4.43989
3.86973
3.86973
3.86974
3.86975
3.86976
3.86977
3.86978
3.86979
3.8698
3.86982
3.38265
3.38266
3.38266
3.38267
3.38268
3.38269
3.3827
3.38271
3.38272
3.38274
2.95793
2.95793
2.95794
2.95795
2.95796
2.95796
2.95797
2.95798
2.95799
2.958
2.58229
2.58229
2.5823
2.5823
2.58231
2.58232
2.58233
2.58233
2.58234
2.58235
2.24696
2.24696
2.24696
2.24697
2.24698
2.24698
2.24699
2.24699
2.247
2.24701
1.94599
1.94599
1.94599
1.946
1.946
1.94601
1.94601
1.94602
1.94603
1.94604
1.67526
1.67526
1.67526
1.67527
1.67527
1.67528
1.67528
1.67529
1.67529
1.6753
1.43183
1.43183
1.43184
1.43184
1.43184
1.43185
1.43185
1.43185
1.43186
1.43187
1.21352
1.21353
1.21353
1.21353
1.21353
1.21354
1.21354
1.21354
1.21355
1.21355
1.01864
1.01864
1.01864
1.01865
1.01865
1.01865
1.01865
1.01865
1.01866
1.01866
0.845765
0.845766
0.845767
0.845769
0.845771
0.845773
0.845774
0.845776
0.845778
0.845782
0.693636
0.693636
0.693637
0.693638
0.69364
0.693641
0.693642
0.693644
0.693645
0.693648
0.561047
0.561047
0.561048
0.561049
0.56105
0.56105
0.561051
0.561052
0.561053
0.561055
0.446792
0.446793
0.446793
0.446793
0.446794
0.446794
0.446795
0.446796
0.446796
0.446797
0.349624
0.349624
0.349625
0.349625
0.349625
0.349625
0.349625
0.349626
0.349626
0.349626
0.268233
0.268233
0.268233
0.268233
0.268233
0.268233
0.268233
0.268233
0.268233
0.268233
0.201242
0.201242
0.201242
0.201241
0.201241
0.201241
0.201241
0.20124
0.20124
0.20124
0.147202
0.147202
0.147201
0.147201
0.147201
0.1472
0.1472
0.147199
0.147199
0.147198
0.104613
0.104612
0.104612
0.104611
0.104611
0.10461
0.10461
0.104609
0.104609
0.104608
0.0719524
0.0719521
0.0719516
0.0719511
0.0719505
0.07195
0.0719494
0.0719488
0.0719483
0.0719471
0.0476918
0.0476915
0.0476911
0.0476905
0.04769
0.0476894
0.0476888
0.0476883
0.0476877
0.0476866
0.0303023
0.0303021
0.0303016
0.0303012
0.0303006
0.0303001
0.0302996
0.0302991
0.0302986
0.0302975
0.018338
0.0183378
0.0183375
0.0183371
0.0183366
0.0183362
0.0183358
0.0183353
0.0183349
0.018334
0.0105017
0.0105016
0.0105013
0.010501
0.0105007
0.0105004
0.0105
0.0104997
0.0104993
0.0104987
0.00565434
0.00565424
0.00565406
0.00565384
0.00565362
0.00565339
0.00565316
0.00565292
0.00565269
0.00565221
0.00284222
0.00284216
0.00284206
0.00284193
0.0028418
0.00284166
0.00284152
0.00284139
0.00284125
0.00284096
0.00132284
0.00132281
0.00132276
0.00132269
0.00132262
0.00132256
0.00132249
0.00132242
0.00132235
0.0013222
0.000566769
0.000566756
0.000566733
0.000566706
0.000566678
0.000566649
0.000566619
0.00056659
0.00056656
0.000566499
0.000225233
0.000225229
0.000225222
0.000225213
0.000225205
0.000225196
0.000225186
0.000225177
0.000225168
0.000225149
8.3035e-05
8.30351e-05
8.30352e-05
8.30354e-05
8.30355e-05
8.30357e-05
8.30358e-05
8.30359e-05
8.3036e-05
8.30363e-05
2.79562e-05
2.7957e-05
2.79585e-05
2.79602e-05
2.79621e-05
2.7964e-05
2.79658e-05
2.79677e-05
2.79696e-05
2.79736e-05
1.04227e-05
1.0423e-05
1.04236e-05
1.04243e-05
1.0425e-05
1.04258e-05
1.04265e-05
1.04273e-05
1.04281e-05
1.04296e-05
6.56337e-06
6.56339e-06
6.56343e-06
6.56348e-06
6.56352e-06
6.56357e-06
6.56362e-06
6.56368e-06
6.56373e-06
6.56384e-06
6.44631e-06
6.44625e-06
6.44615e-06
6.44602e-06
6.44589e-06
6.44576e-06
6.44563e-06
6.4455e-06
6.44537e-06
6.4451e-06
6.95226e-06
6.95217e-06
6.95202e-06
6.95185e-06
6.95166e-06
6.95147e-06
6.95128e-06
6.95109e-06
6.95089e-06
6.9505e-06
6.81753e-06
6.81744e-06
6.81728e-06
6.8171e-06
6.8169e-06
6.81669e-06
6.81649e-06
6.81628e-06
6.81608e-06
6.81566e-06
5.81152e-06
5.81144e-06
5.8113e-06
5.81114e-06
5.81097e-06
5.81079e-06
5.81061e-06
5.81044e-06
5.81026e-06
5.80989e-06
4.36701e-06
4.36695e-06
4.36685e-06
4.36673e-06
4.36661e-06
4.36648e-06
4.36635e-06
4.36622e-06
4.36609e-06
4.36582e-06
3.03036e-06
3.03032e-06
3.03025e-06
3.03017e-06
3.03009e-06
3.03e-06
3.02992e-06
3.02983e-06
3.02974e-06
3.02957e-06
2.12544e-06
2.12542e-06
2.12537e-06
2.12532e-06
2.12526e-06
2.1252e-06
2.12514e-06
2.12508e-06
2.12503e-06
2.1249e-06
1.69433e-06
1.69431e-06
1.69427e-06
1.69423e-06
1.69418e-06
1.69414e-06
1.69409e-06
1.69405e-06
1.694e-06
1.6939e-06
58.474
58.4741
58.4741
58.4742
58.4741
58.4741
58.4739
58.4739
58.4737
58.4738
26.8127
26.8128
26.8128
26.8129
26.813
26.813
26.8131
26.8131
26.8131
26.8132
15.8892
15.8892
15.8892
15.8893
15.8893
15.8894
15.8894
15.8894
15.8895
15.8896
11.2543
11.2543
11.2543
11.2544
11.2544
11.2544
11.2545
11.2545
11.2545
11.2546
8.7261
8.72611
8.72613
8.72615
8.72618
8.7262
8.72623
8.72625
8.72627
8.72633
7.11828
7.11829
7.1183
7.11832
7.11834
7.11836
7.11838
7.1184
7.11841
7.11846
5.98503
5.98504
5.98505
5.98506
5.98508
5.98509
5.98511
5.98513
5.98514
5.98518
5.12608
5.12609
5.1261
5.12611
5.12612
5.12614
5.12615
5.12616
5.12618
5.1262
4.43975
4.43976
4.43976
4.43978
4.43979
4.4398
4.43981
4.43982
4.43983
4.43986
3.8697
3.8697
3.86971
3.86972
3.86973
3.86974
3.86975
3.86976
3.86977
3.86979
3.38263
3.38263
3.38264
3.38265
3.38266
3.38267
3.38268
3.38268
3.38269
3.38271
2.95791
2.95791
2.95792
2.95793
2.95793
2.95794
2.95795
2.95796
2.95797
2.95798
2.58227
2.58227
2.58228
2.58229
2.58229
2.5823
2.58231
2.58231
2.58232
2.58234
2.24694
2.24694
2.24695
2.24695
2.24696
2.24697
2.24697
2.24698
2.24698
2.247
1.94597
1.94598
1.94598
1.94599
1.94599
1.946
1.946
1.94601
1.94601
1.94602
1.67525
1.67525
1.67525
1.67526
1.67526
1.67527
1.67527
1.67528
1.67528
1.67529
1.43182
1.43182
1.43183
1.43183
1.43183
1.43184
1.43184
1.43184
1.43185
1.43186
1.21352
1.21352
1.21352
1.21352
1.21353
1.21353
1.21353
1.21354
1.21354
1.21355
1.01863
1.01864
1.01864
1.01864
1.01864
1.01864
1.01865
1.01865
1.01865
1.01866
0.845761
0.845762
0.845764
0.845765
0.845767
0.845769
0.845771
0.845773
0.845775
0.845778
0.693633
0.693634
0.693635
0.693636
0.693637
0.693639
0.69364
0.693641
0.693643
0.693646
0.561046
0.561046
0.561047
0.561048
0.561048
0.561049
0.56105
0.561051
0.561052
0.561054
0.446792
0.446792
0.446792
0.446793
0.446793
0.446794
0.446795
0.446795
0.446796
0.446797
0.349624
0.349624
0.349624
0.349624
0.349624
0.349624
0.349625
0.349625
0.349625
0.349626
0.268233
0.268233
0.268233
0.268233
0.268233
0.268233
0.268233
0.268232
0.268232
0.268232
0.201241
0.201241
0.201241
0.20124
0.20124
0.20124
0.20124
0.201239
0.201239
0.201239
0.147201
0.147201
0.147201
0.1472
0.1472
0.1472
0.147199
0.147199
0.147198
0.147198
0.104612
0.104612
0.104611
0.104611
0.10461
0.10461
0.104609
0.104609
0.104608
0.104607
0.0719478
0.0719476
0.0719471
0.0719466
0.071946
0.0719455
0.0719449
0.0719443
0.0719438
0.0719427
0.0476822
0.0476819
0.0476815
0.0476809
0.0476804
0.0476798
0.0476793
0.0476787
0.0476782
0.047677
0.0302951
0.0302949
0.0302945
0.030294
0.0302935
0.030293
0.0302925
0.030292
0.0302914
0.0302904
0.0183358
0.0183356
0.0183353
0.0183349
0.0183345
0.018334
0.0183336
0.0183332
0.0183327
0.0183318
0.0105018
0.0105016
0.0105014
0.0105011
0.0105007
0.0105004
0.0105001
0.0104997
0.0104994
0.0104987
0.00565513
0.00565503
0.00565485
0.00565464
0.00565441
0.00565418
0.00565395
0.00565372
0.00565348
0.00565301
0.00284338
0.00284332
0.00284322
0.00284309
0.00284296
0.00284282
0.00284268
0.00284255
0.00284241
0.00284212
0.00132361
0.00132358
0.00132352
0.00132346
0.00132339
0.00132332
0.00132325
0.00132318
0.00132312
0.00132297
0.000567191
0.000567179
0.000567156
0.000567129
0.0005671
0.000567071
0.000567042
0.000567013
0.000566983
0.000566922
0.000225385
0.000225381
0.000225374
0.000225366
0.000225357
0.000225347
0.000225338
0.000225329
0.00022532
0.000225301
8.30586e-05
8.30587e-05
8.30587e-05
8.30588e-05
8.30589e-05
8.3059e-05
8.30591e-05
8.30592e-05
8.30593e-05
8.30595e-05
2.79585e-05
2.79593e-05
2.79608e-05
2.79625e-05
2.79644e-05
2.79662e-05
2.79681e-05
2.797e-05
2.79719e-05
2.79758e-05
1.04256e-05
1.04259e-05
1.04265e-05
1.04272e-05
1.04279e-05
1.04287e-05
1.04294e-05
1.04302e-05
1.04309e-05
1.04325e-05
6.57078e-06
6.5708e-06
6.57084e-06
6.57088e-06
6.57093e-06
6.57098e-06
6.57103e-06
6.57108e-06
6.57113e-06
6.57123e-06
6.44966e-06
6.4496e-06
6.4495e-06
6.44938e-06
6.44925e-06
6.44911e-06
6.44898e-06
6.44885e-06
6.44872e-06
6.44845e-06
6.95066e-06
6.95057e-06
6.95042e-06
6.95024e-06
6.95006e-06
6.94987e-06
6.94967e-06
6.94948e-06
6.94929e-06
6.9489e-06
6.81644e-06
6.81635e-06
6.81619e-06
6.816e-06
6.8158e-06
6.8156e-06
6.8154e-06
6.8152e-06
6.81499e-06
6.81457e-06
5.81262e-06
5.81254e-06
5.81241e-06
5.81224e-06
5.81207e-06
5.8119e-06
5.81172e-06
5.81154e-06
5.81137e-06
5.811e-06
4.3687e-06
4.36865e-06
4.36855e-06
4.36843e-06
4.3683e-06
4.36818e-06
4.36805e-06
4.36792e-06
4.36779e-06
4.36752e-06
3.03154e-06
3.0315e-06
3.03144e-06
3.03136e-06
3.03127e-06
3.03119e-06
3.0311e-06
3.03101e-06
3.03093e-06
3.03075e-06
2.12598e-06
2.12595e-06
2.1259e-06
2.12585e-06
2.12579e-06
2.12573e-06
2.12568e-06
2.12562e-06
2.12556e-06
2.12544e-06
1.6945e-06
1.69448e-06
1.69444e-06
1.6944e-06
1.69436e-06
1.69431e-06
1.69426e-06
1.69422e-06
1.69417e-06
1.69408e-06
58.4738
58.4739
58.474
58.474
58.4739
58.4739
58.4737
58.4737
58.4735
58.4736
26.8126
26.8127
26.8127
26.8128
26.8129
26.8129
26.8129
26.813
26.813
26.8131
15.8891
15.8891
15.8891
15.8892
15.8892
15.8893
15.8893
15.8894
15.8894
15.8895
11.2542
11.2542
11.2543
11.2543
11.2543
11.2544
11.2544
11.2544
11.2545
11.2546
8.72605
8.72606
8.72608
8.7261
8.72612
8.72614
8.72617
8.7262
8.72623
8.72631
7.11824
7.11824
7.11826
7.11828
7.11829
7.11831
7.11833
7.11835
7.11838
7.11844
5.98499
5.985
5.98501
5.98502
5.98504
5.98506
5.98507
5.98509
5.98511
5.98515
5.12605
5.12605
5.12606
5.12607
5.12609
5.1261
5.12611
5.12613
5.12614
5.12618
4.43972
4.43973
4.43974
4.43975
4.43976
4.43977
4.43978
4.43979
4.4398
4.43983
3.86967
3.86968
3.86968
3.86969
3.8697
3.86971
3.86972
3.86973
3.86974
3.86977
3.38261
3.38261
3.38262
3.38263
3.38263
3.38264
3.38265
3.38266
3.38267
3.38269
2.95789
2.95789
2.9579
2.95791
2.95791
2.95792
2.95793
2.95794
2.95795
2.95796
2.58225
2.58226
2.58226
2.58227
2.58228
2.58228
2.58229
2.5823
2.5823
2.58232
2.24693
2.24693
2.24693
2.24694
2.24694
2.24695
2.24696
2.24696
2.24697
2.24698
1.94596
1.94596
1.94597
1.94597
1.94598
1.94598
1.94599
1.94599
1.946
1.94601
1.67524
1.67524
1.67524
1.67525
1.67525
1.67526
1.67526
1.67526
1.67527
1.67528
1.43181
1.43182
1.43182
1.43182
1.43183
1.43183
1.43183
1.43184
1.43184
1.43185
1.21351
1.21351
1.21351
1.21352
1.21352
1.21352
1.21353
1.21353
1.21353
1.21354
1.01863
1.01863
1.01863
1.01864
1.01864
1.01864
1.01864
1.01864
1.01865
1.01865
0.845758
0.845759
0.84576
0.845762
0.845764
0.845766
0.845768
0.845769
0.845771
0.845775
0.693632
0.693632
0.693633
0.693634
0.693636
0.693637
0.693638
0.69364
0.693641
0.693644
0.561045
0.561045
0.561046
0.561047
0.561048
0.561049
0.56105
0.561051
0.561052
0.561054
0.446792
0.446792
0.446793
0.446793
0.446794
0.446794
0.446795
0.446795
0.446796
0.446797
0.349625
0.349625
0.349625
0.349625
0.349625
0.349625
0.349626
0.349626
0.349626
0.349627
0.268233
0.268233
0.268233
0.268233
0.268233
0.268233
0.268233
0.268233
0.268233
0.268233
0.201241
0.201241
0.20124
0.20124
0.20124
0.20124
0.201239
0.201239
0.201239
0.201239
0.147202
0.147201
0.147201
0.147201
0.1472
0.1472
0.147199
0.147199
0.147199
0.147198
0.104612
0.104612
0.104612
0.104611
0.104611
0.10461
0.10461
0.104609
0.104609
0.104608
0.0719459
0.0719456
0.0719452
0.0719446
0.0719441
0.0719435
0.071943
0.0719424
0.0719419
0.0719408
0.0476766
0.0476763
0.0476759
0.0476753
0.0476748
0.0476742
0.0476736
0.0476731
0.0476725
0.0476714
0.0302892
0.0302889
0.0302885
0.030288
0.0302875
0.030287
0.0302865
0.030286
0.0302855
0.0302844
0.0183337
0.0183335
0.0183332
0.0183327
0.0183323
0.0183319
0.0183314
0.018331
0.0183306
0.0183297
0.0105022
0.010502
0.0105017
0.0105014
0.0105011
0.0105008
0.0105004
0.0105001
0.0104998
0.0104991
0.00565652
0.00565642
0.00565624
0.00565603
0.0056558
0.00565557
0.00565534
0.00565511
0.00565488
0.0056544
0.002845
0.00284494
0.00284483
0.00284471
0.00284457
0.00284444
0.0028443
0.00284417
0.00284403
0.00284374
0.00132472
0.00132469
0.00132464
0.00132457
0.00132451
0.00132444
0.00132437
0.0013243
0.00132423
0.00132409
0.000567622
0.00056761
0.000567587
0.00056756
0.000567531
0.000567502
0.000567473
0.000567443
0.000567413
0.000567352
0.000225481
0.000225477
0.00022547
0.000225462
0.000225452
0.000225443
0.000225434
0.000225425
0.000225415
0.000225396
8.30644e-05
8.30644e-05
8.30645e-05
8.30646e-05
8.30646e-05
8.30647e-05
8.30647e-05
8.30648e-05
8.30648e-05
8.3065e-05
2.79483e-05
2.79491e-05
2.79505e-05
2.79522e-05
2.7954e-05
2.79559e-05
2.79577e-05
2.79595e-05
2.79614e-05
2.79652e-05
1.04258e-05
1.04261e-05
1.04267e-05
1.04274e-05
1.04281e-05
1.04289e-05
1.04296e-05
1.04303e-05
1.04311e-05
1.04326e-05
6.57611e-06
6.57613e-06
6.57616e-06
6.5762e-06
6.57624e-06
6.57629e-06
6.57633e-06
6.57638e-06
6.57643e-06
6.57652e-06
6.45196e-06
6.4519e-06
6.4518e-06
6.45168e-06
6.45154e-06
6.45141e-06
6.45128e-06
6.45115e-06
6.45101e-06
6.45074e-06
6.94991e-06
6.94983e-06
6.94968e-06
6.9495e-06
6.94932e-06
6.94913e-06
6.94894e-06
6.94875e-06
6.94856e-06
6.94817e-06
6.81628e-06
6.81619e-06
6.81603e-06
6.81584e-06
6.81565e-06
6.81544e-06
6.81524e-06
6.81504e-06
6.81484e-06
6.81442e-06
5.81441e-06
5.81434e-06
5.8142e-06
5.81404e-06
5.81386e-06
5.81369e-06
5.81351e-06
5.81334e-06
5.81316e-06
5.8128e-06
4.37046e-06
4.3704e-06
4.3703e-06
4.37018e-06
4.37006e-06
4.36993e-06
4.3698e-06
4.36967e-06
4.36954e-06
4.36927e-06
3.03249e-06
3.03246e-06
3.03239e-06
3.03231e-06
3.03223e-06
3.03214e-06
3.03205e-06
3.03197e-06
3.03188e-06
3.0317e-06
2.12636e-06
2.12634e-06
2.12629e-06
2.12624e-06
2.12618e-06
2.12612e-06
2.12606e-06
2.126e-06
2.12594e-06
2.12582e-06
1.69464e-06
1.69462e-06
1.69458e-06
1.69454e-06
1.6945e-06
1.69445e-06
1.6944e-06
1.69436e-06
1.69431e-06
1.69422e-06
58.4737
58.4737
58.4738
58.4739
58.4737
58.4737
58.4735
58.4735
58.4733
58.4735
26.8125
26.8125
26.8126
26.8127
26.8127
26.8128
26.8128
26.8129
26.813
26.8131
15.889
15.889
15.889
15.8891
15.8891
15.8892
15.8892
15.8893
15.8894
15.8895
11.2542
11.2542
11.2542
11.2542
11.2543
11.2543
11.2543
11.2544
11.2545
11.2546
8.72599
8.726
8.72602
8.72604
8.72606
8.72609
8.72613
8.72617
8.72622
8.72631
7.11819
7.1182
7.11821
7.11823
7.11825
7.11827
7.11829
7.11832
7.11836
7.11843
5.98496
5.98496
5.98497
5.98499
5.985
5.98502
5.98504
5.98506
5.98509
5.98515
5.12602
5.12602
5.12603
5.12604
5.12605
5.12607
5.12609
5.1261
5.12613
5.12617
4.43969
4.4397
4.43971
4.43972
4.43973
4.43974
4.43975
4.43977
4.43979
4.43983
3.86965
3.86965
3.86966
3.86967
3.86968
3.86969
3.8697
3.86971
3.86973
3.86976
3.38258
3.38259
3.38259
3.3826
3.38261
3.38262
3.38263
3.38264
3.38265
3.38268
2.95787
2.95787
2.95788
2.95789
2.95789
2.9579
2.95791
2.95792
2.95793
2.95795
2.58224
2.58224
2.58224
2.58225
2.58226
2.58226
2.58227
2.58228
2.58229
2.58231
2.24691
2.24691
2.24692
2.24692
2.24693
2.24694
2.24694
2.24695
2.24695
2.24697
1.94595
1.94595
1.94596
1.94596
1.94596
1.94597
1.94598
1.94598
1.94599
1.946
1.67523
1.67523
1.67523
1.67524
1.67524
1.67525
1.67525
1.67525
1.67526
1.67527
1.43181
1.43181
1.43181
1.43181
1.43182
1.43182
1.43182
1.43183
1.43183
1.43184
1.2135
1.21351
1.21351
1.21351
1.21351
1.21352
1.21352
1.21352
1.21353
1.21353
1.01863
1.01863
1.01863
1.01863
1.01863
1.01864
1.01864
1.01864
1.01864
1.01865
0.845755
0.845756
0.845757
0.845759
0.845761
0.845763
0.845764
0.845766
0.845768
0.845772
0.69363
0.69363
0.693631
0.693632
0.693634
0.693635
0.693636
0.693638
0.693639
0.693642
0.561045
0.561045
0.561046
0.561046
0.561047
0.561048
0.561049
0.56105
0.561051
0.561053
0.446792
0.446792
0.446793
0.446793
0.446794
0.446794
0.446795
0.446795
0.446796
0.446797
0.349625
0.349625
0.349625
0.349625
0.349626
0.349626
0.349626
0.349626
0.349627
0.349627
0.268234
0.268234
0.268234
0.268234
0.268233
0.268233
0.268233
0.268233
0.268233
0.268233
0.201241
0.201241
0.20124
0.20124
0.20124
0.20124
0.201239
0.201239
0.201239
0.201239
0.147202
0.147201
0.147201
0.147201
0.1472
0.1472
0.1472
0.147199
0.147199
0.147198
0.104613
0.104613
0.104612
0.104612
0.104611
0.104611
0.10461
0.10461
0.104609
0.104608
0.0719442
0.0719439
0.0719434
0.0719429
0.0719423
0.0719418
0.0719412
0.0719407
0.0719401
0.071939
0.0476704
0.0476702
0.0476697
0.0476692
0.0476686
0.0476681
0.0476675
0.047667
0.0476664
0.0476653
0.0302826
0.0302824
0.030282
0.0302815
0.030281
0.0302805
0.03028
0.0302795
0.030279
0.0302779
0.018331
0.0183308
0.0183304
0.01833
0.0183296
0.0183292
0.0183287
0.0183283
0.0183279
0.018327
0.0105025
0.0105024
0.0105021
0.0105018
0.0105015
0.0105011
0.0105008
0.0105005
0.0105001
0.0104994
0.00565833
0.00565823
0.00565805
0.00565784
0.00565761
0.00565738
0.00565715
0.00565692
0.00565669
0.00565621
0.00284683
0.00284677
0.00284667
0.00284654
0.00284641
0.00284627
0.00284613
0.002846
0.00284586
0.00284558
0.00132568
0.00132565
0.00132559
0.00132553
0.00132546
0.0013254
0.00132533
0.00132526
0.00132519
0.00132505
0.00056789
0.000567877
0.000567854
0.000567827
0.000567798
0.000567769
0.000567739
0.00056771
0.00056768
0.000567619
0.000225516
0.000225512
0.000225505
0.000225496
0.000225487
0.000225478
0.000225469
0.000225459
0.00022545
0.000225431
8.30312e-05
8.30313e-05
8.30313e-05
8.30314e-05
8.30314e-05
8.30315e-05
8.30315e-05
8.30316e-05
8.30316e-05
8.30317e-05
2.79272e-05
2.7928e-05
2.79294e-05
2.79311e-05
2.79329e-05
2.79348e-05
2.79366e-05
2.79385e-05
2.79403e-05
2.79442e-05
1.04248e-05
1.04251e-05
1.04257e-05
1.04264e-05
1.04271e-05
1.04278e-05
1.04286e-05
1.04293e-05
1.043e-05
1.04316e-05
6.57911e-06
6.57913e-06
6.57916e-06
6.5792e-06
6.57924e-06
6.57928e-06
6.57932e-06
6.57937e-06
6.57941e-06
6.5795e-06
6.4535e-06
6.45345e-06
6.45334e-06
6.45322e-06
6.45309e-06
6.45295e-06
6.45282e-06
6.45269e-06
6.45256e-06
6.45228e-06
6.95015e-06
6.95007e-06
6.94992e-06
6.94975e-06
6.94956e-06
6.94938e-06
6.94919e-06
6.949e-06
6.94881e-06
6.94842e-06
6.81765e-06
6.81756e-06
6.8174e-06
6.81721e-06
6.81702e-06
6.81682e-06
6.81662e-06
6.81642e-06
6.81621e-06
6.8158e-06
5.81609e-06
5.81602e-06
5.81588e-06
5.81571e-06
5.81554e-06
5.81537e-06
5.81519e-06
5.81502e-06
5.81484e-06
5.81447e-06
4.37159e-06
4.37154e-06
4.37143e-06
4.37132e-06
4.37119e-06
4.37106e-06
4.37093e-06
4.3708e-06
4.37067e-06
4.3704e-06
3.03312e-06
3.03308e-06
3.03301e-06
3.03293e-06
3.03285e-06
3.03276e-06
3.03268e-06
3.03259e-06
3.0325e-06
3.03232e-06
2.12664e-06
2.12662e-06
2.12657e-06
2.12652e-06
2.12646e-06
2.1264e-06
2.12634e-06
2.12628e-06
2.12623e-06
2.1261e-06
1.69475e-06
1.69473e-06
1.69469e-06
1.69465e-06
1.69461e-06
1.69456e-06
1.69451e-06
1.69447e-06
1.69442e-06
1.69433e-06
58.4736
58.4736
58.4736
58.4737
58.4735
58.4735
58.4733
58.4734
58.4732
58.4734
26.8124
26.8124
26.8125
26.8125
26.8126
26.8127
26.8128
26.8129
26.813
26.8131
15.8889
15.8889
15.8889
15.889
15.8891
15.8891
15.8892
15.8893
15.8894
15.8895
11.2541
11.2541
11.2541
11.2542
11.2542
11.2543
11.2543
11.2544
11.2545
11.2546
8.72594
8.72595
8.72596
8.72599
8.72602
8.72606
8.72611
8.72616
8.72622
8.72631
7.11815
7.11815
7.11817
7.11818
7.11821
7.11824
7.11828
7.11832
7.11836
7.11844
5.98492
5.98492
5.98493
5.98495
5.98497
5.98499
5.98502
5.98505
5.98509
5.98515
5.12598
5.12599
5.126
5.12601
5.12603
5.12605
5.12607
5.1261
5.12612
5.12617
4.43966
4.43967
4.43968
4.43969
4.4397
4.43972
4.43974
4.43976
4.43978
4.43982
3.86962
3.86962
3.86963
3.86964
3.86965
3.86967
3.86968
3.8697
3.86972
3.86976
3.38256
3.38257
3.38257
3.38258
3.38259
3.3826
3.38262
3.38263
3.38265
3.38268
2.95785
2.95785
2.95786
2.95787
2.95787
2.95789
2.9579
2.95791
2.95792
2.95795
2.58222
2.58222
2.58223
2.58223
2.58224
2.58225
2.58226
2.58227
2.58228
2.5823
2.2469
2.2469
2.2469
2.24691
2.24692
2.24692
2.24693
2.24694
2.24695
2.24697
1.94594
1.94594
1.94594
1.94595
1.94595
1.94596
1.94596
1.94597
1.94598
1.94599
1.67522
1.67522
1.67522
1.67523
1.67523
1.67524
1.67524
1.67525
1.67525
1.67526
1.4318
1.4318
1.4318
1.43181
1.43181
1.43181
1.43182
1.43182
1.43183
1.43184
1.2135
1.2135
1.2135
1.2135
1.21351
1.21351
1.21351
1.21352
1.21352
1.21353
1.01862
1.01862
1.01862
1.01863
1.01863
1.01863
1.01863
1.01864
1.01864
1.01864
0.845752
0.845753
0.845755
0.845756
0.845758
0.84576
0.845761
0.845763
0.845766
0.84577
0.693628
0.693629
0.69363
0.693631
0.693632
0.693633
0.693635
0.693636
0.693638
0.693641
0.561044
0.561044
0.561045
0.561046
0.561047
0.561048
0.561049
0.561049
0.561051
0.561053
0.446792
0.446793
0.446793
0.446793
0.446794
0.446795
0.446795
0.446796
0.446796
0.446798
0.349626
0.349626
0.349626
0.349626
0.349627
0.349627
0.349627
0.349627
0.349628
0.349628
0.268235
0.268235
0.268235
0.268235
0.268235
0.268235
0.268235
0.268235
0.268235
0.268235
0.201242
0.201242
0.201242
0.201241
0.201241
0.201241
0.201241
0.20124
0.20124
0.20124
0.147203
0.147203
0.147202
0.147202
0.147201
0.147201
0.147201
0.1472
0.1472
0.147199
0.104616
0.104616
0.104615
0.104615
0.104614
0.104614
0.104613
0.104613
0.104612
0.104611
0.0719455
0.0719453
0.0719448
0.0719443
0.0719437
0.0719431
0.0719426
0.0719421
0.0719415
0.0719404
0.0476673
0.0476671
0.0476666
0.0476661
0.0476656
0.047665
0.0476644
0.0476639
0.0476634
0.0476622
0.0302777
0.0302775
0.0302771
0.0302766
0.0302761
0.0302756
0.0302751
0.0302746
0.0302741
0.030273
0.0183285
0.0183283
0.0183279
0.0183275
0.0183271
0.0183267
0.0183262
0.0183258
0.0183254
0.0183245
0.0105032
0.0105031
0.0105028
0.0105025
0.0105021
0.0105018
0.0105015
0.0105011
0.0105008
0.0105001
0.0056605
0.0056604
0.00566022
0.00566001
0.00565978
0.00565955
0.00565932
0.00565909
0.00565886
0.00565838
0.00284887
0.00284881
0.0028487
0.00284858
0.00284844
0.00284831
0.00284817
0.00284804
0.0028479
0.00284762
0.00132668
0.00132665
0.0013266
0.00132653
0.00132647
0.0013264
0.00132633
0.00132626
0.00132619
0.00132605
0.000568029
0.000568016
0.000567993
0.000567966
0.000567937
0.000567908
0.000567878
0.000567849
0.000567819
0.000567758
0.000225527
0.000225523
0.000225516
0.000225507
0.000225498
0.000225489
0.00022548
0.000225471
0.000225461
0.000225442
8.3006e-05
8.30061e-05
8.30062e-05
8.30063e-05
8.30064e-05
8.30065e-05
8.30066e-05
8.30067e-05
8.30068e-05
8.30071e-05
2.79139e-05
2.79147e-05
2.79161e-05
2.79178e-05
2.79197e-05
2.79215e-05
2.79234e-05
2.79252e-05
2.79271e-05
2.7931e-05
1.04223e-05
1.04226e-05
1.04232e-05
1.04239e-05
1.04246e-05
1.04253e-05
1.04261e-05
1.04268e-05
1.04275e-05
1.04291e-05
6.58041e-06
6.58042e-06
6.58045e-06
6.58049e-06
6.58053e-06
6.58057e-06
6.58061e-06
6.58065e-06
6.58069e-06
6.58078e-06
6.45466e-06
6.45461e-06
6.4545e-06
6.45438e-06
6.45425e-06
6.45411e-06
6.45398e-06
6.45385e-06
6.45372e-06
6.45344e-06
6.95147e-06
6.95138e-06
6.95124e-06
6.95106e-06
6.95088e-06
6.95069e-06
6.95051e-06
6.95032e-06
6.95013e-06
6.94975e-06
6.81929e-06
6.8192e-06
6.81904e-06
6.81886e-06
6.81866e-06
6.81846e-06
6.81826e-06
6.81806e-06
6.81785e-06
6.81744e-06
5.81721e-06
5.81714e-06
5.817e-06
5.81684e-06
5.81667e-06
5.81649e-06
5.81631e-06
5.81614e-06
5.81596e-06
5.8156e-06
4.37236e-06
4.3723e-06
4.3722e-06
4.37208e-06
4.37196e-06
4.37183e-06
4.3717e-06
4.37157e-06
4.37144e-06
4.37117e-06
3.03358e-06
3.03354e-06
3.03347e-06
3.03339e-06
3.03331e-06
3.03322e-06
3.03314e-06
3.03305e-06
3.03296e-06
3.03279e-06
2.12687e-06
2.12684e-06
2.1268e-06
2.12674e-06
2.12669e-06
2.12663e-06
2.12657e-06
2.12651e-06
2.12645e-06
2.12633e-06
1.69485e-06
1.69483e-06
1.6948e-06
1.69475e-06
1.69471e-06
1.69466e-06
1.69462e-06
1.69457e-06
1.69453e-06
1.69443e-06
58.4734
58.4735
58.4735
58.4736
58.4734
58.4734
58.4732
58.4733
58.4732
58.4733
26.8122
26.8122
26.8123
26.8124
26.8126
26.8127
26.8128
26.8129
26.813
26.8131
15.8888
15.8888
15.8889
15.8889
15.889
15.8891
15.8892
15.8893
15.8894
15.8896
11.254
11.254
11.2541
11.2541
11.2542
11.2543
11.2543
11.2544
11.2545
11.2546
8.72589
8.72589
8.72592
8.72595
8.726
8.72605
8.72611
8.72616
8.72622
8.72632
7.1181
7.11811
7.11813
7.11815
7.11819
7.11823
7.11828
7.11832
7.11836
7.11844
5.98488
5.98489
5.9849
5.98492
5.98495
5.98498
5.98502
5.98506
5.98509
5.98515
5.12595
5.12596
5.12597
5.12599
5.12601
5.12604
5.12607
5.1261
5.12612
5.12617
4.43964
4.43964
4.43965
4.43967
4.43969
4.43971
4.43973
4.43976
4.43978
4.43982
3.8696
3.8696
3.86961
3.86962
3.86964
3.86966
3.86968
3.8697
3.86972
3.86975
3.38254
3.38254
3.38255
3.38256
3.38258
3.38259
3.38261
3.38263
3.38264
3.38267
2.95783
2.95783
2.95784
2.95785
2.95786
2.95788
2.95789
2.95791
2.95792
2.95795
2.5822
2.58221
2.58221
2.58222
2.58223
2.58224
2.58225
2.58227
2.58228
2.5823
2.24688
2.24689
2.24689
2.2469
2.24691
2.24692
2.24693
2.24694
2.24695
2.24696
1.94593
1.94593
1.94593
1.94594
1.94594
1.94595
1.94596
1.94597
1.94598
1.94599
1.67521
1.67521
1.67521
1.67522
1.67522
1.67523
1.67524
1.67524
1.67525
1.67526
1.43179
1.43179
1.43179
1.4318
1.4318
1.43181
1.43181
1.43182
1.43182
1.43183
1.21349
1.21349
1.2135
1.2135
1.2135
1.21351
1.21351
1.21351
1.21352
1.21353
1.01862
1.01862
1.01862
1.01862
1.01862
1.01863
1.01863
1.01863
1.01864
1.01864
0.84575
0.84575
0.845752
0.845753
0.845755
0.845757
0.845759
0.845762
0.845764
0.845769
0.693626
0.693627
0.693628
0.693629
0.69363
0.693632
0.693633
0.693635
0.693637
0.69364
0.561043
0.561044
0.561044
0.561045
0.561046
0.561047
0.561048
0.561049
0.56105
0.561052
0.446793
0.446793
0.446793
0.446794
0.446794
0.446795
0.446795
0.446796
0.446797
0.446798
0.349627
0.349627
0.349627
0.349627
0.349627
0.349627
0.349628
0.349628
0.349628
0.349629
0.268236
0.268236
0.268236
0.268236
0.268236
0.268236
0.268236
0.268236
0.268236
0.268236
0.201243
0.201243
0.201242
0.201242
0.201242
0.201242
0.201241
0.201241
0.201241
0.201241
0.147203
0.147203
0.147203
0.147202
0.147202
0.147202
0.147201
0.147201
0.147201
0.1472
0.104618
0.104618
0.104617
0.104617
0.104616
0.104616
0.104615
0.104615
0.104614
0.104613
0.0719481
0.0719478
0.0719474
0.0719468
0.0719463
0.0719457
0.0719452
0.0719446
0.0719441
0.071943
0.0476657
0.0476654
0.047665
0.0476644
0.0476639
0.0476633
0.0476627
0.0476622
0.0476617
0.0476605
0.0302727
0.0302725
0.0302721
0.0302716
0.0302711
0.0302706
0.0302701
0.0302696
0.0302691
0.030268
0.0183257
0.0183255
0.0183251
0.0183247
0.0183243
0.0183239
0.0183234
0.018323
0.0183226
0.0183217
0.0105036
0.0105034
0.0105032
0.0105028
0.0105025
0.0105022
0.0105019
0.0105015
0.0105012
0.0105005
0.00566257
0.00566247
0.00566229
0.00566207
0.00566185
0.00566162
0.00566139
0.00566116
0.00566093
0.00566045
0.00285057
0.00285051
0.00285041
0.00285028
0.00285015
0.00285001
0.00284988
0.00284974
0.00284961
0.00284932
0.00132714
0.00132711
0.00132706
0.001327
0.00132693
0.00132686
0.00132679
0.00132672
0.00132665
0.00132651
0.000568022
0.000568009
0.000567987
0.000567959
0.000567931
0.000567902
0.000567872
0.000567843
0.000567813
0.000567752
0.000225488
0.000225485
0.000225477
0.000225469
0.00022546
0.000225451
0.000225442
0.000225433
0.000225423
0.000225404
8.29912e-05
8.29913e-05
8.29914e-05
8.29915e-05
8.29917e-05
8.29918e-05
8.29919e-05
8.29921e-05
8.29922e-05
8.29925e-05
2.79067e-05
2.79076e-05
2.7909e-05
2.79108e-05
2.79126e-05
2.79144e-05
2.79163e-05
2.79182e-05
2.79201e-05
2.7924e-05
1.04204e-05
1.04207e-05
1.04213e-05
1.0422e-05
1.04227e-05
1.04235e-05
1.04242e-05
1.04249e-05
1.04257e-05
1.04272e-05
6.58087e-06
6.58089e-06
6.58092e-06
6.58095e-06
6.58099e-06
6.58103e-06
6.58107e-06
6.58111e-06
6.58115e-06
6.58124e-06
6.45535e-06
6.45529e-06
6.45519e-06
6.45506e-06
6.45493e-06
6.4548e-06
6.45467e-06
6.45454e-06
6.4544e-06
6.45413e-06
6.95246e-06
6.95237e-06
6.95223e-06
6.95205e-06
6.95187e-06
6.95168e-06
6.95149e-06
6.95131e-06
6.95112e-06
6.95073e-06
6.82026e-06
6.82017e-06
6.82001e-06
6.81983e-06
6.81963e-06
6.81943e-06
6.81923e-06
6.81903e-06
6.81882e-06
6.81841e-06
5.81807e-06
5.81799e-06
5.81785e-06
5.81769e-06
5.81752e-06
5.81734e-06
5.81717e-06
5.81699e-06
5.81681e-06
5.81645e-06
4.37301e-06
4.37296e-06
4.37286e-06
4.37274e-06
4.37261e-06
4.37248e-06
4.37235e-06
4.37223e-06
4.3721e-06
4.37183e-06
3.034e-06
3.03396e-06
3.03389e-06
3.03381e-06
3.03373e-06
3.03364e-06
3.03356e-06
3.03347e-06
3.03338e-06
3.03321e-06
2.12708e-06
2.12706e-06
2.12701e-06
2.12696e-06
2.1269e-06
2.12684e-06
2.12678e-06
2.12672e-06
2.12666e-06
2.12654e-06
1.69495e-06
1.69493e-06
1.69489e-06
1.69485e-06
1.6948e-06
1.69476e-06
1.69471e-06
1.69467e-06
1.69462e-06
1.69453e-06
58.4733
58.4733
58.4734
58.4735
58.4733
58.4733
58.4732
58.4732
58.4731
58.4732
26.8121
26.8121
26.8122
26.8124
26.8125
26.8126
26.8128
26.8129
26.813
26.8131
15.8887
15.8887
15.8888
15.8889
15.889
15.8891
15.8892
15.8893
15.8894
15.8896
11.254
11.254
11.254
11.2541
11.2542
11.2543
11.2543
11.2544
11.2545
11.2546
8.72584
8.72586
8.72589
8.72594
8.72599
8.72605
8.72611
8.72618
8.72625
8.72635
7.11806
7.11808
7.11811
7.11814
7.11818
7.11823
7.11828
7.11833
7.11837
7.11846
5.98485
5.98486
5.98488
5.98492
5.98495
5.98498
5.98502
5.98506
5.98509
5.98516
5.12592
5.12593
5.12595
5.12598
5.12601
5.12603
5.12606
5.1261
5.12613
5.12618
4.43961
4.43962
4.43964
4.43966
4.43968
4.43971
4.43973
4.43976
4.43978
4.43983
3.86958
3.86958
3.8696
3.86962
3.86964
3.86966
3.86968
3.8697
3.86972
3.86976
3.38252
3.38253
3.38254
3.38256
3.38257
3.38259
3.38261
3.38263
3.38265
3.38268
2.95782
2.95782
2.95783
2.95785
2.95786
2.95787
2.95789
2.9579
2.95792
2.95795
2.58219
2.58219
2.5822
2.58222
2.58223
2.58224
2.58225
2.58226
2.58228
2.5823
2.24687
2.24688
2.24688
2.24689
2.2469
2.24691
2.24692
2.24693
2.24694
2.24696
1.94592
1.94592
1.94593
1.94593
1.94594
1.94595
1.94596
1.94597
1.94598
1.94599
1.6752
1.6752
1.67521
1.67521
1.67522
1.67523
1.67524
1.67524
1.67525
1.67526
1.43178
1.43179
1.43179
1.4318
1.4318
1.43181
1.43181
1.43182
1.43182
1.43183
1.21349
1.21349
1.21349
1.2135
1.2135
1.21351
1.21351
1.21351
1.21352
1.21353
1.01861
1.01861
1.01862
1.01862
1.01862
1.01863
1.01863
1.01863
1.01864
1.01864
0.845747
0.845748
0.84575
0.845752
0.845754
0.845756
0.845759
0.845761
0.845764
0.845769
0.693625
0.693625
0.693627
0.693628
0.69363
0.693631
0.693633
0.693635
0.693636
0.69364
0.561042
0.561043
0.561043
0.561044
0.561045
0.561046
0.561048
0.561049
0.56105
0.561052
0.446793
0.446793
0.446793
0.446794
0.446794
0.446795
0.446795
0.446796
0.446797
0.446798
0.349627
0.349627
0.349627
0.349627
0.349628
0.349628
0.349628
0.349628
0.349629
0.34963
0.268237
0.268237
0.268237
0.268237
0.268237
0.268237
0.268237
0.268236
0.268237
0.268237
0.201244
0.201244
0.201243
0.201243
0.201243
0.201243
0.201242
0.201242
0.201242
0.201242
0.147204
0.147204
0.147204
0.147203
0.147203
0.147202
0.147202
0.147202
0.147201
0.147201
0.10462
0.104619
0.104619
0.104618
0.104618
0.104617
0.104617
0.104616
0.104616
0.104615
0.0719538
0.0719535
0.0719531
0.0719525
0.071952
0.0719514
0.0719508
0.0719503
0.0719498
0.0719487
0.0476676
0.0476673
0.0476669
0.0476663
0.0476658
0.0476652
0.0476647
0.0476641
0.0476636
0.0476625
0.0302694
0.0302691
0.0302687
0.0302682
0.0302677
0.0302672
0.0302667
0.0302662
0.0302657
0.0302647
0.0183228
0.0183226
0.0183223
0.0183219
0.0183215
0.018321
0.0183206
0.0183202
0.0183197
0.0183188
0.010504
0.0105038
0.0105036
0.0105033
0.0105029
0.0105026
0.0105023
0.0105019
0.0105016
0.0105009
0.00566468
0.00566458
0.0056644
0.00566418
0.00566396
0.00566373
0.0056635
0.00566327
0.00566304
0.00566257
0.00285229
0.00285224
0.00285213
0.002852
0.00285187
0.00285174
0.0028516
0.00285146
0.00285133
0.00285105
0.00132747
0.00132744
0.00132738
0.00132732
0.00132725
0.00132718
0.00132712
0.00132705
0.00132698
0.00132684
0.000567987
0.000567975
0.000567952
0.000567925
0.000567897
0.000567868
0.000567838
0.000567809
0.00056778
0.000567719
0.00022548
0.000225476
0.000225469
0.000225461
0.000225452
0.000225443
0.000225434
0.000225425
0.000225415
0.000225396
8.29858e-05
8.29859e-05
8.2986e-05
8.29861e-05
8.29863e-05
8.29864e-05
8.29866e-05
8.29867e-05
8.29869e-05
8.29872e-05
2.79033e-05
2.79041e-05
2.79055e-05
2.79073e-05
2.79091e-05
2.7911e-05
2.79128e-05
2.79147e-05
2.79166e-05
2.79205e-05
1.04194e-05
1.04197e-05
1.04202e-05
1.04209e-05
1.04217e-05
1.04224e-05
1.04231e-05
1.04239e-05
1.04246e-05
1.04261e-05
6.58103e-06
6.58105e-06
6.58107e-06
6.58111e-06
6.58115e-06
6.58119e-06
6.58123e-06
6.58127e-06
6.58131e-06
6.5814e-06
6.45567e-06
6.45561e-06
6.4555e-06
6.45538e-06
6.45525e-06
6.45512e-06
6.45498e-06
6.45485e-06
6.45472e-06
6.45444e-06
6.95288e-06
6.9528e-06
6.95266e-06
6.95248e-06
6.9523e-06
6.95211e-06
6.95192e-06
6.95174e-06
6.95155e-06
6.95116e-06
6.82079e-06
6.8207e-06
6.82054e-06
6.82036e-06
6.82016e-06
6.81996e-06
6.81976e-06
6.81956e-06
6.81935e-06
6.81894e-06
5.81861e-06
5.81853e-06
5.81839e-06
5.81823e-06
5.81806e-06
5.81788e-06
5.81771e-06
5.81753e-06
5.81735e-06
5.81699e-06
4.3734e-06
4.37334e-06
4.37324e-06
4.37312e-06
4.373e-06
4.37287e-06
4.37274e-06
4.37261e-06
4.37248e-06
4.37221e-06
3.03422e-06
3.03418e-06
3.03412e-06
3.03404e-06
3.03395e-06
3.03387e-06
3.03378e-06
3.0337e-06
3.03361e-06
3.03343e-06
2.1272e-06
2.12717e-06
2.12713e-06
2.12707e-06
2.12702e-06
2.12696e-06
2.1269e-06
2.12684e-06
2.12678e-06
2.12666e-06
1.69502e-06
1.695e-06
1.69496e-06
1.69492e-06
1.69488e-06
1.69483e-06
1.69479e-06
1.69474e-06
1.69469e-06
1.6946e-06
58.4731
58.4733
58.4734
58.4734
58.4733
58.4733
58.4732
58.4731
58.473
58.4731
26.812
26.8121
26.8122
26.8124
26.8126
26.8127
26.8128
26.813
26.8131
26.8131
15.8887
15.8887
15.8888
15.8889
15.8891
15.8892
15.8893
15.8894
15.8895
15.8896
11.2539
11.254
11.254
11.2541
11.2542
11.2543
11.2544
11.2545
11.2546
11.2546
8.72581
8.72584
8.72589
8.72595
8.72602
8.72609
8.72616
8.72623
8.72629
8.72637
7.11804
7.11807
7.11811
7.11815
7.1182
7.11825
7.11831
7.11836
7.11841
7.11847
5.98483
5.98485
5.98488
5.98492
5.98496
5.985
5.98504
5.98508
5.98512
5.98517
5.12591
5.12592
5.12595
5.12598
5.12602
5.12605
5.12608
5.12612
5.12615
5.12619
4.4396
4.43961
4.43964
4.43966
4.43969
4.43972
4.43975
4.43978
4.4398
4.43984
3.86956
3.86958
3.8696
3.86962
3.86964
3.86967
3.86969
3.86972
3.86974
3.86977
3.38251
3.38252
3.38254
3.38256
3.38258
3.3826
3.38262
3.38264
3.38266
3.38269
2.95781
2.95782
2.95783
2.95785
2.95787
2.95788
2.9579
2.95792
2.95793
2.95796
2.58218
2.58219
2.5822
2.58222
2.58223
2.58225
2.58226
2.58228
2.58229
2.58231
2.24687
2.24687
2.24688
2.24689
2.24691
2.24692
2.24693
2.24694
2.24695
2.24697
1.94591
1.94592
1.94592
1.94593
1.94594
1.94595
1.94596
1.94597
1.94598
1.946
1.6752
1.6752
1.67521
1.67521
1.67522
1.67523
1.67524
1.67525
1.67525
1.67527
1.43178
1.43178
1.43179
1.4318
1.4318
1.43181
1.43181
1.43182
1.43183
1.43184
1.21349
1.21349
1.21349
1.2135
1.2135
1.21351
1.21351
1.21352
1.21352
1.21353
1.01861
1.01861
1.01862
1.01862
1.01862
1.01863
1.01863
1.01863
1.01864
1.01864
0.845746
0.845747
0.845749
0.845751
0.845754
0.845757
0.845759
0.845762
0.845765
0.84577
0.693624
0.693625
0.693626
0.693628
0.69363
0.693631
0.693633
0.693635
0.693637
0.69364
0.561042
0.561042
0.561043
0.561044
0.561045
0.561047
0.561048
0.561049
0.56105
0.561053
0.446792
0.446793
0.446793
0.446794
0.446794
0.446795
0.446795
0.446796
0.446797
0.446798
0.349627
0.349627
0.349627
0.349628
0.349628
0.349628
0.349628
0.349629
0.349629
0.34963
0.268237
0.268237
0.268237
0.268237
0.268237
0.268237
0.268237
0.268237
0.268237
0.268237
0.201244
0.201244
0.201244
0.201243
0.201243
0.201243
0.201243
0.201242
0.201242
0.201242
0.147204
0.147204
0.147204
0.147203
0.147203
0.147202
0.147202
0.147202
0.147201
0.147201
0.10462
0.10462
0.104619
0.104619
0.104618
0.104618
0.104617
0.104617
0.104616
0.104615
0.0719576
0.0719574
0.0719569
0.0719563
0.0719558
0.0719552
0.0719546
0.0719541
0.0719536
0.0719525
0.047675
0.0476747
0.0476743
0.0476737
0.0476732
0.0476726
0.047672
0.0476715
0.0476709
0.0476698
0.0302722
0.0302719
0.0302715
0.030271
0.0302705
0.03027
0.0302695
0.030269
0.0302685
0.0302674
0.0183216
0.0183214
0.018321
0.0183206
0.0183202
0.0183198
0.0183193
0.0183189
0.0183185
0.0183176
0.010504
0.0105038
0.0105036
0.0105033
0.0105029
0.0105026
0.0105023
0.0105019
0.0105016
0.0105009
0.00566581
0.00566571
0.00566553
0.00566531
0.00566509
0.00566486
0.00566463
0.0056644
0.00566417
0.0056637
0.0028523
0.00285224
0.00285214
0.00285201
0.00285188
0.00285174
0.00285161
0.00285147
0.00285134
0.00285106
0.0013269
0.00132687
0.00132682
0.00132676
0.00132669
0.00132662
0.00132655
0.00132648
0.00132642
0.00132627
0.000567887
0.000567874
0.000567851
0.000567824
0.000567796
0.000567766
0.000567737
0.000567708
0.000567678
0.000567617
0.00022547
0.000225466
0.000225459
0.000225451
0.000225442
0.000225432
0.000225423
0.000225414
0.000225405
0.000225386
8.2982e-05
8.29821e-05
8.29822e-05
8.29824e-05
8.29826e-05
8.29827e-05
8.29829e-05
8.2983e-05
8.29832e-05
8.29835e-05
2.79009e-05
2.79017e-05
2.79032e-05
2.79049e-05
2.79068e-05
2.79087e-05
2.79106e-05
2.79125e-05
2.79144e-05
2.79183e-05
1.04186e-05
1.04189e-05
1.04195e-05
1.04202e-05
1.04209e-05
1.04216e-05
1.04224e-05
1.04231e-05
1.04239e-05
1.04254e-05
6.58093e-06
6.58094e-06
6.58097e-06
6.58101e-06
6.58105e-06
6.58109e-06
6.58113e-06
6.58117e-06
6.58121e-06
6.5813e-06
6.45568e-06
6.45562e-06
6.45552e-06
6.45539e-06
6.45526e-06
6.45513e-06
6.45499e-06
6.45486e-06
6.45472e-06
6.45445e-06
6.95299e-06
6.95291e-06
6.95276e-06
6.95258e-06
6.9524e-06
6.95221e-06
6.95202e-06
6.95183e-06
6.95164e-06
6.95126e-06
6.82098e-06
6.82089e-06
6.82073e-06
6.82054e-06
6.82034e-06
6.82014e-06
6.81994e-06
6.81974e-06
6.81954e-06
6.81912e-06
5.81886e-06
5.81878e-06
5.81864e-06
5.81848e-06
5.81831e-06
5.81813e-06
5.81795e-06
5.81778e-06
5.8176e-06
5.81724e-06
4.37363e-06
4.37358e-06
4.37347e-06
4.37336e-06
4.37323e-06
4.3731e-06
4.37297e-06
4.37284e-06
4.37271e-06
4.37244e-06
3.0344e-06
3.03436e-06
3.03429e-06
3.03421e-06
3.03413e-06
3.03404e-06
3.03396e-06
3.03387e-06
3.03378e-06
3.03361e-06
2.1273e-06
2.12727e-06
2.12723e-06
2.12717e-06
2.12711e-06
2.12706e-06
2.127e-06
2.12694e-06
2.12688e-06
2.12676e-06
1.69506e-06
1.69504e-06
1.69501e-06
1.69497e-06
1.69492e-06
1.69488e-06
1.69483e-06
1.69478e-06
1.69474e-06
1.69464e-06
)
;

boundaryField
{
    inlet
    {
        type            zeroGradient;
    }
    outlet
    {
        type            zeroGradient;
    }
    sideLeft
    {
        type            zeroGradient;
    }
    sideRight
    {
        type            zeroGradient;
    }
    top
    {
        type            symmetryPlane;
        value           nonuniform List<scalar> 
100
(
1.69428e-06
1.69426e-06
1.69433e-06
1.6945e-06
1.69464e-06
1.69475e-06
1.69485e-06
1.69495e-06
1.69502e-06
1.69506e-06
1.69426e-06
1.69424e-06
1.69431e-06
1.69448e-06
1.69462e-06
1.69473e-06
1.69483e-06
1.69493e-06
1.695e-06
1.69504e-06
1.69423e-06
1.6942e-06
1.69427e-06
1.69444e-06
1.69458e-06
1.69469e-06
1.6948e-06
1.69489e-06
1.69496e-06
1.69501e-06
1.69419e-06
1.69416e-06
1.69423e-06
1.6944e-06
1.69454e-06
1.69465e-06
1.69475e-06
1.69485e-06
1.69492e-06
1.69497e-06
1.69414e-06
1.69411e-06
1.69418e-06
1.69436e-06
1.6945e-06
1.69461e-06
1.69471e-06
1.6948e-06
1.69488e-06
1.69492e-06
1.69409e-06
1.69407e-06
1.69414e-06
1.69431e-06
1.69445e-06
1.69456e-06
1.69466e-06
1.69476e-06
1.69483e-06
1.69488e-06
1.69405e-06
1.69402e-06
1.69409e-06
1.69426e-06
1.6944e-06
1.69451e-06
1.69462e-06
1.69471e-06
1.69479e-06
1.69483e-06
1.694e-06
1.69398e-06
1.69405e-06
1.69422e-06
1.69436e-06
1.69447e-06
1.69457e-06
1.69467e-06
1.69474e-06
1.69478e-06
1.69396e-06
1.69393e-06
1.694e-06
1.69417e-06
1.69431e-06
1.69442e-06
1.69453e-06
1.69462e-06
1.69469e-06
1.69474e-06
1.69386e-06
1.69383e-06
1.6939e-06
1.69408e-06
1.69422e-06
1.69433e-06
1.69443e-06
1.69453e-06
1.6946e-06
1.69464e-06
)
;
    }
    bottomRoughWall
    {
        type            epsilonWallFunction;
        refValue        nonuniform List<scalar> 
100
(
58.4749
58.4745
58.4742
58.474
58.4738
58.4737
58.4736
58.4734
58.4733
58.4731
58.475
58.4745
58.4743
58.4741
58.4739
58.4737
58.4736
58.4735
58.4733
58.4733
58.4751
58.4746
58.4744
58.4741
58.474
58.4738
58.4736
58.4735
58.4734
58.4734
58.4752
58.4747
58.4745
58.4742
58.474
58.4739
58.4737
58.4736
58.4735
58.4734
58.4751
58.4746
58.4743
58.4741
58.4739
58.4737
58.4735
58.4734
58.4733
58.4733
58.4751
58.4746
58.4744
58.4741
58.4739
58.4737
58.4735
58.4734
58.4733
58.4733
58.4749
58.4744
58.4742
58.4739
58.4737
58.4735
58.4733
58.4732
58.4732
58.4732
58.4749
58.4744
58.4742
58.4739
58.4737
58.4735
58.4734
58.4733
58.4732
58.4731
58.4747
58.4742
58.474
58.4737
58.4735
58.4733
58.4732
58.4732
58.4731
58.473
58.4747
58.4743
58.4741
58.4738
58.4736
58.4735
58.4734
58.4733
58.4732
58.4731
)
;
        value           nonuniform List<scalar> 
100
(
58.4749
58.4745
58.4742
58.474
58.4738
58.4737
58.4736
58.4734
58.4733
58.4731
58.475
58.4745
58.4743
58.4741
58.4739
58.4737
58.4736
58.4735
58.4733
58.4733
58.4751
58.4746
58.4744
58.4741
58.474
58.4738
58.4736
58.4735
58.4734
58.4734
58.4752
58.4747
58.4745
58.4742
58.474
58.4739
58.4737
58.4736
58.4735
58.4734
58.4751
58.4746
58.4743
58.4741
58.4739
58.4737
58.4735
58.4734
58.4733
58.4733
58.4751
58.4746
58.4744
58.4741
58.4739
58.4737
58.4735
58.4734
58.4733
58.4733
58.4749
58.4744
58.4742
58.4739
58.4737
58.4735
58.4733
58.4732
58.4732
58.4732
58.4749
58.4744
58.4742
58.4739
58.4737
58.4735
58.4734
58.4733
58.4732
58.4731
58.4747
58.4742
58.474
58.4737
58.4735
58.4733
58.4732
58.4732
58.4731
58.473
58.4747
58.4743
58.4741
58.4738
58.4736
58.4735
58.4734
58.4733
58.4732
58.4731
)
;
        Cmu             0.03;
        kappa           0.41;
        E               9.8;
    }
}


// ************************************************************************* //
