/*--------------------------------*- C++ -*----------------------------------*\
| =========                 |                                                 |
| \\      /  F ield         | foam-extend: Open Source CFD                    |
|  \\    /   O peration     | Version:     3.2                                |
|   \\  /    A nd           | Web:         http://www.foam-extend.org         |
|    \\/     M anipulation  | For copyright notice see file Copyright         |
\*---------------------------------------------------------------------------*/
FoamFile
{
    version     2.0;
    format      ascii;
    class       volScalarField;
    location    "1200000";
    object      nut;
}
// * * * * * * * * * * * * * * * * * * * * * * * * * * * * * * * * * * * * * //

dimensions      [0 2 -1 0 0 0 0];

internalField   nonuniform List<scalar> 
5000
(
0.00259897
0.00259897
0.00259897
0.00259897
0.00259897
0.00259897
0.00259897
0.00259897
0.00259897
0.00259897
0.00577547
0.00577547
0.00577547
0.00577547
0.00577546
0.00577546
0.00577545
0.00577545
0.00577545
0.00577546
0.00814234
0.00814234
0.00814234
0.00814235
0.00814235
0.00814235
0.00814234
0.00814234
0.00814234
0.00814235
0.00999873
0.00999873
0.00999874
0.00999874
0.00999874
0.00999874
0.00999874
0.00999874
0.00999875
0.00999875
0.0113796
0.0113796
0.0113796
0.0113796
0.0113796
0.0113796
0.0113796
0.0113796
0.0113796
0.0113796
0.012363
0.012363
0.012363
0.012363
0.012363
0.012363
0.012363
0.012363
0.012363
0.012363
0.0130245
0.0130245
0.0130245
0.0130245
0.0130245
0.0130245
0.0130245
0.0130246
0.0130246
0.0130246
0.0134279
0.0134279
0.0134279
0.0134279
0.0134279
0.0134279
0.0134279
0.0134279
0.013428
0.013428
0.0136247
0.0136247
0.0136247
0.0136247
0.0136247
0.0136247
0.0136247
0.0136247
0.0136247
0.0136248
0.0136561
0.0136561
0.0136561
0.0136561
0.0136561
0.0136561
0.0136561
0.0136561
0.0136561
0.0136562
0.013555
0.013555
0.013555
0.013555
0.013555
0.013555
0.0135551
0.0135551
0.0135551
0.0135551
0.0133478
0.0133478
0.0133478
0.0133478
0.0133478
0.0133478
0.0133478
0.0133478
0.0133479
0.0133479
0.0130555
0.0130555
0.0130555
0.0130556
0.0130556
0.0130556
0.0130556
0.0130556
0.0130556
0.0130556
0.0126952
0.0126952
0.0126952
0.0126952
0.0126953
0.0126953
0.0126953
0.0126953
0.0126953
0.0126953
0.0122806
0.0122806
0.0122806
0.0122806
0.0122806
0.0122806
0.0122806
0.0122806
0.0122806
0.0122807
0.0118227
0.0118227
0.0118227
0.0118227
0.0118227
0.0118227
0.0118227
0.0118227
0.0118227
0.0118227
0.0113305
0.0113305
0.0113305
0.0113305
0.0113305
0.0113305
0.0113306
0.0113306
0.0113306
0.0113306
0.0108115
0.0108115
0.0108115
0.0108115
0.0108115
0.0108115
0.0108115
0.0108115
0.0108115
0.0108115
0.0102715
0.0102715
0.0102715
0.0102715
0.0102715
0.0102716
0.0102716
0.0102716
0.0102716
0.0102716
0.0097158
0.0097158
0.0097158
0.0097158
0.0097158
0.00971581
0.00971581
0.00971581
0.00971582
0.00971582
0.00914851
0.00914851
0.00914851
0.00914851
0.00914851
0.00914851
0.00914851
0.00914852
0.00914852
0.00914852
0.00857338
0.00857338
0.00857338
0.00857338
0.00857338
0.00857338
0.00857338
0.00857338
0.00857338
0.00857338
0.00799373
0.00799373
0.00799373
0.00799373
0.00799372
0.00799372
0.00799372
0.00799372
0.00799372
0.00799371
0.00741264
0.00741264
0.00741264
0.00741263
0.00741263
0.00741263
0.00741262
0.00741262
0.00741262
0.00741261
0.0068331
0.0068331
0.00683309
0.00683309
0.00683308
0.00683307
0.00683307
0.00683306
0.00683306
0.00683305
0.00625806
0.00625806
0.00625805
0.00625804
0.00625803
0.00625803
0.00625802
0.00625801
0.006258
0.00625799
0.00569063
0.00569062
0.00569061
0.00569061
0.0056906
0.00569059
0.00569058
0.00569057
0.00569056
0.00569054
0.00513418
0.00513417
0.00513416
0.00513415
0.00513414
0.00513413
0.00513412
0.0051341
0.00513409
0.00513407
0.00459209
0.00459208
0.00459207
0.00459206
0.00459204
0.00459203
0.00459201
0.004592
0.00459199
0.00459196
0.00406774
0.00406773
0.00406772
0.0040677
0.00406769
0.00406767
0.00406765
0.00406764
0.00406762
0.00406759
0.0035651
0.0035651
0.00356508
0.00356507
0.00356505
0.00356503
0.00356501
0.003565
0.00356498
0.00356494
0.00308805
0.00308804
0.00308803
0.00308801
0.00308799
0.00308798
0.00308796
0.00308794
0.00308792
0.00308789
0.00264014
0.00264013
0.00264012
0.0026401
0.00264008
0.00264007
0.00264005
0.00264004
0.00264002
0.00263998
0.00222446
0.00222446
0.00222445
0.00222443
0.00222442
0.00222441
0.00222439
0.00222438
0.00222436
0.00222434
0.00184357
0.00184356
0.00184356
0.00184355
0.00184354
0.00184353
0.00184352
0.00184351
0.0018435
0.00184348
0.00149961
0.00149961
0.00149961
0.0014996
0.0014996
0.0014996
0.00149959
0.00149959
0.00149958
0.00149957
0.00119438
0.00119438
0.00119438
0.00119438
0.00119438
0.00119439
0.00119439
0.00119439
0.00119439
0.00119439
0.000929633
0.000929635
0.00092964
0.000929645
0.000929651
0.000929656
0.000929662
0.000929668
0.000929673
0.000929685
0.000717889
0.00071789
0.000717893
0.000717896
0.000717899
0.000717903
0.000717906
0.000717909
0.000717913
0.00071792
0.000585139
0.000585137
0.000585133
0.000585129
0.000585125
0.00058512
0.000585116
0.000585111
0.000585107
0.000585097
0.00051644
0.000516437
0.000516432
0.000516426
0.00051642
0.000516414
0.000516407
0.000516401
0.000516395
0.000516381
0.000429399
0.000429398
0.000429397
0.000429396
0.000429395
0.000429394
0.000429392
0.000429391
0.00042939
0.000429387
0.000343222
0.000343222
0.00034322
0.000343219
0.000343218
0.000343217
0.000343215
0.000343214
0.000343212
0.000343209
0.000309239
0.000309238
0.000309236
0.000309234
0.000309232
0.000309229
0.000309227
0.000309225
0.000309222
0.000309218
0.000318874
0.000318873
0.00031887
0.000318867
0.000318864
0.00031886
0.000318857
0.000318853
0.00031885
0.000318842
0.000360637
0.000360635
0.000360631
0.000360627
0.000360622
0.000360618
0.000360613
0.000360608
0.000360604
0.000360594
0.000445262
0.00044526
0.000445254
0.000445248
0.000445242
0.000445235
0.000445229
0.000445222
0.000445216
0.000445202
0.000592388
0.000592384
0.000592377
0.000592368
0.000592359
0.00059235
0.000592341
0.000592332
0.000592322
0.000592303
0.00079584
0.000795834
0.000795824
0.000795813
0.000795801
0.000795788
0.000795776
0.000795763
0.00079575
0.000795724
0.000968767
0.00096876
0.000968749
0.000968735
0.00096872
0.000968705
0.00096869
0.000968675
0.000968659
0.000968628
0.00259896
0.00259896
0.00259896
0.00259897
0.00259896
0.00259896
0.00259896
0.00259896
0.00259896
0.00259896
0.00577546
0.00577546
0.00577545
0.00577545
0.00577544
0.00577544
0.00577543
0.00577543
0.00577543
0.00577544
0.00814232
0.00814232
0.00814232
0.00814232
0.00814232
0.00814232
0.00814232
0.00814232
0.00814232
0.00814232
0.0099987
0.00999871
0.00999871
0.00999871
0.00999871
0.00999871
0.00999871
0.00999871
0.00999871
0.00999872
0.0113795
0.0113795
0.0113795
0.0113795
0.0113795
0.0113795
0.0113795
0.0113796
0.0113796
0.0113796
0.0123629
0.0123629
0.0123629
0.0123629
0.0123629
0.0123629
0.012363
0.012363
0.012363
0.012363
0.0130245
0.0130245
0.0130245
0.0130245
0.0130245
0.0130245
0.0130245
0.0130245
0.0130245
0.0130245
0.0134279
0.0134279
0.0134279
0.0134279
0.0134279
0.0134279
0.0134279
0.0134279
0.0134279
0.0134279
0.0136246
0.0136246
0.0136247
0.0136247
0.0136247
0.0136247
0.0136247
0.0136247
0.0136247
0.0136247
0.013656
0.013656
0.0136561
0.0136561
0.0136561
0.0136561
0.0136561
0.0136561
0.0136561
0.0136561
0.013555
0.013555
0.013555
0.013555
0.013555
0.013555
0.013555
0.013555
0.013555
0.0135551
0.0133478
0.0133478
0.0133478
0.0133478
0.0133478
0.0133478
0.0133478
0.0133478
0.0133478
0.0133478
0.0130555
0.0130555
0.0130555
0.0130555
0.0130555
0.0130555
0.0130555
0.0130556
0.0130556
0.0130556
0.0126952
0.0126952
0.0126952
0.0126952
0.0126952
0.0126952
0.0126952
0.0126953
0.0126953
0.0126953
0.0122806
0.0122806
0.0122806
0.0122806
0.0122806
0.0122806
0.0122806
0.0122806
0.0122806
0.0122806
0.0118227
0.0118227
0.0118227
0.0118227
0.0118227
0.0118227
0.0118227
0.0118227
0.0118227
0.0118227
0.0113305
0.0113305
0.0113305
0.0113305
0.0113305
0.0113305
0.0113305
0.0113305
0.0113305
0.0113306
0.0108114
0.0108114
0.0108114
0.0108114
0.0108115
0.0108115
0.0108115
0.0108115
0.0108115
0.0108115
0.0102715
0.0102715
0.0102715
0.0102715
0.0102715
0.0102715
0.0102715
0.0102715
0.0102715
0.0102716
0.00971578
0.00971579
0.00971579
0.00971579
0.00971579
0.0097158
0.0097158
0.0097158
0.00971581
0.00971581
0.0091485
0.0091485
0.0091485
0.0091485
0.0091485
0.0091485
0.00914851
0.00914851
0.00914851
0.00914851
0.00857337
0.00857337
0.00857337
0.00857337
0.00857337
0.00857337
0.00857337
0.00857337
0.00857337
0.00857337
0.00799373
0.00799373
0.00799373
0.00799373
0.00799373
0.00799373
0.00799372
0.00799372
0.00799372
0.00799372
0.00741264
0.00741264
0.00741264
0.00741263
0.00741263
0.00741263
0.00741262
0.00741262
0.00741262
0.00741261
0.0068331
0.0068331
0.00683309
0.00683309
0.00683308
0.00683308
0.00683307
0.00683307
0.00683306
0.00683305
0.00625806
0.00625806
0.00625805
0.00625804
0.00625804
0.00625803
0.00625802
0.00625801
0.00625801
0.00625799
0.0056906
0.00569059
0.00569059
0.00569058
0.00569057
0.00569056
0.00569055
0.00569054
0.00569053
0.00569051
0.00513409
0.00513408
0.00513407
0.00513406
0.00513405
0.00513404
0.00513402
0.00513401
0.005134
0.00513398
0.00459203
0.00459203
0.00459202
0.004592
0.00459199
0.00459198
0.00459196
0.00459195
0.00459193
0.00459191
0.00406768
0.00406768
0.00406766
0.00406765
0.00406764
0.00406762
0.0040676
0.00406759
0.00406757
0.00406754
0.00356505
0.00356504
0.00356503
0.00356502
0.003565
0.00356498
0.00356497
0.00356495
0.00356493
0.0035649
0.00308802
0.00308801
0.003088
0.00308798
0.00308797
0.00308795
0.00308793
0.00308792
0.0030879
0.00308786
0.00264012
0.00264011
0.0026401
0.00264008
0.00264007
0.00264005
0.00264004
0.00264002
0.00264
0.00263997
0.00222446
0.00222446
0.00222445
0.00222443
0.00222442
0.00222441
0.00222439
0.00222438
0.00222437
0.00222434
0.00184358
0.00184358
0.00184357
0.00184356
0.00184355
0.00184354
0.00184353
0.00184352
0.00184352
0.0018435
0.00149973
0.00149973
0.00149973
0.00149972
0.00149972
0.00149971
0.00149971
0.0014997
0.0014997
0.00149969
0.00119476
0.00119476
0.00119476
0.00119476
0.00119477
0.00119477
0.00119477
0.00119477
0.00119477
0.00119478
0.000929936
0.000929939
0.000929943
0.000929948
0.000929954
0.000929959
0.000929965
0.000929971
0.000929976
0.000929988
0.000717943
0.000717944
0.000717947
0.00071795
0.000717953
0.000717957
0.00071796
0.000717964
0.000717967
0.000717974
0.000585021
0.000585019
0.000585016
0.000585012
0.000585008
0.000585003
0.000584999
0.000584994
0.00058499
0.000584981
0.000516245
0.000516243
0.000516238
0.000516232
0.000516226
0.00051622
0.000516213
0.000516207
0.0005162
0.000516187
0.000429114
0.000429113
0.000429112
0.000429111
0.00042911
0.000429108
0.000429107
0.000429106
0.000429104
0.000429101
0.000343046
0.000343046
0.000343045
0.000343043
0.000343042
0.000343041
0.00034304
0.000343038
0.000343037
0.000343034
0.000309241
0.00030924
0.000309238
0.000309236
0.000309234
0.000309232
0.000309229
0.000309227
0.000309225
0.00030922
0.000318866
0.000318865
0.000318862
0.000318859
0.000318855
0.000318852
0.000318848
0.000318845
0.000318841
0.000318834
0.000360623
0.000360621
0.000360617
0.000360613
0.000360608
0.000360604
0.000360599
0.000360594
0.00036059
0.00036058
0.000445249
0.000445246
0.000445241
0.000445235
0.000445228
0.000445222
0.000445215
0.000445209
0.000445202
0.000445189
0.000592412
0.000592408
0.000592401
0.000592392
0.000592383
0.000592374
0.000592365
0.000592355
0.000592346
0.000592327
0.000795864
0.000795858
0.000795849
0.000795837
0.000795825
0.000795812
0.0007958
0.000795787
0.000795775
0.000795749
0.000968764
0.000968758
0.000968746
0.000968732
0.000968717
0.000968702
0.000968687
0.000968672
0.000968657
0.000968625
0.00259896
0.00259896
0.00259896
0.00259896
0.00259896
0.00259896
0.00259896
0.00259896
0.00259895
0.00259896
0.00577545
0.00577545
0.00577544
0.00577544
0.00577543
0.00577543
0.00577543
0.00577543
0.00577543
0.00577544
0.00814231
0.00814231
0.00814231
0.00814231
0.0081423
0.00814231
0.0081423
0.0081423
0.0081423
0.00814231
0.00999869
0.00999869
0.00999869
0.00999869
0.00999869
0.00999869
0.00999869
0.0099987
0.0099987
0.00999871
0.0113795
0.0113795
0.0113795
0.0113795
0.0113795
0.0113795
0.0113795
0.0113795
0.0113795
0.0113795
0.0123629
0.0123629
0.0123629
0.0123629
0.0123629
0.0123629
0.0123629
0.0123629
0.0123629
0.012363
0.0130244
0.0130245
0.0130245
0.0130245
0.0130245
0.0130245
0.0130245
0.0130245
0.0130245
0.0130245
0.0134278
0.0134278
0.0134278
0.0134279
0.0134279
0.0134279
0.0134279
0.0134279
0.0134279
0.0134279
0.0136246
0.0136246
0.0136246
0.0136246
0.0136246
0.0136247
0.0136247
0.0136247
0.0136247
0.0136247
0.013656
0.013656
0.013656
0.013656
0.013656
0.0136561
0.0136561
0.0136561
0.0136561
0.0136561
0.0135549
0.013555
0.013555
0.013555
0.013555
0.013555
0.013555
0.013555
0.013555
0.013555
0.0133477
0.0133477
0.0133477
0.0133477
0.0133478
0.0133478
0.0133478
0.0133478
0.0133478
0.0133478
0.0130555
0.0130555
0.0130555
0.0130555
0.0130555
0.0130555
0.0130555
0.0130555
0.0130555
0.0130556
0.0126952
0.0126952
0.0126952
0.0126952
0.0126952
0.0126952
0.0126952
0.0126952
0.0126952
0.0126953
0.0122805
0.0122805
0.0122805
0.0122806
0.0122806
0.0122806
0.0122806
0.0122806
0.0122806
0.0122806
0.0118226
0.0118226
0.0118226
0.0118227
0.0118227
0.0118227
0.0118227
0.0118227
0.0118227
0.0118227
0.0113305
0.0113305
0.0113305
0.0113305
0.0113305
0.0113305
0.0113305
0.0113305
0.0113305
0.0113305
0.0108114
0.0108114
0.0108114
0.0108114
0.0108114
0.0108114
0.0108115
0.0108115
0.0108115
0.0108115
0.0102715
0.0102715
0.0102715
0.0102715
0.0102715
0.0102715
0.0102715
0.0102715
0.0102715
0.0102716
0.00971578
0.00971578
0.00971578
0.00971579
0.00971579
0.00971579
0.0097158
0.0097158
0.0097158
0.00971581
0.0091485
0.0091485
0.0091485
0.0091485
0.0091485
0.0091485
0.00914851
0.00914851
0.00914851
0.00914851
0.00857337
0.00857337
0.00857337
0.00857337
0.00857337
0.00857337
0.00857337
0.00857337
0.00857337
0.00857338
0.00799374
0.00799374
0.00799374
0.00799374
0.00799373
0.00799373
0.00799373
0.00799373
0.00799373
0.00799372
0.00741265
0.00741265
0.00741265
0.00741264
0.00741264
0.00741264
0.00741263
0.00741263
0.00741263
0.00741262
0.00683311
0.00683311
0.00683311
0.0068331
0.0068331
0.00683309
0.00683308
0.00683308
0.00683307
0.00683306
0.00625808
0.00625807
0.00625807
0.00625806
0.00625805
0.00625804
0.00625804
0.00625803
0.00625802
0.00625801
0.00569061
0.0056906
0.00569059
0.00569058
0.00569057
0.00569056
0.00569055
0.00569055
0.00569054
0.00569052
0.00513406
0.00513406
0.00513405
0.00513404
0.00513402
0.00513401
0.005134
0.00513399
0.00513398
0.00513395
0.00459198
0.00459197
0.00459196
0.00459195
0.00459193
0.00459192
0.0045919
0.00459189
0.00459188
0.00459185
0.00406769
0.00406768
0.00406767
0.00406766
0.00406764
0.00406762
0.00406761
0.00406759
0.00406758
0.00406755
0.00356501
0.003565
0.00356499
0.00356497
0.00356496
0.00356494
0.00356492
0.00356491
0.00356489
0.00356485
0.00308799
0.00308798
0.00308797
0.00308795
0.00308794
0.00308792
0.0030879
0.00308788
0.00308787
0.00308783
0.00264012
0.00264011
0.0026401
0.00264008
0.00264007
0.00264005
0.00264004
0.00264002
0.00264
0.00263997
0.00222449
0.00222449
0.00222447
0.00222446
0.00222445
0.00222444
0.00222442
0.00222441
0.00222439
0.00222437
0.00184367
0.00184367
0.00184366
0.00184365
0.00184364
0.00184363
0.00184362
0.00184361
0.0018436
0.00184358
0.00149998
0.00149998
0.00149997
0.00149997
0.00149996
0.00149996
0.00149996
0.00149995
0.00149995
0.00149994
0.00119508
0.00119508
0.00119508
0.00119508
0.00119508
0.00119509
0.00119509
0.00119509
0.00119509
0.00119509
0.000930114
0.000930116
0.000930121
0.000930126
0.000930131
0.000930137
0.000930142
0.000930148
0.000930153
0.000930165
0.000717967
0.000717969
0.000717972
0.000717975
0.000717978
0.000717981
0.000717985
0.000717988
0.000717992
0.000717999
0.000584977
0.000584975
0.000584972
0.000584968
0.000584963
0.000584959
0.000584955
0.00058495
0.000584946
0.000584937
0.000516087
0.000516084
0.000516079
0.000516074
0.000516067
0.000516061
0.000516055
0.000516048
0.000516042
0.000516029
0.000428887
0.000428886
0.000428885
0.000428884
0.000428883
0.000428881
0.00042888
0.000428878
0.000428877
0.000428874
0.000342995
0.000342994
0.000342994
0.000342992
0.000342991
0.00034299
0.000342989
0.000342987
0.000342986
0.000342984
0.000309242
0.000309241
0.000309239
0.000309237
0.000309235
0.000309232
0.00030923
0.000309228
0.000309225
0.000309221
0.000318855
0.000318854
0.000318851
0.000318848
0.000318845
0.000318841
0.000318838
0.000318834
0.000318831
0.000318824
0.00036057
0.000360568
0.000360565
0.00036056
0.000360556
0.000360551
0.000360546
0.000360542
0.000360537
0.000360527
0.000445209
0.000445207
0.000445201
0.000445195
0.000445189
0.000445182
0.000445176
0.000445169
0.000445163
0.000445149
0.000592339
0.000592335
0.000592328
0.000592319
0.00059231
0.000592301
0.000592292
0.000592282
0.000592273
0.000592254
0.000795777
0.000795771
0.000795762
0.00079575
0.000795738
0.000795725
0.000795713
0.0007957
0.000795687
0.000795661
0.000968741
0.000968734
0.000968723
0.000968709
0.000968694
0.000968679
0.000968664
0.000968649
0.000968633
0.000968602
0.00259895
0.00259896
0.00259896
0.00259896
0.00259896
0.00259896
0.00259895
0.00259895
0.00259895
0.00259895
0.00577543
0.00577543
0.00577543
0.00577543
0.00577542
0.00577542
0.00577542
0.00577542
0.00577542
0.00577543
0.00814229
0.00814229
0.00814229
0.00814229
0.00814229
0.00814229
0.00814229
0.00814229
0.00814229
0.00814231
0.00999867
0.00999867
0.00999867
0.00999867
0.00999867
0.00999867
0.00999868
0.00999868
0.00999868
0.0099987
0.0113795
0.0113795
0.0113795
0.0113795
0.0113795
0.0113795
0.0113795
0.0113795
0.0113795
0.0113795
0.0123629
0.0123629
0.0123629
0.0123629
0.0123629
0.0123629
0.0123629
0.0123629
0.0123629
0.0123629
0.0130244
0.0130244
0.0130244
0.0130244
0.0130244
0.0130244
0.0130245
0.0130245
0.0130245
0.0130245
0.0134278
0.0134278
0.0134278
0.0134278
0.0134278
0.0134278
0.0134278
0.0134279
0.0134279
0.0134279
0.0136246
0.0136246
0.0136246
0.0136246
0.0136246
0.0136246
0.0136246
0.0136246
0.0136246
0.0136247
0.013656
0.013656
0.013656
0.013656
0.013656
0.013656
0.013656
0.013656
0.013656
0.0136561
0.0135549
0.0135549
0.0135549
0.0135549
0.0135549
0.013555
0.013555
0.013555
0.013555
0.013555
0.0133477
0.0133477
0.0133477
0.0133477
0.0133477
0.0133477
0.0133477
0.0133478
0.0133478
0.0133478
0.0130555
0.0130555
0.0130555
0.0130555
0.0130555
0.0130555
0.0130555
0.0130555
0.0130555
0.0130555
0.0126952
0.0126952
0.0126952
0.0126952
0.0126952
0.0126952
0.0126952
0.0126952
0.0126952
0.0126952
0.0122805
0.0122805
0.0122805
0.0122805
0.0122805
0.0122805
0.0122806
0.0122806
0.0122806
0.0122806
0.0118226
0.0118226
0.0118226
0.0118226
0.0118226
0.0118226
0.0118227
0.0118227
0.0118227
0.0118227
0.0113305
0.0113305
0.0113305
0.0113305
0.0113305
0.0113305
0.0113305
0.0113305
0.0113305
0.0113305
0.0108114
0.0108114
0.0108114
0.0108114
0.0108114
0.0108114
0.0108114
0.0108114
0.0108115
0.0108115
0.0102715
0.0102715
0.0102715
0.0102715
0.0102715
0.0102715
0.0102715
0.0102715
0.0102715
0.0102715
0.00971578
0.00971578
0.00971578
0.00971578
0.00971579
0.00971579
0.00971579
0.0097158
0.0097158
0.00971581
0.0091485
0.0091485
0.0091485
0.0091485
0.00914851
0.00914851
0.00914851
0.00914851
0.00914851
0.00914852
0.00857338
0.00857338
0.00857338
0.00857338
0.00857338
0.00857338
0.00857338
0.00857338
0.00857338
0.00857338
0.00799374
0.00799374
0.00799374
0.00799374
0.00799373
0.00799373
0.00799373
0.00799373
0.00799373
0.00799372
0.00741267
0.00741267
0.00741266
0.00741266
0.00741266
0.00741265
0.00741265
0.00741265
0.00741265
0.00741264
0.00683313
0.00683312
0.00683312
0.00683311
0.00683311
0.0068331
0.0068331
0.00683309
0.00683309
0.00683308
0.0062581
0.0062581
0.00625809
0.00625808
0.00625808
0.00625807
0.00625806
0.00625806
0.00625805
0.00625803
0.00569064
0.00569063
0.00569063
0.00569062
0.00569061
0.0056906
0.00569059
0.00569058
0.00569057
0.00569055
0.00513405
0.00513405
0.00513404
0.00513403
0.00513402
0.00513401
0.00513399
0.00513398
0.00513397
0.00513395
0.00459195
0.00459194
0.00459193
0.00459191
0.0045919
0.00459189
0.00459187
0.00459186
0.00459185
0.00459182
0.0040677
0.00406769
0.00406768
0.00406766
0.00406765
0.00406763
0.00406762
0.0040676
0.00406759
0.00406755
0.00356497
0.00356497
0.00356495
0.00356494
0.00356492
0.00356491
0.00356489
0.00356487
0.00356486
0.00356482
0.00308794
0.00308793
0.00308792
0.00308791
0.00308789
0.00308787
0.00308785
0.00308784
0.00308782
0.00308779
0.00264013
0.00264012
0.00264011
0.00264009
0.00264008
0.00264006
0.00264005
0.00264003
0.00264001
0.00263998
0.00222455
0.00222455
0.00222454
0.00222452
0.00222451
0.0022245
0.00222448
0.00222447
0.00222446
0.00222443
0.0018438
0.0018438
0.00184379
0.00184378
0.00184377
0.00184376
0.00184375
0.00184374
0.00184373
0.00184371
0.00150025
0.00150025
0.00150024
0.00150024
0.00150023
0.00150023
0.00150022
0.00150022
0.00150022
0.00150021
0.00119539
0.00119539
0.00119539
0.0011954
0.0011954
0.0011954
0.0011954
0.0011954
0.0011954
0.00119541
0.000930231
0.000930233
0.000930238
0.000930243
0.000930248
0.000930253
0.000930259
0.000930264
0.00093027
0.000930281
0.000717972
0.000717973
0.000717976
0.000717979
0.000717983
0.000717986
0.000717989
0.000717992
0.000717996
0.000718003
0.000584948
0.000584946
0.000584942
0.000584938
0.000584934
0.00058493
0.000584925
0.000584921
0.000584916
0.000584907
0.000516018
0.000516016
0.000516011
0.000516005
0.000515999
0.000515993
0.000515987
0.000515981
0.000515974
0.000515962
0.000428695
0.000428695
0.000428694
0.000428692
0.000428691
0.00042869
0.000428688
0.000428687
0.000428686
0.000428683
0.000343011
0.000343011
0.00034301
0.000343009
0.000343007
0.000343006
0.000343005
0.000343004
0.000343003
0.000343
0.00030929
0.000309289
0.000309288
0.000309286
0.000309283
0.000309281
0.000309279
0.000309277
0.000309274
0.00030927
0.000318835
0.000318833
0.000318831
0.000318827
0.000318824
0.000318821
0.000318817
0.000318814
0.00031881
0.000318803
0.000360501
0.000360499
0.000360495
0.000360491
0.000360486
0.000360482
0.000360477
0.000360472
0.000360468
0.000360458
0.000445095
0.000445092
0.000445087
0.000445081
0.000445075
0.000445068
0.000445061
0.000445055
0.000445048
0.000445035
0.000592207
0.000592203
0.000592196
0.000592187
0.000592178
0.000592169
0.000592159
0.00059215
0.000592141
0.000592121
0.000795684
0.000795679
0.000795669
0.000795657
0.000795645
0.000795633
0.00079562
0.000795607
0.000795595
0.000795569
0.000968732
0.000968726
0.000968714
0.0009687
0.000968685
0.00096867
0.000968655
0.00096864
0.000968625
0.000968594
0.00259895
0.00259895
0.00259895
0.00259896
0.00259895
0.00259895
0.00259895
0.00259895
0.00259895
0.00259895
0.00577542
0.00577542
0.00577542
0.00577541
0.00577541
0.00577541
0.00577541
0.00577541
0.00577542
0.00577544
0.00814227
0.00814227
0.00814227
0.00814227
0.00814227
0.00814227
0.00814228
0.00814228
0.00814228
0.00814231
0.00999865
0.00999865
0.00999865
0.00999865
0.00999866
0.00999866
0.00999866
0.00999866
0.00999867
0.0099987
0.0113795
0.0113795
0.0113795
0.0113795
0.0113795
0.0113795
0.0113795
0.0113795
0.0113795
0.0113795
0.0123629
0.0123629
0.0123629
0.0123629
0.0123629
0.0123629
0.0123629
0.0123629
0.0123629
0.0123629
0.0130244
0.0130244
0.0130244
0.0130244
0.0130244
0.0130244
0.0130244
0.0130244
0.0130245
0.0130245
0.0134278
0.0134278
0.0134278
0.0134278
0.0134278
0.0134278
0.0134278
0.0134278
0.0134278
0.0134279
0.0136246
0.0136246
0.0136246
0.0136246
0.0136246
0.0136246
0.0136246
0.0136246
0.0136246
0.0136246
0.013656
0.013656
0.013656
0.013656
0.013656
0.013656
0.013656
0.013656
0.013656
0.013656
0.0135549
0.0135549
0.0135549
0.0135549
0.0135549
0.0135549
0.0135549
0.0135549
0.013555
0.013555
0.0133477
0.0133477
0.0133477
0.0133477
0.0133477
0.0133477
0.0133477
0.0133477
0.0133477
0.0133478
0.0130554
0.0130554
0.0130554
0.0130555
0.0130555
0.0130555
0.0130555
0.0130555
0.0130555
0.0130555
0.0126951
0.0126951
0.0126951
0.0126952
0.0126952
0.0126952
0.0126952
0.0126952
0.0126952
0.0126952
0.0122805
0.0122805
0.0122805
0.0122805
0.0122805
0.0122805
0.0122805
0.0122805
0.0122806
0.0122806
0.0118226
0.0118226
0.0118226
0.0118226
0.0118226
0.0118226
0.0118226
0.0118226
0.0118227
0.0118227
0.0113305
0.0113305
0.0113305
0.0113305
0.0113305
0.0113305
0.0113305
0.0113305
0.0113305
0.0113305
0.0108114
0.0108114
0.0108114
0.0108114
0.0108114
0.0108114
0.0108114
0.0108114
0.0108114
0.0108115
0.0102715
0.0102715
0.0102715
0.0102715
0.0102715
0.0102715
0.0102715
0.0102715
0.0102715
0.0102715
0.00971578
0.00971578
0.00971578
0.00971578
0.00971579
0.00971579
0.00971579
0.0097158
0.0097158
0.00971581
0.00914851
0.00914851
0.00914851
0.00914851
0.00914851
0.00914851
0.00914851
0.00914851
0.00914852
0.00914852
0.00857339
0.00857339
0.00857339
0.00857339
0.00857339
0.00857339
0.00857339
0.00857339
0.00857339
0.00857339
0.00799376
0.00799376
0.00799376
0.00799376
0.00799375
0.00799375
0.00799375
0.00799375
0.00799375
0.00799375
0.00741269
0.00741269
0.00741269
0.00741268
0.00741268
0.00741267
0.00741267
0.00741267
0.00741267
0.00741266
0.00683316
0.00683316
0.00683316
0.00683315
0.00683315
0.00683314
0.00683313
0.00683313
0.00683313
0.00683312
0.00625815
0.00625815
0.00625814
0.00625814
0.00625813
0.00625812
0.00625812
0.00625811
0.0062581
0.00625809
0.00569071
0.0056907
0.0056907
0.00569069
0.00569068
0.00569067
0.00569066
0.00569065
0.00569064
0.00569062
0.00513411
0.0051341
0.00513409
0.00513408
0.00513407
0.00513406
0.00513405
0.00513403
0.00513402
0.005134
0.00459196
0.00459195
0.00459194
0.00459193
0.00459191
0.0045919
0.00459188
0.00459187
0.00459186
0.00459183
0.00406773
0.00406772
0.00406771
0.0040677
0.00406768
0.00406767
0.00406765
0.00406764
0.00406762
0.00406759
0.00356503
0.00356502
0.00356501
0.00356499
0.00356497
0.00356496
0.00356494
0.00356492
0.00356491
0.00356487
0.00308797
0.00308796
0.00308795
0.00308793
0.00308792
0.0030879
0.00308788
0.00308787
0.00308785
0.00308781
0.00264018
0.00264017
0.00264016
0.00264014
0.00264013
0.00264011
0.0026401
0.00264008
0.00264006
0.00264003
0.00222468
0.00222467
0.00222466
0.00222465
0.00222463
0.00222462
0.00222461
0.00222459
0.00222458
0.00222455
0.00184403
0.00184403
0.00184402
0.00184401
0.001844
0.00184399
0.00184398
0.00184397
0.00184397
0.00184394
0.00150061
0.00150061
0.00150061
0.0015006
0.0015006
0.00150059
0.00150059
0.00150058
0.00150058
0.00150057
0.00119566
0.00119566
0.00119567
0.00119567
0.00119567
0.00119567
0.00119567
0.00119567
0.00119567
0.00119568
0.000930286
0.000930289
0.000930293
0.000930298
0.000930303
0.000930309
0.000930314
0.00093032
0.000930325
0.000930336
0.000717957
0.000717958
0.000717961
0.000717964
0.000717967
0.00071797
0.000717973
0.000717976
0.00071798
0.000717987
0.000584873
0.000584871
0.000584867
0.000584863
0.000584859
0.000584855
0.00058485
0.000584846
0.000584842
0.000584832
0.000515967
0.000515964
0.00051596
0.000515954
0.000515948
0.000515942
0.000515935
0.000515929
0.000515923
0.00051591
0.000428579
0.000428579
0.000428578
0.000428577
0.000428575
0.000428574
0.000428573
0.000428572
0.00042857
0.000428567
0.000343048
0.000343047
0.000343046
0.000343045
0.000343044
0.000343043
0.000343041
0.00034304
0.000343039
0.000343036
0.00030931
0.000309309
0.000309307
0.000309305
0.000309303
0.000309301
0.000309298
0.000309296
0.000309294
0.000309289
0.00031883
0.000318828
0.000318826
0.000318823
0.000318819
0.000318816
0.000318812
0.000318809
0.000318805
0.000318798
0.000360456
0.000360454
0.00036045
0.000360446
0.000360441
0.000360437
0.000360432
0.000360427
0.000360423
0.000360413
0.000445053
0.00044505
0.000445045
0.000445039
0.000445032
0.000445026
0.000445019
0.000445013
0.000445006
0.000444993
0.000592173
0.000592169
0.000592161
0.000592153
0.000592144
0.000592134
0.000592125
0.000592116
0.000592106
0.000592087
0.000795672
0.000795667
0.000795657
0.000795645
0.000795633
0.000795621
0.000795608
0.000795595
0.000795583
0.000795557
0.000968758
0.000968751
0.00096874
0.000968726
0.000968711
0.000968696
0.000968681
0.000968666
0.00096865
0.000968619
0.00259895
0.00259895
0.00259895
0.00259895
0.00259895
0.00259895
0.00259895
0.00259895
0.00259894
0.00259895
0.00577541
0.00577541
0.00577541
0.0057754
0.0057754
0.0057754
0.0057754
0.00577541
0.00577542
0.00577544
0.00814226
0.00814226
0.00814226
0.00814226
0.00814226
0.00814226
0.00814227
0.00814228
0.00814229
0.00814231
0.00999863
0.00999863
0.00999863
0.00999864
0.00999864
0.00999864
0.00999865
0.00999866
0.00999867
0.00999869
0.0113794
0.0113794
0.0113795
0.0113795
0.0113795
0.0113795
0.0113795
0.0113795
0.0113795
0.0113795
0.0123628
0.0123628
0.0123628
0.0123628
0.0123629
0.0123629
0.0123629
0.0123629
0.0123629
0.0123629
0.0130244
0.0130244
0.0130244
0.0130244
0.0130244
0.0130244
0.0130244
0.0130244
0.0130244
0.0130245
0.0134278
0.0134278
0.0134278
0.0134278
0.0134278
0.0134278
0.0134278
0.0134278
0.0134278
0.0134279
0.0136245
0.0136245
0.0136246
0.0136246
0.0136246
0.0136246
0.0136246
0.0136246
0.0136246
0.0136246
0.0136559
0.0136559
0.013656
0.013656
0.013656
0.013656
0.013656
0.013656
0.013656
0.013656
0.0135549
0.0135549
0.0135549
0.0135549
0.0135549
0.0135549
0.0135549
0.0135549
0.0135549
0.013555
0.0133477
0.0133477
0.0133477
0.0133477
0.0133477
0.0133477
0.0133477
0.0133477
0.0133477
0.0133478
0.0130554
0.0130554
0.0130554
0.0130554
0.0130554
0.0130554
0.0130555
0.0130555
0.0130555
0.0130555
0.0126951
0.0126951
0.0126951
0.0126951
0.0126951
0.0126952
0.0126952
0.0126952
0.0126952
0.0126952
0.0122805
0.0122805
0.0122805
0.0122805
0.0122805
0.0122805
0.0122805
0.0122805
0.0122805
0.0122806
0.0118226
0.0118226
0.0118226
0.0118226
0.0118226
0.0118226
0.0118226
0.0118226
0.0118226
0.0118227
0.0113304
0.0113304
0.0113305
0.0113305
0.0113305
0.0113305
0.0113305
0.0113305
0.0113305
0.0113305
0.0108114
0.0108114
0.0108114
0.0108114
0.0108114
0.0108114
0.0108114
0.0108114
0.0108114
0.0108114
0.0102715
0.0102715
0.0102715
0.0102715
0.0102715
0.0102715
0.0102715
0.0102715
0.0102715
0.0102715
0.00971578
0.00971578
0.00971578
0.00971578
0.00971578
0.00971579
0.00971579
0.00971579
0.0097158
0.0097158
0.00914851
0.00914851
0.00914851
0.00914851
0.00914851
0.00914852
0.00914852
0.00914852
0.00914852
0.00914853
0.0085734
0.0085734
0.00857339
0.00857339
0.00857339
0.00857339
0.0085734
0.0085734
0.0085734
0.0085734
0.00799377
0.00799377
0.00799377
0.00799377
0.00799377
0.00799377
0.00799377
0.00799376
0.00799376
0.00799376
0.00741271
0.00741271
0.0074127
0.0074127
0.0074127
0.00741269
0.00741269
0.00741269
0.00741268
0.00741268
0.00683319
0.00683318
0.00683318
0.00683317
0.00683317
0.00683316
0.00683316
0.00683315
0.00683315
0.00683314
0.00625818
0.00625818
0.00625817
0.00625817
0.00625816
0.00625815
0.00625814
0.00625814
0.00625813
0.00625812
0.00569075
0.00569075
0.00569074
0.00569073
0.00569072
0.00569071
0.0056907
0.00569069
0.00569068
0.00569066
0.00513412
0.00513412
0.00513411
0.0051341
0.00513408
0.00513407
0.00513406
0.00513405
0.00513404
0.00513401
0.00459194
0.00459193
0.00459192
0.00459191
0.00459189
0.00459188
0.00459187
0.00459185
0.00459184
0.00459181
0.00406775
0.00406774
0.00406773
0.00406771
0.0040677
0.00406768
0.00406767
0.00406765
0.00406763
0.0040676
0.00356507
0.00356506
0.00356505
0.00356503
0.00356502
0.003565
0.00356499
0.00356497
0.00356495
0.00356492
0.00308799
0.00308799
0.00308797
0.00308796
0.00308794
0.00308792
0.00308791
0.00308789
0.00308787
0.00308784
0.00264025
0.00264025
0.00264023
0.00264022
0.0026402
0.00264019
0.00264017
0.00264016
0.00264014
0.00264011
0.00222484
0.00222483
0.00222482
0.00222481
0.00222479
0.00222478
0.00222477
0.00222475
0.00222474
0.00222471
0.00184429
0.00184428
0.00184428
0.00184427
0.00184426
0.00184425
0.00184424
0.00184423
0.00184422
0.0018442
0.00150093
0.00150093
0.00150092
0.00150092
0.00150092
0.00150091
0.00150091
0.0015009
0.0015009
0.00150089
0.00119584
0.00119584
0.00119584
0.00119584
0.00119584
0.00119584
0.00119585
0.00119585
0.00119585
0.00119585
0.000930281
0.000930284
0.000930288
0.000930293
0.000930298
0.000930304
0.000930309
0.000930314
0.00093032
0.000930331
0.000717888
0.000717889
0.000717892
0.000717895
0.000717898
0.000717901
0.000717905
0.000717908
0.000717911
0.000717918
0.000584877
0.000584875
0.000584872
0.000584868
0.000584863
0.000584859
0.000584855
0.000584851
0.000584846
0.000584837
0.000515923
0.000515921
0.000515916
0.00051591
0.000515904
0.000515898
0.000515892
0.000515886
0.000515879
0.000515866
0.000428526
0.000428525
0.000428525
0.000428523
0.000428522
0.000428521
0.00042852
0.000428518
0.000428517
0.000428514
0.000343075
0.000343075
0.000343074
0.000343072
0.000343071
0.00034307
0.000343069
0.000343067
0.000343066
0.000343063
0.000309328
0.000309327
0.000309325
0.000309323
0.000309321
0.000309319
0.000309317
0.000309314
0.000309312
0.000309307
0.00031883
0.000318828
0.000318826
0.000318822
0.000318819
0.000318816
0.000318812
0.000318809
0.000318805
0.000318798
0.000360477
0.000360475
0.000360471
0.000360467
0.000360462
0.000360457
0.000360453
0.000360448
0.000360443
0.000360434
0.000445064
0.000445061
0.000445056
0.00044505
0.000445043
0.000445037
0.00044503
0.000445024
0.000445017
0.000445004
0.00059217
0.000592166
0.000592159
0.00059215
0.000592141
0.000592132
0.000592123
0.000592113
0.000592104
0.000592085
0.000795673
0.000795667
0.000795658
0.000795646
0.000795634
0.000795621
0.000795609
0.000795596
0.000795583
0.000795557
0.000968781
0.000968775
0.000968763
0.000968749
0.000968734
0.000968719
0.000968704
0.000968689
0.000968674
0.000968642
0.00259895
0.00259895
0.00259895
0.00259895
0.00259895
0.00259895
0.00259894
0.00259895
0.00259894
0.00259895
0.0057754
0.0057754
0.0057754
0.00577539
0.00577539
0.0057754
0.0057754
0.00577541
0.00577542
0.00577545
0.00814224
0.00814224
0.00814224
0.00814225
0.00814225
0.00814226
0.00814226
0.00814228
0.00814229
0.00814232
0.00999861
0.00999861
0.00999862
0.00999862
0.00999863
0.00999864
0.00999865
0.00999866
0.00999867
0.0099987
0.0113794
0.0113794
0.0113794
0.0113794
0.0113794
0.0113795
0.0113795
0.0113795
0.0113795
0.0113795
0.0123628
0.0123628
0.0123628
0.0123628
0.0123628
0.0123628
0.0123629
0.0123629
0.0123629
0.0123629
0.0130244
0.0130244
0.0130244
0.0130244
0.0130244
0.0130244
0.0130244
0.0130244
0.0130244
0.0130245
0.0134277
0.0134277
0.0134277
0.0134278
0.0134278
0.0134278
0.0134278
0.0134278
0.0134278
0.0134279
0.0136245
0.0136245
0.0136245
0.0136245
0.0136245
0.0136246
0.0136246
0.0136246
0.0136246
0.0136246
0.0136559
0.0136559
0.0136559
0.0136559
0.0136559
0.013656
0.013656
0.013656
0.013656
0.013656
0.0135548
0.0135549
0.0135549
0.0135549
0.0135549
0.0135549
0.0135549
0.0135549
0.0135549
0.013555
0.0133476
0.0133476
0.0133476
0.0133477
0.0133477
0.0133477
0.0133477
0.0133477
0.0133477
0.0133477
0.0130554
0.0130554
0.0130554
0.0130554
0.0130554
0.0130554
0.0130554
0.0130555
0.0130555
0.0130555
0.0126951
0.0126951
0.0126951
0.0126951
0.0126951
0.0126951
0.0126951
0.0126952
0.0126952
0.0126952
0.0122805
0.0122805
0.0122805
0.0122805
0.0122805
0.0122805
0.0122805
0.0122805
0.0122805
0.0122805
0.0118226
0.0118226
0.0118226
0.0118226
0.0118226
0.0118226
0.0118226
0.0118226
0.0118226
0.0118226
0.0113304
0.0113304
0.0113304
0.0113304
0.0113304
0.0113305
0.0113305
0.0113305
0.0113305
0.0113305
0.0108114
0.0108114
0.0108114
0.0108114
0.0108114
0.0108114
0.0108114
0.0108114
0.0108114
0.0108114
0.0102715
0.0102715
0.0102715
0.0102715
0.0102715
0.0102715
0.0102715
0.0102715
0.0102715
0.0102715
0.00971578
0.00971578
0.00971578
0.00971578
0.00971578
0.00971579
0.00971579
0.00971579
0.0097158
0.0097158
0.00914851
0.00914851
0.00914851
0.00914852
0.00914852
0.00914852
0.00914852
0.00914852
0.00914853
0.00914853
0.00857341
0.00857341
0.00857341
0.00857341
0.00857341
0.00857341
0.00857341
0.00857341
0.00857341
0.00857341
0.00799379
0.00799379
0.00799378
0.00799378
0.00799378
0.00799378
0.00799378
0.00799378
0.00799378
0.00799377
0.00741273
0.00741273
0.00741272
0.00741272
0.00741271
0.00741271
0.00741271
0.00741271
0.0074127
0.0074127
0.00683321
0.00683321
0.0068332
0.0068332
0.00683319
0.00683319
0.00683318
0.00683318
0.00683317
0.00683316
0.00625822
0.00625822
0.00625821
0.0062582
0.0062582
0.00625819
0.00625818
0.00625818
0.00625817
0.00625815
0.00569081
0.0056908
0.0056908
0.00569079
0.00569078
0.00569077
0.00569076
0.00569075
0.00569074
0.00569072
0.00513419
0.00513418
0.00513417
0.00513416
0.00513415
0.00513414
0.00513412
0.00513411
0.0051341
0.00513408
0.00459195
0.00459194
0.00459193
0.00459192
0.00459191
0.00459189
0.00459188
0.00459186
0.00459185
0.00459182
0.00406778
0.00406777
0.00406776
0.00406775
0.00406773
0.00406771
0.0040677
0.00406768
0.00406767
0.00406764
0.00356516
0.00356515
0.00356514
0.00356512
0.00356511
0.00356509
0.00356507
0.00356506
0.00356504
0.00356501
0.00308809
0.00308808
0.00308807
0.00308805
0.00308804
0.00308802
0.003088
0.00308799
0.00308797
0.00308793
0.00264037
0.00264036
0.00264035
0.00264033
0.00264032
0.0026403
0.00264029
0.00264027
0.00264025
0.00264022
0.00222504
0.00222504
0.00222503
0.00222502
0.002225
0.00222499
0.00222497
0.00222496
0.00222495
0.00222492
0.0018446
0.00184459
0.00184459
0.00184458
0.00184457
0.00184456
0.00184455
0.00184454
0.00184453
0.00184451
0.00150122
0.00150122
0.00150122
0.00150122
0.00150121
0.00150121
0.0015012
0.0015012
0.00150119
0.00150118
0.00119593
0.00119593
0.00119593
0.00119593
0.00119593
0.00119593
0.00119593
0.00119594
0.00119594
0.00119594
0.00093026
0.000930262
0.000930267
0.000930272
0.000930277
0.000930282
0.000930288
0.000930293
0.000930299
0.00093031
0.000717848
0.00071785
0.000717852
0.000717855
0.000717859
0.000717862
0.000717865
0.000717868
0.000717872
0.000717879
0.000584886
0.000584884
0.000584881
0.000584877
0.000584873
0.000584868
0.000584864
0.000584859
0.000584855
0.000584846
0.000515921
0.000515918
0.000515914
0.000515908
0.000515902
0.000515896
0.00051589
0.000515884
0.000515877
0.000515865
0.000428495
0.000428494
0.000428493
0.000428492
0.000428491
0.000428489
0.000428488
0.000428487
0.000428485
0.000428483
0.000343081
0.000343081
0.00034308
0.000343079
0.000343078
0.000343076
0.000343075
0.000343074
0.000343072
0.00034307
0.000309344
0.000309343
0.000309341
0.000309339
0.000309337
0.000309334
0.000309332
0.00030933
0.000309327
0.000309323
0.000318841
0.00031884
0.000318837
0.000318834
0.00031883
0.000318827
0.000318824
0.00031882
0.000318817
0.00031881
0.000360487
0.000360485
0.000360481
0.000360477
0.000360472
0.000360468
0.000360463
0.000360458
0.000360454
0.000360444
0.000445071
0.000445068
0.000445063
0.000445057
0.00044505
0.000445044
0.000445037
0.000445031
0.000445024
0.00044501
0.000592171
0.000592167
0.00059216
0.000592151
0.000592142
0.000592133
0.000592124
0.000592114
0.000592105
0.000592086
0.000795677
0.000795671
0.000795662
0.00079565
0.000795638
0.000795625
0.000795613
0.0007956
0.000795587
0.000795561
0.000968802
0.000968796
0.000968784
0.00096877
0.000968755
0.00096874
0.000968725
0.00096871
0.000968695
0.000968663
0.00259895
0.00259895
0.00259895
0.00259895
0.00259895
0.00259895
0.00259894
0.00259894
0.00259894
0.00259894
0.00577539
0.00577539
0.00577539
0.00577539
0.00577539
0.0057754
0.0057754
0.00577541
0.00577543
0.00577546
0.00814223
0.00814223
0.00814223
0.00814224
0.00814225
0.00814226
0.00814226
0.00814227
0.00814229
0.00814232
0.0099986
0.0099986
0.0099986
0.00999861
0.00999862
0.00999863
0.00999865
0.00999866
0.00999868
0.00999871
0.0113794
0.0113794
0.0113794
0.0113794
0.0113794
0.0113795
0.0113795
0.0113795
0.0113795
0.0113795
0.0123628
0.0123628
0.0123628
0.0123628
0.0123628
0.0123628
0.0123629
0.0123629
0.0123629
0.0123629
0.0130243
0.0130243
0.0130243
0.0130243
0.0130244
0.0130244
0.0130244
0.0130244
0.0130244
0.0130245
0.0134277
0.0134277
0.0134277
0.0134277
0.0134278
0.0134278
0.0134278
0.0134278
0.0134278
0.0134279
0.0136245
0.0136245
0.0136245
0.0136245
0.0136245
0.0136246
0.0136246
0.0136246
0.0136246
0.0136246
0.0136559
0.0136559
0.0136559
0.0136559
0.0136559
0.0136559
0.013656
0.013656
0.013656
0.013656
0.0135548
0.0135548
0.0135548
0.0135548
0.0135549
0.0135549
0.0135549
0.0135549
0.0135549
0.013555
0.0133476
0.0133476
0.0133476
0.0133476
0.0133477
0.0133477
0.0133477
0.0133477
0.0133477
0.0133477
0.0130554
0.0130554
0.0130554
0.0130554
0.0130554
0.0130554
0.0130554
0.0130554
0.0130555
0.0130555
0.0126951
0.0126951
0.0126951
0.0126951
0.0126951
0.0126951
0.0126951
0.0126952
0.0126952
0.0126952
0.0122805
0.0122805
0.0122805
0.0122805
0.0122805
0.0122805
0.0122805
0.0122805
0.0122805
0.0122805
0.0118226
0.0118226
0.0118226
0.0118226
0.0118226
0.0118226
0.0118226
0.0118226
0.0118226
0.0118226
0.0113304
0.0113304
0.0113304
0.0113304
0.0113304
0.0113304
0.0113305
0.0113305
0.0113305
0.0113305
0.0108114
0.0108114
0.0108114
0.0108114
0.0108114
0.0108114
0.0108114
0.0108114
0.0108114
0.0108114
0.0102715
0.0102715
0.0102715
0.0102715
0.0102715
0.0102715
0.0102715
0.0102715
0.0102715
0.0102715
0.00971577
0.00971578
0.00971578
0.00971578
0.00971578
0.00971579
0.00971579
0.00971579
0.0097158
0.0097158
0.00914852
0.00914852
0.00914852
0.00914852
0.00914852
0.00914852
0.00914852
0.00914852
0.00914853
0.00914853
0.00857342
0.00857342
0.00857342
0.00857342
0.00857342
0.00857342
0.00857342
0.00857342
0.00857342
0.00857342
0.0079938
0.00799379
0.00799379
0.00799379
0.00799379
0.00799379
0.00799379
0.00799378
0.00799378
0.00799378
0.00741274
0.00741274
0.00741274
0.00741273
0.00741273
0.00741273
0.00741272
0.00741272
0.00741272
0.00741271
0.00683323
0.00683323
0.00683323
0.00683322
0.00683322
0.00683321
0.00683321
0.0068332
0.0068332
0.00683319
0.00625825
0.00625825
0.00625824
0.00625823
0.00625823
0.00625822
0.00625821
0.0062582
0.0062582
0.00625818
0.00569086
0.00569085
0.00569084
0.00569083
0.00569083
0.00569082
0.00569081
0.0056908
0.00569079
0.00569077
0.00513425
0.00513424
0.00513423
0.00513422
0.00513421
0.0051342
0.00513419
0.00513418
0.00513416
0.00513414
0.00459196
0.00459195
0.00459194
0.00459193
0.00459191
0.0045919
0.00459188
0.00459187
0.00459186
0.00459183
0.00406778
0.00406778
0.00406777
0.00406775
0.00406773
0.00406772
0.0040677
0.00406769
0.00406767
0.00406764
0.00356515
0.00356514
0.00356513
0.00356512
0.0035651
0.00356508
0.00356507
0.00356505
0.00356503
0.003565
0.00308815
0.00308814
0.00308813
0.00308812
0.0030881
0.00308808
0.00308806
0.00308805
0.00308803
0.003088
0.0026405
0.00264049
0.00264048
0.00264046
0.00264045
0.00264043
0.00264041
0.0026404
0.00264038
0.00264035
0.00222524
0.00222523
0.00222522
0.00222521
0.0022252
0.00222518
0.00222517
0.00222516
0.00222514
0.00222512
0.00184483
0.00184483
0.00184482
0.00184481
0.0018448
0.00184479
0.00184478
0.00184477
0.00184476
0.00184474
0.00150138
0.00150137
0.00150137
0.00150137
0.00150136
0.00150136
0.00150135
0.00150135
0.00150134
0.00150133
0.00119593
0.00119593
0.00119593
0.00119593
0.00119593
0.00119594
0.00119594
0.00119594
0.00119594
0.00119594
0.000930185
0.000930188
0.000930192
0.000930197
0.000930203
0.000930208
0.000930214
0.000930219
0.000930225
0.000930236
0.000717809
0.00071781
0.000717813
0.000717816
0.000717819
0.000717822
0.000717826
0.000717829
0.000717832
0.000717839
0.000584882
0.00058488
0.000584876
0.000584872
0.000584868
0.000584864
0.000584859
0.000584855
0.000584851
0.000584842
0.000515933
0.000515931
0.000515926
0.00051592
0.000515914
0.000515908
0.000515902
0.000515896
0.00051589
0.000515877
0.000428486
0.000428486
0.000428485
0.000428484
0.000428483
0.000428481
0.00042848
0.000428479
0.000428477
0.000428475
0.000343085
0.000343084
0.000343083
0.000343082
0.000343081
0.000343079
0.000343078
0.000343077
0.000343075
0.000343073
0.000309347
0.000309346
0.000309344
0.000309342
0.00030934
0.000309338
0.000309335
0.000309333
0.000309331
0.000309326
0.000318847
0.000318845
0.000318842
0.000318839
0.000318836
0.000318832
0.000318829
0.000318826
0.000318822
0.000318815
0.000360489
0.000360487
0.000360483
0.000360479
0.000360474
0.00036047
0.000360465
0.000360461
0.000360456
0.000360446
0.00044507
0.000445067
0.000445062
0.000445056
0.000445049
0.000445043
0.000445036
0.00044503
0.000445023
0.000445009
0.000592168
0.000592164
0.000592157
0.000592148
0.000592139
0.00059213
0.00059212
0.000592111
0.000592102
0.000592082
0.00079568
0.000795674
0.000795664
0.000795653
0.00079564
0.000795628
0.000795615
0.000795603
0.00079559
0.000795564
0.000968823
0.000968816
0.000968805
0.000968791
0.000968776
0.000968761
0.000968746
0.000968731
0.000968715
0.000968684
0.00259894
0.00259894
0.00259895
0.00259895
0.00259895
0.00259894
0.00259894
0.00259894
0.00259894
0.00259894
0.00577538
0.00577538
0.00577538
0.00577539
0.00577539
0.0057754
0.00577541
0.00577543
0.00577544
0.00577547
0.00814222
0.00814222
0.00814223
0.00814223
0.00814224
0.00814226
0.00814227
0.00814229
0.00814231
0.00814234
0.00999858
0.00999858
0.00999859
0.00999861
0.00999862
0.00999864
0.00999865
0.00999867
0.00999869
0.00999873
0.0113794
0.0113794
0.0113794
0.0113794
0.0113794
0.0113795
0.0113795
0.0113795
0.0113795
0.0113796
0.0123628
0.0123628
0.0123628
0.0123628
0.0123628
0.0123628
0.0123629
0.0123629
0.0123629
0.0123629
0.0130243
0.0130243
0.0130243
0.0130243
0.0130244
0.0130244
0.0130244
0.0130244
0.0130245
0.0130245
0.0134277
0.0134277
0.0134277
0.0134277
0.0134277
0.0134278
0.0134278
0.0134278
0.0134278
0.0134279
0.0136245
0.0136245
0.0136245
0.0136245
0.0136245
0.0136245
0.0136246
0.0136246
0.0136246
0.0136247
0.0136559
0.0136559
0.0136559
0.0136559
0.0136559
0.0136559
0.013656
0.013656
0.013656
0.013656
0.0135548
0.0135548
0.0135548
0.0135548
0.0135549
0.0135549
0.0135549
0.0135549
0.0135549
0.013555
0.0133476
0.0133476
0.0133476
0.0133476
0.0133476
0.0133477
0.0133477
0.0133477
0.0133477
0.0133477
0.0130554
0.0130554
0.0130554
0.0130554
0.0130554
0.0130554
0.0130554
0.0130554
0.0130555
0.0130555
0.0126951
0.0126951
0.0126951
0.0126951
0.0126951
0.0126951
0.0126951
0.0126952
0.0126952
0.0126952
0.0122804
0.0122804
0.0122804
0.0122805
0.0122805
0.0122805
0.0122805
0.0122805
0.0122805
0.0122805
0.0118226
0.0118226
0.0118226
0.0118226
0.0118226
0.0118226
0.0118226
0.0118226
0.0118226
0.0118226
0.0113304
0.0113304
0.0113304
0.0113304
0.0113304
0.0113304
0.0113305
0.0113305
0.0113305
0.0113305
0.0108114
0.0108114
0.0108114
0.0108114
0.0108114
0.0108114
0.0108114
0.0108114
0.0108114
0.0108114
0.0102715
0.0102715
0.0102715
0.0102715
0.0102715
0.0102715
0.0102715
0.0102715
0.0102715
0.0102715
0.00971577
0.00971577
0.00971578
0.00971578
0.00971578
0.00971579
0.00971579
0.00971579
0.0097158
0.0097158
0.00914852
0.00914852
0.00914852
0.00914852
0.00914852
0.00914852
0.00914852
0.00914852
0.00914853
0.00914853
0.00857342
0.00857342
0.00857342
0.00857342
0.00857342
0.00857342
0.00857342
0.00857342
0.00857342
0.00857342
0.0079938
0.0079938
0.0079938
0.0079938
0.0079938
0.00799379
0.00799379
0.00799379
0.00799379
0.00799379
0.00741275
0.00741275
0.00741275
0.00741275
0.00741274
0.00741274
0.00741273
0.00741273
0.00741273
0.00741272
0.00683325
0.00683325
0.00683324
0.00683324
0.00683323
0.00683323
0.00683322
0.00683322
0.00683321
0.0068332
0.00625827
0.00625827
0.00625826
0.00625826
0.00625825
0.00625824
0.00625823
0.00625822
0.00625822
0.0062582
0.00569089
0.00569088
0.00569088
0.00569087
0.00569086
0.00569085
0.00569084
0.00569083
0.00569082
0.0056908
0.00513431
0.00513431
0.0051343
0.00513429
0.00513428
0.00513426
0.00513425
0.00513424
0.00513423
0.00513421
0.00459199
0.00459199
0.00459198
0.00459196
0.00459195
0.00459193
0.00459192
0.00459191
0.00459189
0.00459187
0.00406783
0.00406782
0.00406781
0.0040678
0.00406778
0.00406776
0.00406775
0.00406773
0.00406772
0.00406769
0.0035655
0.00356549
0.00356548
0.00356546
0.00356544
0.00356543
0.00356541
0.00356539
0.00356538
0.00356534
0.0030883
0.00308829
0.00308827
0.00308826
0.00308824
0.00308822
0.00308821
0.00308819
0.00308817
0.00308814
0.00264062
0.00264061
0.0026406
0.00264059
0.00264057
0.00264055
0.00264054
0.00264052
0.00264051
0.00264047
0.00222545
0.00222545
0.00222544
0.00222542
0.00222541
0.0022254
0.00222538
0.00222537
0.00222536
0.00222533
0.00184503
0.00184502
0.00184502
0.00184501
0.001845
0.00184499
0.00184498
0.00184497
0.00184496
0.00184494
0.00150144
0.00150144
0.00150143
0.00150143
0.00150142
0.00150142
0.00150142
0.00150141
0.00150141
0.0015014
0.00119588
0.00119588
0.00119588
0.00119588
0.00119588
0.00119588
0.00119589
0.00119589
0.00119589
0.00119589
0.000930145
0.000930148
0.000930152
0.000930157
0.000930162
0.000930168
0.000930173
0.000930179
0.000930184
0.000930196
0.000717792
0.000717793
0.000717796
0.000717799
0.000717802
0.000717806
0.000717809
0.000717812
0.000717816
0.000717823
0.000584886
0.000584884
0.000584881
0.000584877
0.000584873
0.000584868
0.000584864
0.00058486
0.000584855
0.000584846
0.000515944
0.000515941
0.000515936
0.000515931
0.000515925
0.000515919
0.000515912
0.000515906
0.0005159
0.000515887
0.000428486
0.000428485
0.000428484
0.000428483
0.000428482
0.000428481
0.000428479
0.000428478
0.000428477
0.000428474
0.000343087
0.000343087
0.000343086
0.000343085
0.000343083
0.000343082
0.000343081
0.000343079
0.000343078
0.000343075
0.00030935
0.000309349
0.000309347
0.000309345
0.000309343
0.00030934
0.000309338
0.000309336
0.000309333
0.000309329
0.000318851
0.00031885
0.000318847
0.000318844
0.00031884
0.000318837
0.000318834
0.00031883
0.000318827
0.000318819
0.000360495
0.000360493
0.00036049
0.000360485
0.000360481
0.000360476
0.000360472
0.000360467
0.000360462
0.000360453
0.000445079
0.000445076
0.000445071
0.000445065
0.000445058
0.000445052
0.000445045
0.000445039
0.000445032
0.000445019
0.00059218
0.000592176
0.000592169
0.00059216
0.000592151
0.000592142
0.000592132
0.000592123
0.000592114
0.000592094
0.000795695
0.000795689
0.00079568
0.000795668
0.000795656
0.000795643
0.000795631
0.000795618
0.000795605
0.000795579
0.000968841
0.000968835
0.000968823
0.000968809
0.000968794
0.000968779
0.000968764
0.000968749
0.000968734
0.000968702
0.00259894
0.00259894
0.00259895
0.00259895
0.00259894
0.00259894
0.00259894
0.00259894
0.00259894
0.00259894
0.00577538
0.00577538
0.00577538
0.00577539
0.00577539
0.0057754
0.00577541
0.00577543
0.00577544
0.00577547
0.00814221
0.00814222
0.00814223
0.00814224
0.00814226
0.00814227
0.00814229
0.0081423
0.00814232
0.00814234
0.00999857
0.00999858
0.0099986
0.00999861
0.00999863
0.00999865
0.00999867
0.00999869
0.00999871
0.00999873
0.0113794
0.0113794
0.0113794
0.0113794
0.0113794
0.0113795
0.0113795
0.0113795
0.0113795
0.0113796
0.0123628
0.0123628
0.0123628
0.0123628
0.0123628
0.0123629
0.0123629
0.0123629
0.0123629
0.012363
0.0130243
0.0130243
0.0130243
0.0130243
0.0130244
0.0130244
0.0130244
0.0130244
0.0130245
0.0130245
0.0134277
0.0134277
0.0134277
0.0134277
0.0134278
0.0134278
0.0134278
0.0134278
0.0134279
0.0134279
0.0136245
0.0136245
0.0136245
0.0136245
0.0136245
0.0136246
0.0136246
0.0136246
0.0136246
0.0136247
0.0136559
0.0136559
0.0136559
0.0136559
0.0136559
0.013656
0.013656
0.013656
0.013656
0.0136561
0.0135548
0.0135548
0.0135548
0.0135548
0.0135549
0.0135549
0.0135549
0.0135549
0.013555
0.013555
0.0133476
0.0133476
0.0133476
0.0133476
0.0133477
0.0133477
0.0133477
0.0133477
0.0133477
0.0133478
0.0130553
0.0130554
0.0130554
0.0130554
0.0130554
0.0130554
0.0130554
0.0130555
0.0130555
0.0130555
0.0126951
0.0126951
0.0126951
0.0126951
0.0126951
0.0126951
0.0126951
0.0126952
0.0126952
0.0126952
0.0122804
0.0122804
0.0122804
0.0122805
0.0122805
0.0122805
0.0122805
0.0122805
0.0122805
0.0122806
0.0118225
0.0118225
0.0118226
0.0118226
0.0118226
0.0118226
0.0118226
0.0118226
0.0118226
0.0118227
0.0113304
0.0113304
0.0113304
0.0113304
0.0113304
0.0113304
0.0113305
0.0113305
0.0113305
0.0113305
0.0108114
0.0108114
0.0108114
0.0108114
0.0108114
0.0108114
0.0108114
0.0108114
0.0108114
0.0108114
0.0102715
0.0102715
0.0102715
0.0102715
0.0102715
0.0102715
0.0102715
0.0102715
0.0102715
0.0102715
0.00971577
0.00971577
0.00971578
0.00971578
0.00971578
0.00971579
0.00971579
0.00971579
0.0097158
0.00971581
0.00914852
0.00914852
0.00914852
0.00914852
0.00914852
0.00914852
0.00914852
0.00914853
0.00914853
0.00914853
0.00857342
0.00857342
0.00857342
0.00857342
0.00857342
0.00857342
0.00857342
0.00857342
0.00857342
0.00857342
0.00799381
0.00799381
0.0079938
0.0079938
0.0079938
0.0079938
0.00799379
0.00799379
0.00799379
0.00799379
0.00741276
0.00741276
0.00741275
0.00741275
0.00741274
0.00741274
0.00741274
0.00741273
0.00741273
0.00741272
0.00683326
0.00683326
0.00683325
0.00683324
0.00683324
0.00683323
0.00683322
0.00683322
0.00683321
0.0068332
0.00625828
0.00625828
0.00625827
0.00625826
0.00625826
0.00625825
0.00625824
0.00625823
0.00625822
0.00625821
0.00569091
0.0056909
0.00569089
0.00569088
0.00569087
0.00569086
0.00569085
0.00569084
0.00569083
0.00569081
0.00513435
0.00513434
0.00513433
0.00513432
0.00513431
0.0051343
0.00513428
0.00513427
0.00513426
0.00513424
0.00459205
0.00459204
0.00459203
0.00459202
0.00459201
0.00459199
0.00459198
0.00459196
0.00459195
0.00459192
0.00406784
0.00406783
0.00406782
0.0040678
0.00406779
0.00406777
0.00406775
0.00406774
0.00406772
0.00406769
0.00356542
0.00356541
0.0035654
0.00356538
0.00356537
0.00356535
0.00356533
0.00356532
0.0035653
0.00356527
0.00308847
0.00308847
0.00308845
0.00308844
0.00308842
0.0030884
0.00308838
0.00308837
0.00308835
0.00308832
0.0026408
0.00264079
0.00264078
0.00264077
0.00264075
0.00264073
0.00264072
0.0026407
0.00264069
0.00264065
0.00222554
0.00222554
0.00222553
0.00222551
0.0022255
0.00222549
0.00222547
0.00222546
0.00222545
0.00222542
0.001845
0.001845
0.00184499
0.00184498
0.00184497
0.00184496
0.00184495
0.00184495
0.00184494
0.00184492
0.00150138
0.00150138
0.00150137
0.00150137
0.00150137
0.00150136
0.00150136
0.00150135
0.00150135
0.00150134
0.00119583
0.00119583
0.00119583
0.00119583
0.00119583
0.00119583
0.00119583
0.00119584
0.00119584
0.00119584
0.000930118
0.00093012
0.000930125
0.00093013
0.000930136
0.000930141
0.000930147
0.000930152
0.000930158
0.00093017
0.000717781
0.000717783
0.000717785
0.000717788
0.000717792
0.000717795
0.000717799
0.000717802
0.000717805
0.000717812
0.000584889
0.000584887
0.000584884
0.00058488
0.000584875
0.000584871
0.000584867
0.000584862
0.000584858
0.000584849
0.00051595
0.000515948
0.000515943
0.000515937
0.000515931
0.000515925
0.000515919
0.000515913
0.000515906
0.000515893
0.000428492
0.000428491
0.00042849
0.000428489
0.000428488
0.000428487
0.000428485
0.000428484
0.000428483
0.00042848
0.00034309
0.00034309
0.000343089
0.000343088
0.000343086
0.000343085
0.000343084
0.000343082
0.000343081
0.000343078
0.000309351
0.00030935
0.000309348
0.000309346
0.000309344
0.000309342
0.000309339
0.000309337
0.000309335
0.00030933
0.000318852
0.000318851
0.000318848
0.000318845
0.000318842
0.000318838
0.000318835
0.000318831
0.000318828
0.000318821
0.000360496
0.000360494
0.00036049
0.000360486
0.000360482
0.000360477
0.000360472
0.000360468
0.000360463
0.000360453
0.00044508
0.000445077
0.000445072
0.000445066
0.00044506
0.000445053
0.000445047
0.00044504
0.000445033
0.00044502
0.000592182
0.000592178
0.000592171
0.000592162
0.000592153
0.000592144
0.000592135
0.000592125
0.000592116
0.000592097
0.000795698
0.000795693
0.000795683
0.000795671
0.000795659
0.000795647
0.000795634
0.000795621
0.000795609
0.000795583
0.000968849
0.000968843
0.000968831
0.000968817
0.000968802
0.000968787
0.000968772
0.000968757
0.000968741
0.00096871
)
;

boundaryField
{
    inlet
    {
        type            zeroGradient;
    }
    outlet
    {
        type            zeroGradient;
    }
    sideLeft
    {
        type            zeroGradient;
    }
    sideRight
    {
        type            zeroGradient;
    }
    top
    {
        type            symmetryPlane;
        value           nonuniform List<scalar> 
100
(
0.000968767
0.000968764
0.000968741
0.000968732
0.000968758
0.000968781
0.000968802
0.000968823
0.000968841
0.000968849
0.00096876
0.000968758
0.000968734
0.000968726
0.000968751
0.000968775
0.000968796
0.000968816
0.000968835
0.000968843
0.000968749
0.000968746
0.000968723
0.000968714
0.00096874
0.000968763
0.000968784
0.000968805
0.000968823
0.000968831
0.000968735
0.000968732
0.000968709
0.0009687
0.000968726
0.000968749
0.00096877
0.000968791
0.000968809
0.000968817
0.00096872
0.000968717
0.000968694
0.000968685
0.000968711
0.000968734
0.000968755
0.000968776
0.000968794
0.000968802
0.000968705
0.000968702
0.000968679
0.00096867
0.000968696
0.000968719
0.00096874
0.000968761
0.000968779
0.000968787
0.00096869
0.000968687
0.000968664
0.000968655
0.000968681
0.000968704
0.000968725
0.000968746
0.000968764
0.000968772
0.000968675
0.000968672
0.000968649
0.00096864
0.000968666
0.000968689
0.00096871
0.000968731
0.000968749
0.000968757
0.000968659
0.000968657
0.000968633
0.000968625
0.00096865
0.000968674
0.000968695
0.000968715
0.000968734
0.000968741
0.000968628
0.000968625
0.000968602
0.000968594
0.000968619
0.000968642
0.000968663
0.000968684
0.000968702
0.00096871
)
;
    }
    bottomRoughWall
    {
        type            nutRoughWallFunction;
        Cmu             0.03;
        kappa           0.41;
        E               9.8;
        Cs              uniform 0.5;
        Ks              uniform 0.0044;
        value           nonuniform List<scalar> 
100
(
0.000673149
0.000673147
0.000673146
0.000673145
0.000673145
0.000673144
0.000673144
0.000673143
0.000673142
0.000673142
0.000673149
0.000673147
0.000673146
0.000673145
0.000673145
0.000673144
0.000673144
0.000673143
0.000673143
0.000673142
0.00067315
0.000673148
0.000673147
0.000673146
0.000673145
0.000673144
0.000673144
0.000673143
0.000673143
0.000673143
0.00067315
0.000673148
0.000673147
0.000673146
0.000673145
0.000673145
0.000673144
0.000673144
0.000673143
0.000673143
0.00067315
0.000673148
0.000673147
0.000673146
0.000673145
0.000673144
0.000673143
0.000673143
0.000673143
0.000673143
0.000673149
0.000673148
0.000673147
0.000673146
0.000673145
0.000673144
0.000673143
0.000673143
0.000673143
0.000673142
0.000673149
0.000673147
0.000673146
0.000673145
0.000673144
0.000673143
0.000673143
0.000673142
0.000673142
0.000673142
0.000673149
0.000673147
0.000673146
0.000673145
0.000673144
0.000673143
0.000673143
0.000673142
0.000673142
0.000673142
0.000673148
0.000673146
0.000673145
0.000673144
0.000673143
0.000673143
0.000673142
0.000673142
0.000673142
0.000673141
0.000673148
0.000673146
0.000673146
0.000673145
0.000673144
0.000673143
0.000673143
0.000673142
0.000673142
0.000673142
)
;
    }
}


// ************************************************************************* //
