/*--------------------------------*- C++ -*----------------------------------*\
| =========                 |                                                 |
| \\      /  F ield         | foam-extend: Open Source CFD                    |
|  \\    /   O peration     | Version:     3.2                                |
|   \\  /    A nd           | Web:         http://www.foam-extend.org         |
|    \\/     M anipulation  | For copyright notice see file Copyright         |
\*---------------------------------------------------------------------------*/
FoamFile
{
    version     2.0;
    format      ascii;
    class       volScalarField;
    location    "1200000";
    object      p;
}
// * * * * * * * * * * * * * * * * * * * * * * * * * * * * * * * * * * * * * //

dimensions      [0 2 -2 0 0 0 0];

internalField   nonuniform List<scalar> 
5000
(
7.84563e-11
-2.70729e-05
2.09925e-06
6.16445e-05
0.000101871
0.000177617
0.000211632
0.000298717
0.000319625
0.000422771
2.30541e-07
-2.74814e-05
1.8641e-06
6.20756e-05
0.000102659
0.000178476
0.000212678
0.00029971
0.000320752
0.000424509
5.99282e-07
-2.98783e-05
-1.0675e-06
6.14233e-05
0.00010246
0.000178694
0.000212941
0.000300325
0.000321504
0.000427312
1.06164e-06
-3.19951e-05
-4.8825e-06
6.04718e-05
0.00010205
0.000178986
0.000213472
0.000301241
0.000322569
0.000431654
2.47009e-06
-3.74348e-05
-1.15141e-05
5.91492e-05
0.000101245
0.000178797
0.000213252
0.000301889
0.000323525
0.000437175
3.21703e-06
-4.53218e-05
-1.46846e-05
5.76284e-05
9.76343e-05
0.000178153
0.000213468
0.000302757
0.000324661
0.000443972
4.50251e-06
-5.31264e-05
-2.18065e-05
5.28156e-05
9.55297e-05
0.000177279
0.000213025
0.000303355
0.000325723
0.0004517
5.42456e-06
-6.31311e-05
-2.90191e-05
4.84656e-05
9.14687e-05
0.000175302
0.000212335
0.000303878
0.000326863
0.000460312
6.42708e-06
-7.39581e-05
-3.80849e-05
4.16722e-05
8.6552e-05
0.000172708
0.000210978
0.000304046
0.000327857
0.000469574
6.99486e-06
-8.66299e-05
-4.85041e-05
3.40523e-05
8.03431e-05
0.000168887
0.000208779
0.000303814
0.000328617
0.000479382
7.32213e-06
-0.000100692
-6.06136e-05
2.4414e-05
7.26738e-05
0.000163883
0.000205596
0.00030294
0.00032889
0.000489534
7.056e-06
-0.000116668
-7.45527e-05
1.32768e-05
6.35438e-05
0.000157442
0.000201244
0.000301248
0.000328492
0.000499886
6.26741e-06
-0.00013445
-9.03489e-05
1.60836e-07
5.26642e-05
0.000149454
0.000195604
0.000298522
0.000327177
0.000510245
4.6913e-06
-0.000154315
-0.000108194
-1.48422e-05
4.0061e-05
0.000139798
0.000188523
0.000294574
0.000324748
0.000520448
2.36013e-06
-0.000176228
-0.000128043
-3.18792e-05
2.55751e-05
0.000128363
0.000179909
0.00028925
0.000321032
0.000530336
-9.1929e-07
-0.000200317
-0.000149993
-5.09552e-05
9.23198e-06
0.000115103
0.00016967
0.000282413
0.000315872
0.000539747
-5.07912e-06
-0.000226475
-0.000173914
-7.2002e-05
-8.94183e-06
0.00010001
0.000157807
0.00027402
0.000309195
0.000548571
-1.02359e-05
-0.000254693
-0.000199763
-9.49575e-05
-2.88665e-05
8.31231e-05
0.00014435
0.000264021
0.000300923
0.000556679
-1.62111e-05
-0.000284697
-0.000227261
-0.000119556
-5.03096e-05
6.46286e-05
0.000129474
0.000252556
0.000291144
0.000564028
-2.30334e-05
-0.000316317
-0.000256216
-0.000145608
-7.30842e-05
4.46882e-05
0.000113329
0.000239683
0.000279895
0.000570534
-3.03431e-05
-0.00034905
-0.000286142
-0.000172624
-9.67329e-05
2.3725e-05
9.63062e-05
0.000225751
0.000267508
0.000576309
-3.80959e-05
-0.000382612
-0.000316745
-0.000200316
-0.000120989
1.97691e-06
7.86153e-05
0.000210947
0.000254155
0.000581297
-4.57312e-05
-0.000416257
-0.000347342
-0.000227979
-0.000145173
-1.98906e-05
6.08808e-05
0.000195871
0.000240384
0.000585706
-5.31111e-05
-0.000449594
-0.0003776
-0.000255282
-0.000168989
-4.16099e-05
4.33094e-05
0.000180752
0.000226412
0.000589448
-5.96128e-05
-0.000481856
-0.000406823
-0.000281475
-0.000191691
-6.24412e-05
2.65891e-05
0.000166279
0.000212838
0.000592765
-6.50489e-05
-0.000512714
-0.00043479
-0.000306322
-0.000213078
-8.22098e-05
1.08488e-05
0.000152625
0.000199853
0.000595642
-6.87037e-05
-0.000541396
-0.00046071
-0.000328927
-0.000232227
-0.000100031
-3.09698e-06
0.00014058
0.000188118
0.000598516
-7.08321e-05
-0.000568431
-0.000485149
-0.000349748
-0.000249574
-0.000116361
-1.56583e-05
0.000129739
0.000177376
0.000601358
-7.14033e-05
-0.000593747
-0.000507737
-0.000368246
-0.000264568
-0.000130769
-2.6485e-05
0.000120274
0.000167675
0.000604353
-7.1041e-05
-0.000619632
-0.00053025
-0.000385666
-0.000278338
-0.000144289
-3.64432e-05
0.000111147
0.000158487
0.000607987
-7.07731e-05
-0.000645957
-0.000552272
-0.000401645
-0.000290671
-0.000157116
-4.57462e-05
0.00010157
0.000149112
0.000611637
-7.02401e-05
-0.000671508
-0.000572917
-0.000415167
-0.000300575
-0.00016839
-5.33447e-05
9.22632e-05
0.000140126
0.000616268
-6.96567e-05
-0.000696129
-0.000591435
-0.000425423
-0.000307646
-0.000178101
-5.95791e-05
8.25772e-05
0.000131339
0.000621796
-6.88381e-05
-0.000718999
-0.00060725
-0.000431635
-0.000311101
-0.000185382
-6.34478e-05
7.32367e-05
0.000123459
0.000628651
-6.82347e-05
-0.000738136
-0.000618006
-0.000433006
-0.000311063
-0.000191133
-6.60586e-05
6.56022e-05
0.000118152
0.000635756
-6.70828e-05
-0.000749469
-0.000622642
-0.000429101
-0.000306659
-0.000193803
-6.63007e-05
6.30868e-05
0.000116991
0.000641201
-6.70401e-05
-0.000744329
-0.000615296
-0.000420931
-0.000299632
-0.00019219
-6.39848e-05
6.41682e-05
0.000119951
0.000642751
-6.67165e-05
-0.00072052
-0.000596824
-0.000406893
-0.000287749
-0.000182227
-5.67125e-05
7.05805e-05
0.000126722
0.000636803
-6.58849e-05
-0.000677976
-0.000565899
-0.000385086
-0.000269733
-0.000162865
-4.41215e-05
8.14447e-05
0.000138578
0.000624649
-6.47119e-05
-0.000614387
-0.000520726
-0.000356418
-0.000246465
-0.000136839
-2.57801e-05
9.93905e-05
0.000153301
0.000603395
-6.30799e-05
-0.00053749
-0.000462805
-0.000320047
-0.000217927
-0.000108691
-6.75913e-06
0.000123929
0.000176624
0.000576821
-6.16922e-05
-0.000456499
-0.000397611
-0.000275754
-0.000184191
-7.63375e-05
1.79454e-05
0.000144498
0.000197726
0.000544834
-6.00397e-05
-0.000374638
-0.000328578
-0.00022405
-0.00014487
-4.01757e-05
4.42256e-05
0.000162312
0.00021902
0.00051397
-5.87807e-05
-0.00029666
-0.000261508
-0.000168545
-0.000101902
-1.89728e-06
7.24612e-05
0.000179482
0.000239408
0.000486293
-5.73314e-05
-0.000222881
-0.000197326
-0.000111836
-5.7315e-05
3.72897e-05
0.000102019
0.000200502
0.000262092
0.000464501
-5.6229e-05
-0.000154727
-0.000136713
-5.76992e-05
-1.34597e-05
7.54155e-05
0.000132357
0.000224852
0.000285528
0.000446513
-5.50494e-05
-9.49798e-05
-8.1915e-05
-9.05203e-06
2.72756e-05
0.000110691
0.000161614
0.000250215
0.000308651
0.000433266
-5.42632e-05
-4.80293e-05
-3.71757e-05
3.04922e-05
6.16458e-05
0.000140267
0.000187079
0.000272648
0.000328826
0.0004251
-5.36597e-05
-1.63261e-05
-5.84097e-06
5.83444e-05
8.66244e-05
0.000161679
0.000206049
0.000289109
0.000343867
0.000421515
-5.33591e-05
-3.1975e-07
1.04638e-05
7.29471e-05
0.000100044
0.00017315
0.000216432
0.000297945
0.0003521
0.000420589
-3.44314e-05
-4.58197e-05
-2.07503e-05
3.82459e-05
7.79633e-05
0.000161173
0.000197613
0.000292557
0.000316225
0.000424293
-3.40232e-05
-4.59919e-05
-2.09099e-05
3.85647e-05
7.86811e-05
0.000162023
0.000198641
0.000293567
0.000317365
0.000426014
-3.39257e-05
-4.82349e-05
-2.38902e-05
3.7025e-05
7.77284e-05
0.000161684
0.000198301
0.00029363
0.000317425
0.000427919
-3.3689e-05
-5.04146e-05
-2.77713e-05
3.52282e-05
7.64509e-05
0.000161183
0.000197942
0.000293719
0.000317589
0.000431056
-3.30128e-05
-5.54356e-05
-3.42782e-05
3.17529e-05
7.42921e-05
0.000159959
0.000196615
0.000293208
0.000317215
0.000434854
-3.28055e-05
-6.25234e-05
-3.8996e-05
2.83763e-05
7.0598e-05
0.000157703
0.000195113
0.000292674
0.000316835
0.000439726
-3.23399e-05
-6.99436e-05
-4.66988e-05
2.26466e-05
6.63868e-05
0.00015464
0.000192955
0.000291697
0.000316164
0.000445378
-3.2085e-05
-7.92554e-05
-5.51217e-05
1.68519e-05
6.11917e-05
0.000150538
0.000190297
0.000290343
0.000315412
0.000451964
-3.18486e-05
-8.9775e-05
-6.51132e-05
9.39424e-06
5.47062e-05
0.000145617
0.000186931
0.000288376
0.000314453
0.000459317
-3.19167e-05
-0.000102054
-7.63833e-05
9.22871e-07
4.7223e-05
0.00013985
0.000182814
0.000285867
0.000313284
0.000467371
-3.22224e-05
-0.000115788
-8.91811e-05
-9.19646e-06
3.84005e-05
0.000133098
0.000177847
0.000282744
0.000311743
0.000475975
-3.29503e-05
-0.000131305
-0.000103575
-2.07571e-05
2.84028e-05
0.000125329
0.000172017
0.000279032
0.000309751
0.000485017
-3.40927e-05
-0.000148568
-0.000119605
-3.39475e-05
1.70087e-05
0.00011639
0.000165244
0.000274681
0.000307147
0.000494334
-3.57853e-05
-0.000167783
-0.000137351
-4.87363e-05
4.28423e-06
0.000106279
0.000157507
0.000269626
0.000303838
0.000503844
-3.80263e-05
-0.00018895
-0.000156784
-6.51492e-05
-9.8408e-06
9.49292e-05
0.000148756
0.000263768
0.000299742
0.00051344
-4.09026e-05
-0.00021216
-0.000177923
-8.31788e-05
-2.53185e-05
8.23791e-05
0.000138996
0.000257068
0.000294786
0.000523006
-4.43627e-05
-0.000237346
-0.000200661
-0.000102729
-4.20752e-05
6.86517e-05
0.00012824
0.000249503
0.000288925
0.000532476
-4.84321e-05
-0.000264472
-0.000224919
-0.000123719
-6.00211e-05
5.37838e-05
0.000116565
0.000241073
0.000282131
0.000541745
-5.2959e-05
-0.00029333
-0.00025047
-0.000145925
-7.89524e-05
3.79108e-05
0.000104079
0.000231903
0.000274493
0.000550776
-5.78961e-05
-0.000323725
-0.000277129
-0.000169182
-9.87071e-05
2.11449e-05
9.09193e-05
0.000222032
0.00026602
0.000559497
-6.29567e-05
-0.000355262
-0.000304521
-0.000193098
-0.00011894
3.7788e-06
7.73371e-05
0.000211601
0.000256848
0.000567896
-6.8037e-05
-0.000387683
-0.000332414
-0.000217428
-0.000139443
-1.40319e-05
6.34653e-05
0.000200668
0.000247037
0.000575882
-7.27511e-05
-0.000420366
-0.000360262
-0.00024166
-0.000159758
-3.18797e-05
4.96691e-05
0.00018952
0.000236848
0.00058347
-7.68309e-05
-0.000452764
-0.000387671
-0.000265428
-0.000179594
-4.95246e-05
3.61264e-05
0.000178294
0.000226408
0.000590528
-8.00963e-05
-0.000484388
-0.000414275
-0.000288359
-0.000198603
-6.66376e-05
2.31222e-05
0.000167261
0.000215946
0.000596978
-8.2199e-05
-0.000514602
-0.000439689
-0.000310107
-0.000216524
-8.30112e-05
1.07842e-05
0.000156559
0.000205572
0.000602663
-8.3308e-05
-0.000543242
-0.00046384
-0.000330545
-0.000233205
-9.85135e-05
-7.87192e-07
0.00014632
0.000195348
0.00060741
-8.3428e-05
-0.000570298
-0.000486952
-0.000349872
-0.000248904
-0.000113443
-1.19386e-05
0.000136238
0.000184993
0.000610934
-8.34106e-05
-0.000596338
-0.000509427
-0.000368333
-0.000263767
-0.00012803
-2.28698e-05
0.000126018
0.000174192
0.000613024
-8.24157e-05
-0.000620964
-0.000531225
-0.000385774
-0.000277685
-0.000142146
-3.34318e-05
0.000115909
0.000163257
0.000614385
-8.16915e-05
-0.000645419
-0.0005525
-0.000401851
-0.000290264
-0.000155643
-4.34545e-05
0.000105472
0.000152027
0.000615577
-8.09522e-05
-0.000670239
-0.000573234
-0.000416024
-0.000300957
-0.000168
-5.23246e-05
9.47194e-05
0.000141009
0.000617859
-8.06228e-05
-0.000695374
-0.000592401
-0.00042709
-0.000308856
-0.00017866
-5.95251e-05
8.37841e-05
0.000130792
0.000621933
-7.9635e-05
-0.000720453
-0.000609531
-0.000434141
-0.000313024
-0.000186561
-6.41855e-05
7.35876e-05
0.000122481
0.000628649
-7.84906e-05
-0.000741274
-0.00062097
-0.000435739
-0.00031313
-0.000192234
-6.66223e-05
6.54659e-05
0.000117303
0.000636218
-7.69489e-05
-0.000754621
-0.000626532
-0.000432408
-0.000309189
-0.000195388
-6.72956e-05
6.31183e-05
0.000117049
0.000642506
-7.59531e-05
-0.000749465
-0.000619175
-0.000423893
-0.000301805
-0.000193412
-6.4441e-05
6.4477e-05
0.00012043
0.000644368
-7.48818e-05
-0.00072553
-0.000600585
-0.000409752
-0.000289834
-0.000183373
-5.70708e-05
7.1019e-05
0.000127719
0.000638971
-7.39571e-05
-0.000683262
-0.000570142
-0.000388438
-0.000272252
-0.000164498
-4.48805e-05
8.14193e-05
0.000139171
0.000626375
-7.32996e-05
-0.000620281
-0.000525658
-0.000360712
-0.000249961
-0.000139511
-2.75631e-05
9.84094e-05
0.000153059
0.000604238
-7.22741e-05
-0.00054426
-0.000468669
-0.000325341
-0.000222415
-0.000112415
-9.60211e-06
0.000121893
0.000175374
0.000576568
-7.16557e-05
-0.000464186
-0.000404397
-0.000282026
-0.000189707
-8.11546e-05
1.39734e-05
0.000141338
0.00019539
0.000543404
-7.07074e-05
-0.00038315
-0.000336271
-0.000231218
-0.000151321
-4.59733e-05
3.9229e-05
0.000158099
0.000215627
0.000511379
-6.99567e-05
-0.00030569
-0.000269811
-0.000176303
-0.000109003
-8.37503e-06
6.67322e-05
0.000174514
0.000235236
0.000482805
-6.87415e-05
-0.00023219
-0.000206008
-0.000119959
-6.48407e-05
3.03647e-05
9.57923e-05
0.000195014
0.000257374
0.000460387
-6.78574e-05
-0.000164301
-0.000145723
-6.61308e-05
-2.13473e-05
6.81149e-05
0.000125713
0.000218928
0.000280359
0.000441925
-6.67645e-05
-0.000104726
-9.11473e-05
-1.7694e-05
1.91307e-05
0.000103121
0.000154661
0.000243961
0.00030314
0.000428359
-6.60565e-05
-5.79508e-05
-4.66195e-05
2.16475e-05
5.32656e-05
0.000132455
0.00017986
0.000266108
0.000323022
0.000419949
-6.54626e-05
-2.63104e-05
-1.53643e-05
4.94272e-05
7.81504e-05
0.000153768
0.000198712
0.000282435
0.000337922
0.000416254
-6.51586e-05
-1.03319e-05
9.02832e-07
6.39951e-05
9.15245e-05
0.000165191
0.000209038
0.000291208
0.000346086
0.00041528
-4.85757e-05
-4.96547e-05
-2.10613e-05
4.41721e-05
8.4695e-05
0.000173786
0.00021239
0.000310228
0.000338097
0.000448618
-4.83439e-05
-4.98959e-05
-2.11669e-05
4.43792e-05
8.51058e-05
0.000174474
0.00021309
0.000310983
0.000339022
0.000449989
-4.83866e-05
-5.21464e-05
-2.36265e-05
4.32032e-05
8.39151e-05
0.000174198
0.000212539
0.000310966
0.000339209
0.000451614
-4.85811e-05
-5.45496e-05
-2.69124e-05
4.14965e-05
8.22292e-05
0.000173768
0.000211752
0.000310813
0.000339405
0.00045434
-4.82815e-05
-5.99348e-05
-3.255e-05
3.88908e-05
7.95608e-05
0.000172522
0.000209991
0.000310142
0.000339127
0.000457766
-4.87493e-05
-6.72364e-05
-3.64847e-05
3.50245e-05
7.61163e-05
0.000170821
0.000207839
0.000309367
0.000338705
0.000462216
-4.89361e-05
-7.45176e-05
-4.32997e-05
2.90695e-05
7.24016e-05
0.000168202
0.000204927
0.00030823
0.000337859
0.00046746
-4.94535e-05
-8.34621e-05
-5.09297e-05
2.28252e-05
6.77702e-05
0.000164399
0.000201922
0.000306868
0.000336664
0.00047354
-4.9917e-05
-9.3248e-05
-6.03491e-05
1.51951e-05
6.19227e-05
0.000159523
0.000198504
0.000305032
0.000334995
0.000480325
-5.06068e-05
-0.000104818
-7.10476e-05
6.74974e-06
5.50162e-05
0.000153731
0.000194678
0.000302709
0.000332987
0.000487864
-5.1426e-05
-0.000117788
-8.31773e-05
-3.11481e-06
4.6837e-05
0.000146989
0.000190244
0.00029977
0.000330622
0.000496069
-5.24963e-05
-0.000132516
-9.68311e-05
-1.42356e-05
3.7523e-05
0.000139304
0.000185104
0.000296235
0.000328044
0.000504927
-5.37833e-05
-0.000148904
-0.000112016
-2.68119e-05
2.69389e-05
0.00013057
0.000179082
0.000292095
0.000325245
0.000514441
-5.5345e-05
-0.000167135
-0.000128863
-4.08358e-05
1.51446e-05
0.000120786
0.000172235
0.000287432
0.000321992
0.000524387
-5.71588e-05
-0.000187215
-0.000147334
-5.63418e-05
2.07813e-06
0.000109912
0.000164579
0.000282193
0.000318219
0.000534614
-5.92459e-05
-0.000209221
-0.000167483
-7.33437e-05
-1.22641e-05
9.79749e-05
0.000156012
0.000276254
0.00031396
0.000545143
-6.15602e-05
-0.000233124
-0.000189214
-9.17867e-05
-2.78326e-05
8.50006e-05
0.000146558
0.000269587
0.000309054
0.000555794
-6.40863e-05
-0.000258898
-0.000212486
-0.00011162
-4.45705e-05
7.1011e-05
0.000136203
0.000262179
0.000303479
0.000566431
-6.67357e-05
-0.000286402
-0.000237116
-0.000132693
-6.23547e-05
5.60908e-05
0.000124994
0.0002539
0.000297105
0.000576903
-6.94462e-05
-0.000315506
-0.000262936
-0.000154837
-8.10394e-05
4.0273e-05
0.000112967
0.000244898
0.000289864
0.000586897
-7.2094e-05
-0.0003459
-0.000289676
-0.000177833
-0.000100433
2.36929e-05
0.000100261
0.000235185
0.000281708
0.000596274
-7.45676e-05
-0.000377235
-0.00031703
-0.000201398
-0.000120296
6.51483e-06
8.69984e-05
0.000224803
0.000272636
0.00060483
-7.67938e-05
-0.000409196
-0.00034475
-0.000225299
-0.000140434
-1.11437e-05
7.32837e-05
0.000213762
0.000262621
0.000612359
-7.85812e-05
-0.000441258
-0.000372402
-0.000249128
-0.000160509
-2.90058e-05
5.93401e-05
0.000202205
0.000251792
0.000618744
-7.98963e-05
-0.000473023
-0.000399685
-0.000272578
-0.00018023
-4.68271e-05
4.5387e-05
0.000190319
0.000240315
0.00062389
-8.07013e-05
-0.000504036
-0.000426319
-0.000295401
-0.000199421
-6.45019e-05
3.14719e-05
0.000178121
0.000228209
0.000627546
-8.09909e-05
-0.000533891
-0.000452041
-0.000317304
-0.000217765
-8.17308e-05
1.7887e-05
0.00016593
0.000215756
0.000629776
-8.08195e-05
-0.000562363
-0.00047678
-0.000338197
-0.000235222
-9.8529e-05
4.57764e-06
0.000153701
0.000202949
0.000630545
-8.08823e-05
-0.000589946
-0.000500993
-0.000358381
-0.000251983
-0.000115147
-8.6259e-06
0.000141182
0.000189576
0.000629762
-8.07004e-05
-0.000615931
-0.000524165
-0.000377319
-0.000267581
-0.000131174
-2.1322e-05
0.000128832
0.000176188
0.000628309
-8.1035e-05
-0.000641846
-0.000547001
-0.000395072
-0.000281935
-0.000146627
-3.34147e-05
0.000116262
0.000162604
0.000626784
-8.1692e-05
-0.000668505
-0.000569595
-0.000411217
-0.00029477
-0.000161298
-4.47713e-05
0.000103022
0.000148881
0.000626177
-8.16502e-05
-0.000694492
-0.000589774
-0.000423329
-0.000303823
-0.000173216
-5.33449e-05
9.06325e-05
0.000137001
0.000628411
-8.11653e-05
-0.000720191
-0.000608334
-0.000432165
-0.000310026
-0.000183191
-6.02784e-05
7.82355e-05
0.000126509
0.000632912
-8.04665e-05
-0.000741954
-0.000621028
-0.000435001
-0.000311445
-0.000190084
-6.40272e-05
6.84913e-05
0.000119737
0.000638987
-7.91835e-05
-0.000755996
-0.000627519
-0.000432769
-0.000308816
-0.000194578
-6.62008e-05
6.4555e-05
0.000118248
0.000644056
-7.80382e-05
-0.00075098
-0.000620455
-0.000424535
-0.000301806
-0.000193066
-6.38106e-05
6.53545e-05
0.000121076
0.000645431
-7.66529e-05
-0.000726972
-0.000601933
-0.000410549
-0.000290132
-0.000183395
-5.68434e-05
7.14174e-05
0.000128011
0.000639709
-7.54878e-05
-0.00068463
-0.000571529
-0.000389315
-0.000272704
-0.000164734
-4.48989e-05
8.1534e-05
0.000139205
0.000626813
-7.47196e-05
-0.000621691
-0.000527208
-0.000361789
-0.000250675
-0.000140048
-2.79127e-05
9.81648e-05
0.000152702
0.000604215
-7.35294e-05
-0.000545597
-0.00047021
-0.000326485
-0.000223244
-0.000113089
-1.01356e-05
0.000121476
0.000174832
0.000576227
-7.27455e-05
-0.000465448
-0.000405877
-0.000283213
-0.000190643
-8.19543e-05
1.32969e-05
0.000140761
0.000194667
0.000542727
-7.15433e-05
-0.000384254
-0.000337553
-0.000232285
-0.000152208
-4.67335e-05
3.85595e-05
0.000157479
0.000214868
0.000510524
-7.05929e-05
-0.00030671
-0.00027097
-0.000177304
-0.000109879
-9.13921e-06
6.60201e-05
0.000173821
0.000234378
0.000481757
-6.92492e-05
-0.000233177
-0.00020709
-0.0001209
-6.56856e-05
2.96212e-05
9.50716e-05
0.000194289
0.000256462
0.000459254
-6.8289e-05
-0.000165261
-0.000146727
-6.69999e-05
-2.21329e-05
6.74184e-05
0.000125021
0.000218203
0.000279432
0.000440779
-6.72711e-05
-0.00010572
-9.21058e-05
-1.84947e-05
1.84262e-05
0.000102502
0.000154045
0.000243277
0.000302245
0.000427285
-6.66819e-05
-5.90746e-05
-4.76753e-05
2.0755e-05
5.2473e-05
0.000131742
0.000179144
0.000265304
0.000321998
0.000418766
-6.62161e-05
-2.75529e-05
-1.6522e-05
4.84396e-05
7.72679e-05
0.000152966
0.000197906
0.000281537
0.000336794
0.000414975
-6.59966e-05
-1.16575e-05
-3.34502e-07
6.29284e-05
9.05633e-05
0.00016431
0.000208149
0.000290226
0.00034487
0.000413915
-7.90453e-05
-6.75972e-05
-3.89818e-05
3.4087e-05
7.4819e-05
0.000166658
0.000213219
0.000312947
0.000348469
0.000468076
-7.87543e-05
-6.77276e-05
-3.9217e-05
3.46037e-05
7.51895e-05
0.000167442
0.000214034
0.000313691
0.000349567
0.000469525
-7.86731e-05
-6.95551e-05
-4.17276e-05
3.40438e-05
7.38756e-05
0.000167321
0.000213825
0.000313561
0.000350122
0.000471452
-7.86298e-05
-7.18305e-05
-4.53513e-05
3.34558e-05
7.2012e-05
0.00016705
0.000213462
0.000313188
0.000350745
0.000474636
-7.82045e-05
-7.61088e-05
-5.10309e-05
3.17751e-05
6.89215e-05
0.00016612
0.000212267
0.000312236
0.000350962
0.000478666
-7.83143e-05
-8.46464e-05
-5.45075e-05
3.03311e-05
6.43986e-05
0.00016478
0.000210768
0.000311162
0.000351034
0.000483718
-7.84888e-05
-9.21996e-05
-6.01779e-05
2.54292e-05
5.98115e-05
0.00016311
0.000208516
0.000309887
0.000350756
0.000489424
-7.89202e-05
-0.000101538
-6.72082e-05
1.90794e-05
5.56162e-05
0.000160715
0.000205618
0.000308816
0.000350232
0.000495639
-7.94343e-05
-0.000111382
-7.58451e-05
1.13366e-05
5.04442e-05
0.000156979
0.00020212
0.000307741
0.00034927
0.000502221
-8.00463e-05
-0.000122784
-8.59794e-05
2.70689e-06
4.44356e-05
0.000152107
0.000198216
0.00030664
0.000347922
0.000509222
-8.0814e-05
-0.000135549
-9.74291e-05
-7.1734e-06
3.72406e-05
0.000146078
0.000193688
0.000305214
0.000346031
0.000516683
-8.17127e-05
-0.000149939
-0.000110431
-1.83423e-05
2.89227e-05
0.000139051
0.000188571
0.000303274
0.000343614
0.000524747
-8.28059e-05
-0.000165969
-0.000124865
-3.0844e-05
1.93821e-05
0.000131035
0.000182743
0.000300366
0.000340669
0.000533676
-8.4047e-05
-0.000183723
-0.000140919
-4.47966e-05
8.62449e-06
0.000121935
0.000176058
0.000296647
0.000337386
0.000543116
-8.54648e-05
-0.000203266
-0.000158518
-6.0159e-05
-3.35582e-06
0.000111633
0.000168443
0.000292313
0.000333678
0.000552969
-8.70165e-05
-0.00022462
-0.000177769
-7.6941e-05
-1.6668e-05
0.000100168
0.000160162
0.000287075
0.00032923
0.000563269
-8.86779e-05
-0.000247801
-0.000198563
-9.50526e-05
-3.11951e-05
8.7605e-05
0.000151014
0.000280885
0.000324099
0.00057384
-9.04091e-05
-0.000272765
-0.000220892
-0.000114512
-4.69721e-05
7.3911e-05
0.00014102
0.00027376
0.000318195
0.000584452
-9.21296e-05
-0.000299404
-0.000244599
-0.000135127
-6.38278e-05
5.93032e-05
0.00013028
0.000265658
0.000311488
0.000595042
-9.37996e-05
-0.000327594
-0.000269563
-0.000156845
-8.17272e-05
4.37722e-05
0.00011866
0.000256601
0.000304038
0.000605266
-9.52991e-05
-0.000357091
-0.000295533
-0.000179419
-0.000100412
2.74958e-05
0.000106338
0.000246817
0.000295779
0.000614841
-9.65832e-05
-0.000387635
-0.00032227
-0.000202653
-0.000119742
1.0537e-05
9.33256e-05
0.000236226
0.000286542
0.000623395
-9.75508e-05
-0.000418875
-0.000349481
-0.000226284
-0.000139465
-6.92975e-06
7.97777e-05
0.000224965
0.000276344
0.000630718
-9.81811e-05
-0.000450432
-0.000376866
-0.000250053
-0.000159373
-2.48017e-05
6.57694e-05
0.00021299
0.000265093
0.000636532
-9.83626e-05
-0.000481818
-0.000404041
-0.000273593
-0.000179133
-4.28049e-05
5.15395e-05
0.000200511
0.000252964
0.000640792
-9.81942e-05
-0.000512658
-0.000430777
-0.000296711
-0.000198598
-6.08893e-05
3.71154e-05
0.000187488
0.000239927
0.000643275
-9.75843e-05
-0.00054239
-0.000456672
-0.000319004
-0.000217368
-7.86892e-05
2.2829e-05
0.000174285
0.000226312
0.00064408
-9.67552e-05
-0.000570881
-0.000481738
-0.000340459
-0.00023546
-9.62929e-05
8.58299e-06
0.000160808
0.000212068
0.000643114
-9.61669e-05
-0.00059829
-0.000506133
-0.000361135
-0.000252853
-0.000113749
-5.62494e-06
0.000147005
0.000197166
0.000640462
-9.58049e-05
-0.000624389
-0.000529751
-0.000380818
-0.000269356
-0.000130905
-1.95956e-05
0.000133074
0.000182
0.000636867
-9.55913e-05
-0.000649675
-0.0005525
-0.000398948
-0.000284306
-0.000147235
-3.27327e-05
0.000119267
0.000166873
0.000633295
-9.59967e-05
-0.000676107
-0.000575296
-0.000415643
-0.000297872
-0.000162822
-4.51628e-05
0.000104805
0.000151776
0.000630934
-9.60266e-05
-0.000703013
-0.00059643
-0.000428812
-0.000308072
-0.000176021
-5.50623e-05
9.07299e-05
0.000137981
0.000631271
-9.54763e-05
-0.000728994
-0.000615393
-0.00043821
-0.000314948
-0.000186787
-6.29344e-05
7.73369e-05
0.000126497
0.000634247
-9.44745e-05
-0.000751536
-0.000628766
-0.000441704
-0.00031703
-0.000194371
-6.73277e-05
6.6581e-05
0.000118561
0.00063935
-9.30105e-05
-0.000766225
-0.000635744
-0.000439991
-0.000315007
-0.000199536
-7.02116e-05
6.18109e-05
0.000116467
0.000643769
-9.13214e-05
-0.000761573
-0.000629051
-0.00043196
-0.000308222
-0.00019835
-6.80646e-05
6.21814e-05
0.000118813
0.00064469
-8.96667e-05
-0.000737759
-0.000610754
-0.000418258
-0.00029693
-0.000189151
-6.15372e-05
6.76755e-05
0.000125297
0.000638531
-8.82277e-05
-0.000695429
-0.000580627
-0.00039737
-0.000279857
-0.000170934
-5.00326e-05
7.72976e-05
0.000136013
0.00062507
-8.73757e-05
-0.000632413
-0.00053643
-0.000370154
-0.000258211
-0.000146683
-3.35002e-05
9.33381e-05
0.000148902
0.000601852
-8.61003e-05
-0.000556337
-0.00047969
-0.000335178
-0.000231125
-0.000120145
-1.62452e-05
0.000116212
0.000170534
0.000573215
-8.53761e-05
-0.000476222
-0.000415582
-0.000292217
-0.000198877
-8.94348e-05
6.69745e-06
0.000135043
0.000189829
0.000538987
-8.41862e-05
-0.00039505
-0.000347469
-0.000241536
-0.000160746
-5.45527e-05
3.15299e-05
0.000151336
0.000209558
0.000506128
-8.32689e-05
-0.000317544
-0.000281039
-0.000186714
-0.000118628
-1.72031e-05
5.86863e-05
0.000167335
0.000228663
0.000476858
-8.20348e-05
-0.000244135
-0.000217368
-0.000130512
-7.46979e-05
2.12662e-05
8.73921e-05
0.000187404
0.000250318
0.000453896
-8.1345e-05
-0.000176466
-0.000157315
-7.69239e-05
-3.15109e-05
5.86732e-05
0.000116911
0.000210841
0.000272806
0.000434912
-8.05863e-05
-0.000117177
-0.00010302
-2.87699e-05
8.6366e-06
9.33196e-05
0.000145458
0.000235411
0.000295119
0.000420873
-8.01985e-05
-7.07067e-05
-5.88092e-05
1.02413e-05
4.24048e-05
0.000122263
0.000170234
0.000257101
0.000314535
0.000411975
-7.98203e-05
-3.92628e-05
-2.77624e-05
3.78033e-05
6.70489e-05
0.000143321
0.000188809
0.000273137
0.000329134
0.000407956
-7.96435e-05
-2.34052e-05
-1.16249e-05
5.22347e-05
8.02743e-05
0.000154588
0.000198967
0.000281735
0.000337117
0.00040679
-9.45758e-05
-7.35964e-05
-3.85154e-05
3.7167e-05
9.28408e-05
0.000181912
0.000240391
0.000343398
0.000383203
0.000516576
-9.42376e-05
-7.35939e-05
-3.89741e-05
3.77419e-05
9.33624e-05
0.000182537
0.000241255
0.000343979
0.000384271
0.000518117
-9.42558e-05
-7.46729e-05
-4.19189e-05
3.71799e-05
9.25646e-05
0.000182106
0.000241408
0.00034368
0.00038494
0.000520729
-9.39034e-05
-7.68577e-05
-4.60142e-05
3.67337e-05
9.14915e-05
0.000181246
0.000241472
0.000342969
0.000385515
0.000524903
-9.40242e-05
-7.87097e-05
-5.2735e-05
3.47468e-05
8.91224e-05
0.000179586
0.000240959
0.000341709
0.00038578
0.000530384
-9.33348e-05
-8.45293e-05
-6.0393e-05
3.35671e-05
8.62769e-05
0.000177332
0.000240068
0.000340267
0.00038602
0.000536983
-9.36233e-05
-9.31226e-05
-6.59819e-05
3.18872e-05
8.0786e-05
0.000174414
0.000238496
0.000338679
0.000386338
0.000544355
-9.37825e-05
-0.000102836
-7.27927e-05
2.78631e-05
7.4389e-05
0.000171837
0.000236427
0.000337127
0.000386689
0.000552219
-9.43934e-05
-0.000113157
-8.03497e-05
2.10273e-05
6.8208e-05
0.00016883
0.000233402
0.000335604
0.00038692
0.000560283
-9.49225e-05
-0.000124452
-8.99336e-05
1.28025e-05
6.15667e-05
0.00016513
0.000229704
0.000334287
0.000387013
0.000568397
-9.56428e-05
-0.000137126
-0.000100561
3.3298e-06
5.40382e-05
0.000160496
0.000225276
0.00033304
0.000386646
0.000576358
-9.62783e-05
-0.000151153
-0.000112783
-7.4513e-06
4.55455e-05
0.000154931
0.000220244
0.000331792
0.000385664
0.000584163
-9.70252e-05
-0.000166814
-0.000126228
-1.94528e-05
3.60491e-05
0.00014832
0.000214598
0.000330312
0.000383696
0.000591872
-9.76937e-05
-0.000184005
-0.000141179
-3.29095e-05
2.54649e-05
0.000140936
0.000208254
0.000328053
0.000381198
0.000599668
-9.83825e-05
-0.000202916
-0.000157464
-4.77125e-05
1.37727e-05
0.000132474
0.000200792
0.000324748
0.000377869
0.000607902
-9.89764e-05
-0.000223464
-0.0001753
-6.38995e-05
1.09399e-06
0.000122686
0.00019252
0.000320991
0.0003737
0.000616338
-9.94931e-05
-0.000245746
-0.000194595
-8.13044e-05
-1.26695e-05
0.000111614
0.000183438
0.000316201
0.000368318
0.000624657
-9.98804e-05
-0.000269698
-0.000215372
-0.000100057
-2.76049e-05
9.91797e-05
0.000173371
0.000310304
0.000361948
0.000633102
-0.000100098
-0.000295249
-0.000237546
-0.00011992
-4.35224e-05
8.54661e-05
0.000162656
0.000303287
0.000354279
0.000641307
-0.000100162
-0.000322345
-0.000261075
-0.000140933
-6.06524e-05
7.05017e-05
0.000150928
0.00029457
0.000345625
0.000649698
-0.000100001
-0.000350797
-0.000285776
-0.000162916
-7.87271e-05
5.44967e-05
0.00013836
0.000284545
0.000335997
0.000657783
-9.97006e-05
-0.000380464
-0.000311549
-0.000185801
-9.77979e-05
3.73759e-05
0.000124776
0.00027305
0.000325139
0.000664869
-9.9176e-05
-0.000411025
-0.0003381
-0.000209334
-0.0001176
1.94052e-05
0.000110342
0.000260439
0.000313146
0.000670597
-9.85912e-05
-0.000442255
-0.00036526
-0.0002334
-0.000138041
5.82911e-07
9.50201e-05
0.000246606
0.000299747
0.000674381
-9.79043e-05
-0.000473736
-0.000392701
-0.000257703
-0.000158867
-1.88802e-05
7.89382e-05
0.000231775
0.00028507
0.000676042
-9.72174e-05
-0.000505062
-0.000420113
-0.000281965
-0.000179793
-3.88099e-05
6.22811e-05
0.000216045
0.000269125
0.000675439
-9.6554e-05
-0.000535742
-0.000447175
-0.000305866
-0.000200513
-5.89267e-05
4.52914e-05
0.000199698
0.000252206
0.000672687
-9.59074e-05
-0.000565295
-0.000473567
-0.000329071
-0.000220688
-7.89635e-05
2.82384e-05
0.000183034
0.000234593
0.000668007
-9.5608e-05
-0.000593862
-0.000499405
-0.000351539
-0.000240196
-9.8843e-05
1.12633e-05
0.000166141
0.000216427
0.000661725
-9.55585e-05
-0.000620954
-0.000524309
-0.000372836
-0.000258624
-0.000118229
-5.25922e-06
0.000149345
0.000198226
0.000654737
-9.57489e-05
-0.000647291
-0.000548333
-0.000392483
-0.000275373
-0.0001366
-2.07105e-05
0.000132956
0.000180388
0.000648159
-9.62691e-05
-0.000674513
-0.000572147
-0.000410384
-0.000290411
-0.000153912
-3.5126e-05
0.000116218
0.00016292
0.000643064
-9.68722e-05
-0.000702322
-0.000594595
-0.000425191
-0.00030252
-0.00016921
-4.72979e-05
9.97837e-05
0.000146602
0.000640601
-9.70769e-05
-0.000729219
-0.000614732
-0.000436051
-0.000311105
-0.000181897
-5.72734e-05
8.40791e-05
0.000132885
0.000641209
-9.65037e-05
-0.000752552
-0.000629136
-0.000440799
-0.00031467
-0.000191032
-6.33447e-05
7.1319e-05
0.000122949
0.000644343
-9.53047e-05
-0.000767814
-0.000636833
-0.000439982
-0.000313765
-0.000197494
-6.76445e-05
6.49467e-05
0.000119386
0.000647281
-9.35634e-05
-0.000763475
-0.000630536
-0.000432433
-0.000307664
-0.000197162
-6.63808e-05
6.42913e-05
0.000120713
0.000647231
-9.17825e-05
-0.000739763
-0.000612475
-0.000419091
-0.000296915
-0.000188665
-6.05762e-05
6.89439e-05
0.0001264
0.000640274
-9.02143e-05
-0.000697468
-0.000582484
-0.000398449
-0.000280242
-0.000170971
-4.96479e-05
7.79231e-05
0.000136527
0.000626165
-8.92893e-05
-0.000634582
-0.000538543
-0.000371522
-0.000258995
-0.000147169
-3.36046e-05
9.32697e-05
0.000148723
0.000602252
-8.78843e-05
-0.000558446
-0.00048182
-0.000336705
-0.000232173
-0.000120958
-1.67727e-05
0.000115781
0.000169983
0.000573069
-8.70383e-05
-0.000478267
-0.000417701
-0.000293896
-0.000200173
-9.05379e-05
5.84738e-06
0.000134287
0.000188888
0.000538215
-8.57246e-05
-0.000397046
-0.000349521
-0.000243283
-0.000162208
-5.58436e-05
3.04169e-05
0.000150295
0.000208313
0.000504858
-8.47935e-05
-0.00031964
-0.000283163
-0.000188616
-0.000120316
-1.87453e-05
5.72588e-05
0.000165919
0.000227021
0.000475108
-8.35616e-05
-0.00024634
-0.000219567
-0.000132519
-7.65345e-05
1.95588e-05
8.57503e-05
0.000185718
0.000248397
0.000451847
-8.27944e-05
-0.000178651
-0.000159477
-7.89118e-05
-3.33564e-05
5.69412e-05
0.000115207
0.000209054
0.000270763
0.000432712
-8.19763e-05
-0.000119279
-0.000105066
-3.06306e-05
6.9173e-06
9.17113e-05
0.000143859
0.000233705
0.000293133
0.000418713
-8.14964e-05
-7.27144e-05
-6.07551e-05
8.47713e-06
4.07757e-05
0.000120737
0.000168701
0.000255446
0.000312578
0.000409819
-8.10935e-05
-4.12208e-05
-2.965e-05
3.61023e-05
6.5486e-05
0.000141863
0.000187339
0.000271541
0.00032722
0.00040583
-8.08952e-05
-2.53313e-05
-1.34795e-05
5.05654e-05
7.87417e-05
0.000153159
0.000197521
0.00028016
0.000335217
0.000404668
-0.000121355
-9.34163e-05
-4.73851e-05
2.11379e-05
8.90417e-05
0.00017994
0.000245937
0.000361096
0.00040442
0.000561582
-0.000121048
-9.33321e-05
-4.76192e-05
2.13606e-05
8.9691e-05
0.00018039
0.000246758
0.000361564
0.000405278
0.000563289
-0.000121127
-9.43174e-05
-5.01055e-05
2.01388e-05
8.95304e-05
0.0001798
0.000247057
0.000361242
0.000405627
0.000566589
-0.000120984
-9.56737e-05
-5.35251e-05
1.82628e-05
8.93734e-05
0.000178707
0.00024719
0.000360477
0.000405569
0.000571652
-0.000121198
-9.80863e-05
-5.89254e-05
1.52407e-05
8.8214e-05
0.000176874
0.000246915
0.000359264
0.00040538
0.000578311
-0.000120899
-0.000100762
-6.65172e-05
1.15046e-05
8.69468e-05
0.000174683
0.000246244
0.000357841
0.000405406
0.000585978
-0.000121313
-0.000104522
-7.55283e-05
7.22962e-06
8.38753e-05
0.000171742
0.000245107
0.000356161
0.000405554
0.000594411
-0.000120736
-0.000112074
-8.58083e-05
3.78118e-06
7.95474e-05
0.000168203
0.000243486
0.000354319
0.000405849
0.000603516
-0.000121279
-0.000122852
-9.37546e-05
-5.16589e-07
7.35429e-05
0.00016413
0.000241186
0.000352334
0.000406141
0.000612884
-0.000121528
-0.000134953
-0.000103463
-6.5696e-06
6.65533e-05
0.000159901
0.000238313
0.000350281
0.000406441
0.000622402
-0.000122245
-0.000148148
-0.000113854
-1.40666e-05
5.86458e-05
0.000155011
0.000234645
0.000348198
0.000406566
0.000631641
-0.000122694
-0.000162527
-0.000126003
-2.30511e-05
4.9673e-05
0.00014953
0.000230116
0.000346111
0.000406656
0.000640545
-0.000123339
-0.000178478
-0.00013918
-3.32263e-05
3.97702e-05
0.000143034
0.000224729
0.000344083
0.000405939
0.000648454
-0.000123787
-0.000195813
-0.000153867
-4.49919e-05
2.85576e-05
0.000135988
0.000218842
0.000341976
0.000405355
0.000655937
-0.000124248
-0.000214878
-0.000169712
-5.79003e-05
1.6237e-05
0.000128177
0.000211871
0.000338003
0.000402645
0.00066259
-0.000124523
-0.000235476
-0.000187046
-7.26676e-05
2.88064e-06
0.000119549
0.000203776
0.000333702
0.000399298
0.000669166
-0.000124666
-0.000257779
-0.000205808
-8.87606e-05
-1.13112e-05
0.000109863
0.000194742
0.000328842
0.000394783
0.000674513
-0.000124605
-0.000281732
-0.000225966
-0.000106461
-2.67571e-05
9.88565e-05
0.000184539
0.000322778
0.00038857
0.000679653
-0.000124305
-0.000307243
-0.000247496
-0.000125525
-4.28243e-05
8.65779e-05
0.000173357
0.000316682
0.000381336
0.000683472
-0.000123798
-0.000334261
-0.000270366
-0.000145894
-6.00191e-05
7.26518e-05
0.000160987
0.000308678
0.000371949
0.000687613
-0.000123
-0.000362605
-0.000294453
-0.000167446
-7.81248e-05
5.75122e-05
0.000147904
0.000299293
0.000361078
0.000691513
-0.000122058
-0.000392177
-0.000319712
-0.000190081
-9.71796e-05
4.08729e-05
0.000133773
0.000287863
0.000348456
0.000695123
-0.000120861
-0.000422657
-0.000345911
-0.000213538
-0.000117099
2.30626e-05
0.00011872
0.000274918
0.000334563
0.000697879
-0.000119717
-0.000453948
-0.000372967
-0.000237802
-0.000137881
3.95585e-06
0.00010263
0.000260208
0.000319035
0.000699062
-0.000118411
-0.000485483
-0.000400432
-0.000262386
-0.000159209
-1.59973e-05
8.56591e-05
0.000244188
0.000302321
0.000698437
-0.000117389
-0.00051716
-0.000428219
-0.000287281
-0.000181008
-3.68643e-05
6.77528e-05
0.000226814
0.000284095
0.000695324
-0.000116263
-0.000548099
-0.000455634
-0.000311762
-0.000202621
-5.798e-05
4.94526e-05
0.000208696
0.000264952
0.000690067
-0.00011544
-0.000578067
-0.000482577
-0.000335765
-0.00022392
-7.92909e-05
3.08424e-05
0.000190012
0.000244973
0.000682653
-0.000114579
-0.000606501
-0.000508594
-0.000358706
-0.000244281
-0.000100226
1.24991e-05
0.000171345
0.000224672
0.000673733
-0.000114283
-0.000633709
-0.000533863
-0.000380611
-0.000263665
-0.000120778
-5.46568e-06
0.000152703
0.000204338
0.000664159
-0.000113653
-0.000659407
-0.000557637
-0.000400309
-0.00028083
-0.000139802
-2.18363e-05
0.000135049
0.000184925
0.000655481
-0.000113671
-0.000686161
-0.000581406
-0.000418457
-0.000296423
-0.000157878
-3.72433e-05
0.000117074
0.000165971
0.000648443
-0.000113405
-0.000713343
-0.000603505
-0.000433107
-0.000308644
-0.000173485
-4.99134e-05
9.98341e-05
0.000148585
0.000644506
-0.000113238
-0.000740689
-0.000624021
-0.000444324
-0.000317781
-0.000186862
-6.07455e-05
8.28946e-05
0.000133509
0.000643681
-0.000112387
-0.000764538
-0.00063892
-0.000449578
-0.000322016
-0.000196738
-6.76321e-05
6.88242e-05
0.000122167
0.000645428
-0.000111094
-0.000780374
-0.000647135
-0.000449296
-0.000321807
-0.00020403
-7.28415e-05
6.12953e-05
0.00011747
0.000647175
-0.000108997
-0.000776432
-0.000641283
-0.000442075
-0.000316147
-0.000204266
-7.215e-05
5.98465e-05
0.000117918
0.000646196
-0.000107125
-0.000752937
-0.000623555
-0.000429129
-0.000305934
-0.000196431
-6.70225e-05
6.36588e-05
0.000122726
0.000638265
-0.000105303
-0.000710648
-0.000593823
-0.0004088
-0.000289649
-0.000179248
-5.66537e-05
7.19801e-05
0.000132176
0.00062336
-0.000104251
-0.000647714
-0.00055002
-0.000382113
-0.000268723
-0.00015585
-4.10572e-05
8.66474e-05
0.000143599
0.000598664
-0.000102675
-0.000571525
-0.000493474
-0.000347531
-0.00024217
-0.000130029
-2.47336e-05
0.000108694
0.000164276
0.00056877
-0.000101759
-0.00049127
-0.00042949
-0.000304924
-0.000210391
-9.99336e-05
-2.51399e-06
0.000126815
0.000182587
0.000533154
-0.000100369
-0.000409991
-0.000361455
-0.000254489
-0.000172643
-6.55186e-05
2.16635e-05
0.000142442
0.000201486
0.000499136
-9.95307e-05
-0.000332668
-0.000295318
-0.000200057
-0.000131032
-2.87469e-05
4.80974e-05
0.000157617
0.000219634
0.000468739
-9.84352e-05
-0.000259455
-0.000231933
-0.000144191
-8.75586e-05
9.21279e-06
7.61629e-05
0.000176942
0.000240491
0.000444868
-9.78183e-05
-0.00019183
-0.000172012
-9.07783e-05
-4.46499e-05
4.62968e-05
0.000105253
0.000199884
0.000262428
0.000425207
-9.70782e-05
-0.000132477
-0.000117716
-4.26479e-05
-4.60348e-06
8.08075e-05
0.000133587
0.000224195
0.00028444
0.000410765
-9.66747e-05
-8.59237e-05
-7.34628e-05
-3.61882e-06
2.91273e-05
0.000109684
0.000158241
0.00024573
0.000303667
0.000401598
-9.62943e-05
-5.4421e-05
-4.23774e-05
2.39695e-05
5.37665e-05
0.00013072
0.000176762
0.000261693
0.000318169
0.000397434
-9.61093e-05
-3.85282e-05
-2.62141e-05
3.84184e-05
6.69934e-05
0.000141978
0.000186894
0.000270254
0.000326105
0.000396195
-0.000135535
-0.000103822
-4.05832e-05
2.84759e-05
0.000107872
0.000209986
0.00027636
0.000406683
0.000446627
0.000612881
-0.000135335
-0.000103918
-4.03926e-05
2.85277e-05
0.000108573
0.000210443
0.000277132
0.00040725
0.000447264
0.000614455
-0.000135675
-0.000105345
-4.16884e-05
2.69201e-05
0.000108598
0.000210185
0.000277499
0.000407434
0.000447557
0.000617815
-0.000135929
-0.000107301
-4.32812e-05
2.44584e-05
0.000108514
0.00020958
0.000277519
0.000407498
0.000447472
0.000622684
-0.000136596
-0.000110622
-4.62696e-05
2.05442e-05
0.000107298
0.000208542
0.000277298
0.00040742
0.000447753
0.000629357
-0.000137114
-0.000114494
-5.06456e-05
1.61752e-05
0.000106089
0.000207008
0.000276771
0.000407441
0.000448677
0.000637186
-0.000137912
-0.00011969
-5.6273e-05
1.08521e-05
0.000103271
0.000204817
0.000276258
0.000407205
0.000449551
0.000645772
-0.000138207
-0.000124648
-6.4902e-05
4.74002e-06
0.000100302
0.000202342
0.000275508
0.000406667
0.000450586
0.000655449
-0.000139051
-0.000131223
-7.47558e-05
-1.58609e-06
9.59311e-05
0.000199049
0.000274522
0.000405847
0.00045172
0.000665911
-0.000139033
-0.00014067
-8.69391e-05
-8.05583e-06
9.09183e-05
0.000195288
0.000273117
0.000404637
0.000452888
0.000677145
-0.000139698
-0.000153198
-9.79212e-05
-1.49876e-05
8.45252e-05
0.000190637
0.000271507
0.00040324
0.000453989
0.000688563
-0.000139835
-0.000166314
-0.000110931
-2.32741e-05
7.70272e-05
0.000185544
0.000268817
0.00040139
0.000455208
0.00070055
-0.000140141
-0.000181455
-0.000124747
-3.22412e-05
6.81353e-05
0.000179254
0.000266403
0.00039963
0.000455617
0.000710996
-0.000140032
-0.000197679
-0.000139876
-4.248e-05
5.81365e-05
0.000171996
0.000261525
0.000397497
0.00045712
0.000723144
-0.000139803
-0.000215784
-0.000156224
-5.29099e-05
4.7042e-05
0.000163014
0.000256175
0.000393899
0.000456418
0.000733965
-0.000139154
-0.000235241
-0.000173738
-6.5457e-05
3.44625e-05
0.000153869
0.000249225
0.000388803
0.000453799
0.000742268
-0.000138194
-0.000256389
-0.000192734
-7.92339e-05
2.05976e-05
0.000143659
0.000241356
0.000383124
0.000451147
0.000750556
-0.000136808
-0.000279154
-0.000212882
-9.44708e-05
5.72996e-06
0.000132097
0.000231355
0.000375123
0.000444911
0.000756223
-0.000135035
-0.000303615
-0.000234493
-0.000111669
-1.09352e-05
0.000120281
0.000220233
0.000366996
0.000438098
0.000760466
-0.000132898
-0.000329625
-0.000257245
-0.000130318
-2.84382e-05
0.000106666
0.000207558
0.000356527
0.000427811
0.000762408
-0.000130417
-0.000357128
-0.000281324
-0.000150707
-4.7692e-05
9.13454e-05
0.000192964
0.000345877
0.000416285
0.000762039
-0.000127755
-0.000386029
-0.000306518
-0.000172687
-6.79165e-05
7.41418e-05
0.000176955
0.00033275
0.000401447
0.00075984
-0.000124917
-0.000416019
-0.000332842
-0.00019602
-8.9428e-05
5.52247e-05
0.000159161
0.000317866
0.000384552
0.000756189
-0.000122293
-0.00044707
-0.000360182
-0.000220684
-0.000111962
3.44001e-05
0.000139992
0.00030066
0.000364977
0.00075073
-0.000119745
-0.000478598
-0.000388209
-0.000246078
-0.000135348
1.21746e-05
0.00011955
0.000281446
0.00034361
0.000743856
-0.000117744
-0.000510546
-0.000416822
-0.000272158
-0.00015938
-1.1311e-05
9.80514e-05
0.000260428
0.00032043
0.000734844
-0.000116064
-0.00054215
-0.000445461
-0.000298212
-0.000183497
-3.53778e-05
7.59624e-05
0.000238276
0.000296268
0.000724035
-0.000114971
-0.000572985
-0.000473782
-0.00032393
-0.0002073
-5.96355e-05
5.37357e-05
0.000215594
0.000271593
0.000711592
-0.000114151
-0.000602384
-0.000501365
-0.000348751
-0.000230235
-8.3531e-05
3.18349e-05
0.000193058
0.000246934
0.000697903
-0.000113905
-0.000630484
-0.000528046
-0.000372326
-0.000251858
-0.000106677
1.07944e-05
0.000171016
0.000222851
0.000684247
-0.000113595
-0.00065719
-0.000553248
-0.000393668
-0.000271157
-0.000128137
-8.41082e-06
0.000150209
0.000200082
0.000671948
-0.000113587
-0.000684562
-0.000577988
-0.000412953
-0.00028829
-0.000148032
-2.59798e-05
0.000129765
0.000178541
0.000662081
-0.000113692
-0.000712654
-0.000601295
-0.000428991
-0.000302259
-0.000165619
-4.08661e-05
0.00011002
0.000158591
0.000655434
-0.000113591
-0.000740305
-0.000622513
-0.000441164
-0.000312674
-0.00018051
-5.3447e-05
9.12081e-05
0.000141609
0.000652536
-0.000113056
-0.000764715
-0.000638278
-0.000447498
-0.000318281
-0.0001919
-6.20138e-05
7.51684e-05
0.000128282
0.000652248
-0.000111853
-0.000780873
-0.000647053
-0.000447931
-0.000319041
-0.000200372
-6.85475e-05
6.6172e-05
0.000122145
0.000652479
-0.0001102
-0.00077759
-0.000641976
-0.00044166
-0.000314579
-0.000202004
-6.93071e-05
6.31621e-05
0.000121031
0.000649931
-0.00010859
-0.000754512
-0.000624865
-0.000429475
-0.000305329
-0.000195304
-6.53453e-05
6.56961e-05
0.000124571
0.000640681
-0.000106944
-0.000712572
-0.000595549
-0.000409707
-0.000289801
-0.000179016
-5.59355e-05
7.29738e-05
0.000133086
0.000624792
-0.000105934
-0.000649939
-0.000552194
-0.000383452
-0.000269431
-0.000156215
-4.09771e-05
8.67043e-05
0.000143596
0.000599224
-0.000104354
-0.000573812
-0.000495787
-0.000349188
-0.000243322
-0.000130913
-2.5273e-05
0.000108179
0.000163737
0.000568639
-0.000103405
-0.000493638
-0.00043192
-0.000306864
-0.000211916
-0.000101252
-3.50241e-06
0.000125827
0.000181489
0.000532264
-0.000101963
-0.000412401
-0.000363894
-0.000256591
-0.000174434
-6.71364e-05
2.02962e-05
0.000141062
0.000199966
0.000497654
-0.000101065
-0.000335111
-0.000297769
-0.000202278
-0.000133008
-3.05804e-05
4.64404e-05
0.000155903
0.000217732
0.00046677
-9.98607e-05
-0.000261843
-0.000234329
-0.000146406
-8.95836e-05
7.31562e-06
7.43677e-05
0.000175065
0.000238394
0.000442633
-9.91577e-05
-0.000194141
-0.000174318
-9.29201e-05
-4.66289e-05
4.44309e-05
0.00010344
0.000197964
0.000260245
0.000422848
-9.83494e-05
-0.000134672
-0.000119878
-4.46351e-05
-6.43532e-06
7.90867e-05
0.000131891
0.000222372
0.000282317
0.000408443
-9.78554e-05
-8.79797e-05
-7.54721e-05
-5.45182e-06
2.74393e-05
0.000108097
0.000156652
0.000243999
0.000301601
0.000399305
-9.74797e-05
-5.64259e-05
-4.43216e-05
2.22105e-05
5.21572e-05
0.000129217
0.000175251
0.000260036
0.000316159
0.000395183
-9.72874e-05
-4.04943e-05
-2.81135e-05
3.67061e-05
6.54295e-05
0.00014052
0.00018542
0.000268633
0.000324119
0.000393957
-0.000154175
-0.000128633
-5.69973e-05
1.63043e-05
9.44967e-05
0.00021388
0.000288014
0.000435803
0.000489132
0.00067287
-0.000154132
-0.000129003
-5.66921e-05
1.6262e-05
9.48218e-05
0.000214314
0.00028866
0.000436403
0.000489714
0.000674432
-0.000154722
-0.00013137
-5.76484e-05
1.46867e-05
9.40855e-05
0.000214109
0.000288667
0.000436834
0.000490247
0.000677917
-0.00015526
-0.000134243
-5.84115e-05
1.22897e-05
9.23094e-05
0.000213669
0.000288285
0.000437123
0.000490501
0.000682747
-0.000156154
-0.00013939
-6.07355e-05
8.59613e-06
8.97906e-05
0.000212183
0.000287208
0.000436848
0.00049086
0.000689289
-0.000157197
-0.000144942
-6.39196e-05
3.95935e-06
8.74164e-05
0.000210203
0.000286206
0.000436567
0.000491887
0.000697306
-0.000158259
-0.000151889
-6.79959e-05
-8.86805e-07
8.36267e-05
0.000207523
0.000284887
0.00043609
0.000492947
0.000705934
-0.000159393
-0.00015977
-7.36513e-05
-7.23058e-06
7.96398e-05
0.000204338
0.000283227
0.000435143
0.000493743
0.000715303
-0.000160573
-0.000168804
-8.07271e-05
-1.39498e-05
7.48801e-05
0.000200355
0.000281159
0.00043363
0.000494355
0.000725424
-0.000161492
-0.000177529
-8.99376e-05
-2.20879e-05
6.93332e-05
0.000195518
0.000278568
0.000431581
0.000494618
0.000735936
-0.000162447
-0.000188401
-0.000100322
-3.05627e-05
6.29783e-05
0.000189674
0.000275504
0.000428777
0.000494764
0.000747224
-0.000163263
-0.000200307
-0.000111865
-4.00836e-05
5.56172e-05
0.000182904
0.0002715
0.000425327
0.000493965
0.000758027
-0.000163922
-0.000213861
-0.000124977
-5.01902e-05
4.68545e-05
0.000175128
0.000267682
0.000421328
0.000493783
0.000770115
-0.000164339
-0.000228788
-0.000139224
-6.10629e-05
3.72965e-05
0.00016772
0.000262511
0.000416102
0.000490149
0.000779781
-0.00016441
-0.000245422
-0.000155241
-7.10515e-05
2.83417e-05
0.000157804
0.000256903
0.000412143
0.000487787
0.000790359
-0.000164089
-0.000263544
-0.000172417
-8.34373e-05
1.76197e-05
0.00014821
0.000250118
0.000406575
0.000483386
0.000797825
-0.000163276
-0.000283223
-0.000191304
-9.6556e-05
6.03122e-06
0.00013656
0.000242522
0.000400315
0.000479201
0.000807221
-0.00016198
-0.000304529
-0.000211541
-0.000110829
-4.51971e-06
0.000125545
0.000232298
0.00039297
0.000472253
0.000813268
-0.000160129
-0.000327551
-0.000233669
-0.000126661
-1.90407e-05
0.000114619
0.000222256
0.000382585
0.000463952
0.000817744
-0.000157839
-0.000352299
-0.000257375
-0.000143966
-3.3852e-05
0.000101935
0.000212787
0.000371139
0.000451976
0.000819082
-0.000155053
-0.00037862
-0.00028282
-0.000162977
-5.13541e-05
8.74107e-05
0.000199262
0.00035953
0.000439224
0.000817391
-0.000152028
-0.000406527
-0.000309631
-0.000183869
-7.01127e-05
7.1053e-05
0.000184497
0.000345742
0.000424053
0.000812333
-0.000148705
-0.000435675
-0.000337647
-0.000206707
-9.09801e-05
5.33745e-05
0.000167152
0.000330147
0.000406475
0.000804429
-0.000145589
-0.000466069
-0.000366716
-0.00023122
-0.00011386
3.34184e-05
0.000148301
0.000312912
0.000386417
0.00079353
-0.00014247
-0.000497044
-0.000396273
-0.000256767
-0.000137977
1.12418e-05
0.000126909
0.000293182
0.000363882
0.000780572
-0.00014002
-0.000528617
-0.000426339
-0.0002832
-0.000163169
-1.27313e-05
0.000103971
0.000271247
0.000338698
0.000765387
-0.000137888
-0.000559904
-0.000456162
-0.000309714
-0.000188579
-3.7756e-05
7.99122e-05
0.00024743
0.000311762
0.000748669
-0.000136594
-0.00059074
-0.00048559
-0.000335969
-0.000213762
-6.32948e-05
5.55601e-05
0.000222576
0.000283909
0.000730911
-0.000135362
-0.000619579
-0.000513645
-0.000361014
-0.000237782
-8.83434e-05
3.17013e-05
0.000197817
0.000256266
0.000712626
-0.000135
-0.000647549
-0.000540853
-0.000384872
-0.000260416
-0.00011265
8.81619e-06
0.000173505
0.000229345
0.000695069
-0.000133859
-0.000673347
-0.000565734
-0.000405802
-0.000279979
-0.000134558
-1.14199e-05
0.000151197
0.000204625
0.000680018
-0.000133079
-0.000699905
-0.000590118
-0.00042465
-0.000297205
-0.000154726
-2.97379e-05
0.000129551
0.000181531
0.000668058
-0.000131975
-0.000726866
-0.000612718
-0.000439937
-0.000310895
-0.000172194
-4.48847e-05
0.000109115
0.000160542
0.000659952
-0.000131074
-0.000754152
-0.00063369
-0.000451713
-0.000321236
-0.000187142
-5.78428e-05
8.94512e-05
0.000142511
0.000655807
-0.000130066
-0.000778554
-0.000649595
-0.000458109
-0.000327196
-0.000198937
-6.70391e-05
7.22405e-05
0.000127894
0.000654125
-0.000128717
-0.000795057
-0.000658741
-0.000458844
-0.000328472
-0.000208057
-7.44198e-05
6.21562e-05
0.00012062
0.000653032
-0.000126998
-0.000792386
-0.000654291
-0.000453057
-0.000324667
-0.000210446
-7.60394e-05
5.8123e-05
0.000118413
0.000649241
-0.00012541
-0.00076966
-0.000637633
-0.000441288
-0.000315988
-0.000204438
-7.28504e-05
5.97257e-05
0.000120906
0.000638762
-0.000123665
-0.000727901
-0.000608703
-0.000421898
-0.00030097
-0.00018878
-6.41874e-05
6.61199e-05
0.00012852
0.000621832
-0.000122622
-0.000665313
-0.000565639
-0.000395916
-0.000280972
-0.000166454
-4.97691e-05
7.90041e-05
0.000137986
0.000595161
-0.00012099
-0.000589103
-0.000509478
-0.000361967
-0.00025523
-0.000141675
-3.47429e-05
9.97775e-05
0.000157281
0.00056359
-0.000120019
-0.000508826
-0.000445787
-0.000319877
-0.000224069
-0.000112408
-1.34436e-05
0.000116879
0.000174192
0.000526235
-0.000118528
-0.000427457
-0.000377885
-0.00026979
-0.000186816
-7.86328e-05
9.87982e-06
0.000131624
0.000191972
0.000490812
-0.000117641
-0.000350068
-0.00031185
-0.000215616
-0.000145582
-4.23556e-05
3.56482e-05
0.000146046
0.000209115
0.000459192
-0.000116412
-0.000276662
-0.000248431
-0.00015981
-0.000102316
-4.68352e-06
6.32408e-05
0.000164837
0.000229277
0.000434458
-0.000115727
-0.000208845
-0.000188415
-0.000106365
-5.94892e-05
3.22502e-05
9.204e-05
0.000187424
0.000250725
0.000414181
-0.000114893
-0.000149238
-0.000133922
-5.80631e-05
-1.93633e-05
6.67953e-05
0.000120298
0.000211607
0.000272511
0.000399417
-0.000114376
-0.000102432
-8.94418e-05
-1.88277e-05
1.45096e-05
9.57739e-05
0.000144973
0.000233122
0.000291643
0.000390077
-0.000113941
-7.0768e-05
-5.82039e-05
8.90762e-06
3.9264e-05
0.000116909
0.00016355
0.000249118
0.000306134
0.000385854
-0.00011372
-5.47829e-05
-4.19509e-05
2.34426e-05
5.25595e-05
0.000128224
0.000173715
0.000257698
0.000314065
0.000384584
-0.000160473
-0.000141883
-5.11774e-05
4.13417e-05
0.000124189
0.000248715
0.000325661
0.000476653
0.000526207
0.000707857
-0.000160514
-0.000142669
-5.09058e-05
4.19484e-05
0.00012485
0.000249311
0.000326471
0.000477329
0.000526865
0.000708868
-0.000161074
-0.000145472
-5.16121e-05
4.17798e-05
0.000124687
0.000249652
0.000327176
0.000478473
0.000527669
0.000711442
-0.000161704
-0.000149562
-5.1996e-05
4.27669e-05
0.00012451
0.000250027
0.000328051
0.000479663
0.000528725
0.000715408
-0.000162319
-0.000155193
-5.46164e-05
4.3114e-05
0.000124619
0.00025013
0.000328643
0.000481248
0.000529821
0.000720409
-0.000163519
-0.000162215
-5.59641e-05
4.23601e-05
0.000122809
0.000250303
0.000329553
0.000482349
0.000529837
0.000726566
-0.000164734
-0.000169952
-6.04889e-05
4.06768e-05
0.000122572
0.000250144
0.000329639
0.000482851
0.000530477
0.000735041
-0.000166305
-0.000178822
-6.4619e-05
3.87354e-05
0.000120525
0.000249173
0.000329697
0.000483504
0.000531448
0.000744283
-0.000167937
-0.000188628
-7.04711e-05
3.51234e-05
0.000118513
0.000248143
0.000329203
0.000483712
0.000532705
0.000754465
-0.000169736
-0.000199532
-7.72038e-05
3.07684e-05
0.000115409
0.000246194
0.000328588
0.000483893
0.000533848
0.000764827
-0.000171497
-0.000211527
-8.53701e-05
2.48923e-05
0.000112058
0.000244065
0.000326571
0.000483312
0.000534763
0.000775478
-0.000173226
-0.000224746
-9.48983e-05
1.7861e-05
0.000107562
0.000240772
0.000325461
0.000482227
0.000534639
0.00078603
-0.00017471
-0.00023918
-0.000105944
9.02268e-06
0.000103089
0.000236998
0.000320502
0.000479862
0.000534586
0.00079694
-0.000175938
-0.000254837
-0.000118742
-1.54908e-06
9.68245e-05
0.000230698
0.000317356
0.000476311
0.000532071
0.000807075
-0.000176636
-0.000271769
-0.000133533
-1.63965e-05
8.89318e-05
0.00022663
0.000313077
0.00047284
0.000529757
0.000816369
-0.000176873
-0.000289738
-0.00015017
-3.08235e-05
7.87243e-05
0.000217863
0.000308079
0.000468433
0.000527102
0.000826945
-0.000176329
-0.000308913
-0.000168469
-4.78483e-05
6.62698e-05
0.000208867
0.000300773
0.000461963
0.000520946
0.00083462
-0.000175132
-0.00032922
-0.000188925
-6.68119e-05
4.93722e-05
0.000197147
0.000294654
0.000455069
0.00051601
0.000841923
-0.000172968
-0.000350655
-0.000210927
-8.7008e-05
3.22578e-05
0.000180037
0.000283478
0.000446119
0.000508095
0.000849035
-0.000170122
-0.000373319
-0.00023512
-0.000109124
1.19074e-05
0.000161995
0.00026806
0.000435563
0.000499505
0.000852035
-0.000166326
-0.000397002
-0.000260574
-0.000132739
-9.64023e-06
0.000141391
0.000251677
0.000419325
0.000485597
0.000852722
-0.000162051
-0.000421848
-0.00028798
-0.000157687
-3.38861e-05
0.000119106
0.000231757
0.0004014
0.000468673
0.000849285
-0.000157123
-0.000447682
-0.000316601
-0.000183677
-5.93419e-05
9.44559e-05
0.000210023
0.000380243
0.000447947
0.000841932
-0.000152191
-0.000474629
-0.000346776
-0.000210582
-8.63805e-05
6.80423e-05
0.000185303
0.00035655
0.00042409
0.000830577
-0.000147146
-0.000502385
-0.000377796
-0.000238216
-0.000113864
4.07871e-05
0.000159134
0.000330642
0.000397072
0.000815255
-0.000142796
-0.000531127
-0.000409868
-0.00026668
-0.000142254
1.24987e-05
0.000131642
0.000303352
0.000367904
0.000796523
-0.000138949
-0.000560164
-0.000441956
-0.000295203
-0.000170528
-1.61254e-05
0.000103647
0.000275107
0.000337114
0.00077547
-0.000136417
-0.000589815
-0.00047424
-0.000323851
-0.000198762
-4.51805e-05
7.53114e-05
0.000246004
0.000305353
0.000753047
-0.000134571
-0.000618022
-0.000504755
-0.000351
-0.000225358
-7.32229e-05
4.81405e-05
0.000217503
0.000274213
0.000730885
-0.000134036
-0.000646152
-0.000534348
-0.000376918
-0.000250408
-0.000100299
2.22173e-05
0.000189573
0.000244054
0.000709993
-0.000133201
-0.000672404
-0.000560908
-0.000399352
-0.000271721
-0.000124366
-3.18314e-07
0.000164261
0.000216788
0.000692508
-0.000132388
-0.000699276
-0.000586596
-0.000419438
-0.000290389
-0.000146303
-2.05357e-05
0.000140156
0.00019158
0.00067856
-0.000131258
-0.000726375
-0.000610027
-0.00043558
-0.000305083
-0.000165088
-3.70634e-05
0.000117883
0.000168963
0.00066889
-0.000130354
-0.000753766
-0.000631757
-0.000448274
-0.000316502
-0.000181381
-5.14653e-05
9.65693e-05
0.000149367
0.000663185
-0.000129213
-0.000778075
-0.000648046
-0.000455212
-0.000323151
-0.000194047
-6.16064e-05
7.81793e-05
0.000133572
0.000660307
-0.000128203
-0.000794951
-0.0006579
-0.000456828
-0.000325465
-0.000204405
-7.02844e-05
6.66994e-05
0.000124903
0.000657784
-0.000127353
-0.000793288
-0.000654502
-0.000452305
-0.000323084
-0.000208403
-7.34914e-05
6.10386e-05
0.000121034
0.000652407
-0.000126411
-0.000771454
-0.000638884
-0.000441704
-0.000315728
-0.000203823
-7.17431e-05
6.10914e-05
0.00012207
0.000640499
-0.000124967
-0.000730176
-0.000610547
-0.000423047
-0.000301593
-0.000189117
-6.41156e-05
6.63862e-05
0.000128802
0.000622607
-0.000123966
-0.000667818
-0.000567991
-0.000397502
-0.000282125
-0.000167308
-5.03009e-05
7.84355e-05
0.000137416
0.000595106
-0.000122244
-0.000591445
-0.000511946
-0.000363816
-0.000256726
-0.000142889
-3.57485e-05
9.88363e-05
0.000156324
0.000562986
-0.000121106
-0.000511047
-0.000448289
-0.000321897
-0.000225797
-0.000113902
-1.47265e-05
0.000115684
0.000172858
0.00052508
-0.000119386
-0.000429533
-0.000380266
-0.000271828
-0.000188657
-8.02565e-05
8.40904e-06
0.000130234
0.00019044
0.000489325
-0.000118269
-0.000352045
-0.000314086
-0.00021762
-0.00014744
-4.40343e-05
3.40777e-05
0.000144511
0.000207423
0.000457488
-0.000116887
-0.000278538
-0.00025049
-0.000161688
-0.000104082
-6.29974e-06
6.16904e-05
0.000163272
0.000227559
0.000432717
-0.000116173
-0.000210608
-0.000190282
-0.000108066
-6.10823e-05
3.07853e-05
9.06166e-05
0.000185951
0.000249068
0.000412481
-0.000115385
-0.000150907
-0.000135627
-5.95958e-05
-2.07863e-05
6.54885e-05
0.00011901
0.00021024
0.00027091
0.000397729
-0.000115084
-0.000104118
-9.11122e-05
-2.03118e-05
1.31484e-05
9.45375e-05
0.00014375
0.000231814
0.000290059
0.00038836
-0.000114679
-7.23404e-05
-5.97237e-05
7.57948e-06
3.80515e-05
0.000115804
0.000162431
0.000247892
0.000304585
0.000384117
-0.000114563
-5.63737e-05
-4.3471e-05
2.21194e-05
5.13547e-05
0.000127129
0.000172602
0.000256478
0.000312505
0.000382812
-0.000163576
-0.000180476
-8.56117e-05
2.08455e-05
0.000118631
0.000261718
0.000362134
0.000531489
0.000622103
0.000810066
-0.00016359
-0.000181902
-8.59053e-05
2.13165e-05
0.000119359
0.000262372
0.000362898
0.000532289
0.000623547
0.000811532
-0.000163618
-0.000184663
-8.79085e-05
2.0411e-05
0.000119105
0.000262841
0.000363613
0.000533464
0.000626163
0.000815294
-0.000164075
-0.000191108
-8.94271e-05
2.10032e-05
0.000119408
0.00026313
0.000364089
0.000534477
0.000629097
0.000820346
-0.000163888
-0.000198795
-9.23392e-05
1.91092e-05
0.000118956
0.000263646
0.000364839
0.000535814
0.000632866
0.0008274
-0.000164051
-0.000208031
-9.58579e-05
1.7548e-05
0.000118158
0.000263609
0.000365525
0.000537223
0.000637107
0.000835773
-0.000163883
-0.000217878
-0.000100509
1.43769e-05
0.000116634
0.000263188
0.000365974
0.000538372
0.000641687
0.000845608
-0.000163879
-0.000228819
-0.000106021
1.10036e-05
0.000114733
0.000262341
0.000366271
0.000539193
0.000646377
0.0008564
-0.000163668
-0.000240491
-0.000112484
6.45173e-06
0.000111949
0.000260926
0.000366315
0.000539714
0.00065104
0.000868038
-0.000163556
-0.000253118
-0.000120028
1.12101e-06
0.000108538
0.000258834
0.000365905
0.000539893
0.000655377
0.000880012
-0.000163303
-0.00026659
-0.000128623
-5.30557e-06
0.000104121
0.000256091
0.000365185
0.000539758
0.000659011
0.000891982
-0.00016313
-0.000281046
-0.000138435
-1.28615e-05
9.8804e-05
0.000252279
0.000363471
0.00053907
0.000661633
0.000903754
-0.000162839
-0.000296446
-0.00014945
-2.1644e-05
9.22516e-05
0.000247966
0.000361342
0.000537299
0.000662698
0.0009149
-0.000162629
-0.000312908
-0.000161853
-3.19017e-05
8.43651e-05
0.000241866
0.000357755
0.000534909
0.00066208
0.000925082
-0.000162302
-0.000330396
-0.000175598
-4.38222e-05
7.39404e-05
0.000233657
0.000352428
0.000530767
0.000659611
0.000934266
-0.000162079
-0.000348991
-0.000190954
-5.71598e-05
6.26851e-05
0.000223758
0.000344943
0.000524792
0.000654544
0.000942105
-0.000161725
-0.000368635
-0.000207904
-7.19871e-05
4.94127e-05
0.000211733
0.000335273
0.000516449
0.000645937
0.000946767
-0.000161505
-0.000389401
-0.000226727
-8.86267e-05
3.39567e-05
0.000196614
0.000322446
0.00050521
0.000634216
0.000949824
-0.000161123
-0.000411086
-0.000247267
-0.000106931
1.72449e-05
0.000180082
0.000307149
0.000490978
0.000618055
0.000948645
-0.000160921
-0.000433764
-0.00026986
-0.000127242
-1.722e-06
0.00016108
0.000289
0.000473241
0.000598317
0.000944765
-0.00016052
-0.000457117
-0.000294136
-0.000149304
-2.24611e-05
0.000140383
0.000269016
0.000453668
0.000574627
0.000936257
-0.000160344
-0.000481144
-0.000320388
-0.000173438
-4.54071e-05
0.000117232
0.000246445
0.000430671
0.000546925
0.00092385
-0.000159923
-0.000505418
-0.000348141
-0.000199227
-7.02193e-05
9.23021e-05
0.000221706
0.000405552
0.000515886
0.000907234
-0.000159776
-0.000529969
-0.000377455
-0.000226841
-9.70078e-05
6.50844e-05
0.000194651
0.000377534
0.000481304
0.000886468
-0.000159349
-0.000554212
-0.000407577
-0.000255484
-0.000125202
3.64277e-05
0.000165867
0.000347706
0.000444333
0.000862207
-0.000159231
-0.000578387
-0.000438442
-0.000285188
-0.000154698
6.06341e-06
0.000135329
0.000315838
0.000405085
0.000834683
-0.000158771
-0.000601848
-0.000468955
-0.000314601
-0.000184195
-2.463e-05
0.000104261
0.000283289
0.00036509
0.000805191
-0.000158633
-0.000625363
-0.000499282
-0.000343774
-0.000213496
-5.56252e-05
7.29285e-05
0.000250232
0.000324892
0.000774621
-0.000157933
-0.000648017
-0.000527702
-0.000370646
-0.000240438
-8.47562e-05
4.35569e-05
0.000218787
0.000286864
0.000745486
-0.000157438
-0.000672038
-0.000555285
-0.0003957
-0.000265228
-0.000112119
1.62604e-05
0.00018881
0.000251776
0.000719854
-0.000156867
-0.000696895
-0.000581254
-0.000417931
-0.000286784
-0.00013678
-7.75822e-06
0.00016113
0.000220232
0.000698624
-0.00015576
-0.000722259
-0.000605939
-0.00043742
-0.000305338
-0.000158889
-2.89321e-05
0.000135363
0.000192084
0.000681988
-0.000153539
-0.000747584
-0.000628015
-0.000452449
-0.000319288
-0.000177107
-4.54793e-05
0.000112503
0.000167943
0.000670841
-0.000151521
-0.000773414
-0.00064842
-0.000464012
-0.000329924
-0.000192747
-5.97675e-05
9.09026e-05
0.000147502
0.000664123
-0.000149374
-0.000796549
-0.000663798
-0.000470164
-0.000336069
-0.000204926
-6.98155e-05
7.22982e-05
0.00013114
0.000660412
-0.000148285
-0.000813766
-0.000673775
-0.000471877
-0.00033872
-0.000215735
-7.92728e-05
6.01083e-05
0.000121592
0.000656597
-0.000147047
-0.000813501
-0.000670812
-0.000467467
-0.000336601
-0.000220092
-8.29516e-05
5.44793e-05
0.000117775
0.000650962
-0.000145724
-0.000792347
-0.000655351
-0.000456751
-0.000329303
-0.000215665
-8.14197e-05
5.43261e-05
0.000118388
0.000638439
-0.000144153
-0.000751169
-0.000627254
-0.000438285
-0.000315576
-0.000201446
-7.4508e-05
5.8713e-05
0.000124328
0.000619637
-0.000143134
-0.000688424
-0.000584886
-0.000412827
-0.00029639
-0.000179846
-6.10495e-05
6.92735e-05
0.000131267
0.000590757
-0.000141421
-0.00061135
-0.000529031
-0.000379389
-0.00027135
-0.00015597
-4.74172e-05
8.8693e-05
0.000148994
0.000557349
-0.000140252
-0.000530246
-0.000465456
-0.000337665
-0.000240653
-0.000127406
-2.69082e-05
0.00010479
0.000164288
0.000518097
-0.000138454
-0.000448061
-0.0003974
-0.000287757
-0.000203765
-9.41691e-05
-4.39997e-06
0.000118746
0.000180925
0.000481238
-0.000137215
-0.000370008
-0.000331076
-0.000233617
-0.000162701
-5.82499e-05
2.08554e-05
0.000132554
0.000197078
0.000448419
-0.000135592
-0.000295882
-0.000267145
-0.000177525
-0.000119302
-2.05974e-05
4.82596e-05
0.000151033
0.000216692
0.000422975
-0.000134547
-0.000227292
-0.000206463
-0.000123559
-7.60576e-05
1.66227e-05
7.7229e-05
0.000173655
0.000237965
0.00040236
-0.000133374
-0.000166874
-0.000151174
-7.45112e-05
-3.52589e-05
5.17472e-05
0.000105969
0.000198194
0.000259947
0.000387642
-0.000132777
-0.000119625
-0.000106244
-3.48454e-05
-9.89771e-07
8.10704e-05
0.000130935
0.000219921
0.000279186
0.000378285
-0.000132176
-8.75674e-05
-7.45882e-05
-6.70282e-06
2.41363e-05
0.000102524
0.000149773
0.000236112
0.000293793
0.000374074
-0.000131963
-7.14748e-05
-5.82113e-05
7.95301e-06
3.75448e-05
0.000113935
0.000160016
0.000244746
0.000301748
0.000372779
)
;

boundaryField
{
    inlet
    {
        type            zeroGradient;
    }
    outlet
    {
        type            zeroGradient;
    }
    sideLeft
    {
        type            zeroGradient;
    }
    sideRight
    {
        type            zeroGradient;
    }
    top
    {
        type            symmetryPlane;
        value           nonuniform List<scalar> 
100
(
-5.33591e-05
-6.51586e-05
-6.59966e-05
-7.96435e-05
-8.08952e-05
-9.61093e-05
-9.72874e-05
-0.00011372
-0.000114563
-0.000131963
-3.1975e-07
-1.03319e-05
-1.16575e-05
-2.34052e-05
-2.53313e-05
-3.85282e-05
-4.04943e-05
-5.47829e-05
-5.63737e-05
-7.14748e-05
1.04638e-05
9.02832e-07
-3.34502e-07
-1.16249e-05
-1.34795e-05
-2.62141e-05
-2.81135e-05
-4.19509e-05
-4.3471e-05
-5.82113e-05
7.29471e-05
6.39951e-05
6.29284e-05
5.22347e-05
5.05654e-05
3.84184e-05
3.67061e-05
2.34426e-05
2.21194e-05
7.95301e-06
0.000100044
9.15245e-05
9.05633e-05
8.02743e-05
7.87417e-05
6.69934e-05
6.54295e-05
5.25595e-05
5.13547e-05
3.75448e-05
0.00017315
0.000165191
0.00016431
0.000154588
0.000153159
0.000141978
0.00014052
0.000128224
0.000127129
0.000113935
0.000216432
0.000209038
0.000208149
0.000198967
0.000197521
0.000186894
0.00018542
0.000173715
0.000172602
0.000160016
0.000297945
0.000291208
0.000290226
0.000281735
0.00028016
0.000270254
0.000268633
0.000257698
0.000256478
0.000244746
0.0003521
0.000346086
0.00034487
0.000337117
0.000335217
0.000326105
0.000324119
0.000314065
0.000312505
0.000301748
0.000420589
0.00041528
0.000413915
0.00040679
0.000404668
0.000396195
0.000393957
0.000384584
0.000382812
0.000372779
)
;
    }
    bottomRoughWall
    {
        type            zeroGradient;
    }
}


// ************************************************************************* //
