/*--------------------------------*- C++ -*----------------------------------*\
| =========                 |                                                 |
| \\      /  F ield         | foam-extend: Open Source CFD                    |
|  \\    /   O peration     | Version:     3.2                                |
|   \\  /    A nd           | Web:         http://www.foam-extend.org         |
|    \\/     M anipulation  | For copyright notice see file Copyright         |
\*---------------------------------------------------------------------------*/
FoamFile
{
    version     2.0;
    format      ascii;
    class       volScalarField;
    location    "1.2e+06";
    object      Uy;
}
// * * * * * * * * * * * * * * * * * * * * * * * * * * * * * * * * * * * * * //

dimensions      [0 1 -1 0 0 0 0];

internalField   nonuniform List<scalar> 
5000
(
2.59073
2.59073
2.59073
2.59074
2.59074
2.59074
2.59074
2.59075
2.59075
2.59076
3.31726
3.31726
3.31726
3.31726
3.31726
3.31727
3.31727
3.31728
3.31728
3.31729
3.69458
3.69458
3.69458
3.69458
3.69459
3.69459
3.69459
3.6946
3.6946
3.69461
3.94005
3.94005
3.94006
3.94006
3.94006
3.94007
3.94007
3.94008
3.94008
3.94009
4.11126
4.11127
4.11127
4.11128
4.11128
4.11128
4.11129
4.11129
4.1113
4.11131
4.23191
4.23192
4.23192
4.23192
4.23193
4.23193
4.23194
4.23194
4.23195
4.23196
4.3132
4.31321
4.31321
4.31322
4.31322
4.31323
4.31323
4.31324
4.31324
4.31325
4.36082
4.36082
4.36083
4.36083
4.36084
4.36084
4.36085
4.36085
4.36086
4.36087
4.37766
4.37766
4.37767
4.37767
4.37768
4.37768
4.37769
4.3777
4.3777
4.37772
4.36511
4.36512
4.36512
4.36513
4.36513
4.36514
4.36515
4.36515
4.36516
4.36518
4.32372
4.32372
4.32373
4.32373
4.32374
4.32375
4.32375
4.32376
4.32377
4.32378
4.25354
4.25354
4.25355
4.25356
4.25356
4.25357
4.25358
4.25359
4.2536
4.25361
4.15444
4.15444
4.15445
4.15446
4.15447
4.15447
4.15448
4.15449
4.1545
4.15452
4.02626
4.02626
4.02627
4.02628
4.02629
4.0263
4.0263
4.02631
4.02632
4.02634
3.86899
3.86899
3.869
3.86901
3.86902
3.86903
3.86904
3.86905
3.86906
3.86908
3.68291
3.68291
3.68292
3.68293
3.68294
3.68295
3.68296
3.68297
3.68298
3.683
3.46873
3.46873
3.46874
3.46875
3.46877
3.46878
3.46879
3.4688
3.46881
3.46883
3.22775
3.22775
3.22776
3.22777
3.22779
3.2278
3.22781
3.22782
3.22783
3.22786
2.96196
2.96196
2.96197
2.96198
2.96199
2.962
2.96202
2.96203
2.96204
2.96207
2.67418
2.67419
2.6742
2.67421
2.67422
2.67423
2.67425
2.67426
2.67427
2.6743
2.36823
2.36823
2.36824
2.36825
2.36827
2.36828
2.36829
2.36831
2.36832
2.36835
2.04893
2.04894
2.04895
2.04896
2.04897
2.04899
2.049
2.04901
2.04903
2.04905
1.72227
1.72228
1.72229
1.7223
1.72232
1.72233
1.72234
1.72236
1.72237
1.7224
1.39535
1.39535
1.39536
1.39538
1.39539
1.3954
1.39542
1.39543
1.39545
1.39547
1.07631
1.07631
1.07632
1.07633
1.07635
1.07636
1.07638
1.07639
1.0764
1.07643
0.774166
0.774169
0.774182
0.774193
0.774208
0.774219
0.774235
0.774246
0.774261
0.774287
0.498469
0.498473
0.498485
0.498495
0.49851
0.498521
0.498537
0.498547
0.498562
0.498587
0.258754
0.258757
0.258769
0.258779
0.258793
0.258803
0.258819
0.258829
0.258843
0.258867
0.063789
0.0637915
0.0638034
0.063813
0.0638271
0.0638366
0.0638518
0.063861
0.0638753
0.0638982
-0.079452
-0.0794497
-0.079438
-0.0794287
-0.0794149
-0.0794059
-0.079391
-0.0793824
-0.0793685
-0.0793466
-0.167036
-0.167034
-0.167022
-0.167013
-0.167
-0.166991
-0.166977
-0.166969
-0.166955
-0.166934
-0.199448
-0.199446
-0.199435
-0.199426
-0.199413
-0.199405
-0.199391
-0.199384
-0.199371
-0.199352
-0.182823
-0.182822
-0.182811
-0.182804
-0.182791
-0.182785
-0.182771
-0.182765
-0.182753
-0.182735
-0.129513
-0.129512
-0.129503
-0.129496
-0.129485
-0.129479
-0.129467
-0.129462
-0.129451
-0.129435
-0.0573232
-0.0573232
-0.057315
-0.0573099
-0.0573009
-0.0572969
-0.057287
-0.0572833
-0.0572742
-0.0572615
0.0132698
0.0132693
0.0132752
0.0132784
0.0132847
0.0132871
0.013294
0.0132964
0.0133027
0.0133113
0.0642227
0.0642225
0.0642253
0.0642266
0.0642297
0.0642307
0.0642341
0.0642352
0.0642383
0.0642423
0.086186
0.086186
0.0861857
0.0861856
0.0861853
0.0861853
0.0861851
0.0861852
0.086185
0.0861848
0.082862
0.0828623
0.0828592
0.0828577
0.0828545
0.0828535
0.08285
0.0828491
0.082846
0.082842
0.0687624
0.0687625
0.068757
0.0687538
0.0687477
0.0687453
0.0687387
0.0687366
0.0687305
0.0687225
0.0565168
0.0565162
0.0565089
0.0565035
0.0564949
0.0564903
0.056481
0.0564767
0.056468
0.0564558
0.0480802
0.0480782
0.048069
0.048061
0.0480499
0.0480422
0.0480303
0.0480229
0.0480117
0.0479942
0.0410876
0.0410834
0.0410716
0.04106
0.0410454
0.0410335
0.0410182
0.0410063
0.0409918
0.0409666
0.0341612
0.0341541
0.0341389
0.0341224
0.0341034
0.0340859
0.0340661
0.0340487
0.0340297
0.0339935
0.0267946
0.0267847
0.0267658
0.026744
0.0267202
0.026697
0.0266726
0.0266493
0.0266252
0.0265772
0.0189205
0.0189083
0.0188861
0.0188599
0.0188321
0.0188039
0.0187755
0.0187472
0.0187187
0.0186606
0.0114565
0.0114429
0.0114184
0.0113891
0.0113584
0.0113269
0.0112955
0.0112638
0.0112321
0.0111671
0.00566723
0.0056528
0.00562693
0.00559597
0.00556351
0.00553024
0.00549711
0.0054636
0.00543007
0.00536108
0.00208872
0.00207394
0.00204742
0.00201572
0.00198243
0.00194836
0.00191438
0.00188007
0.00184568
0.00177487
0.000446129
0.000431236
0.000404462
0.000372514
0.0003389
0.000304557
0.000270245
0.000235659
0.000200941
0.000129488
2.59073
2.59073
2.59073
2.59074
2.59074
2.59075
2.59075
2.59076
2.59076
2.59077
3.31726
3.31726
3.31726
3.31726
3.31727
3.31727
3.31727
3.31728
3.31729
3.3173
3.69457
3.69458
3.69458
3.69458
3.69459
3.69459
3.69459
3.6946
3.69461
3.69462
3.94005
3.94005
3.94005
3.94006
3.94006
3.94007
3.94007
3.94008
3.94008
3.94009
4.11126
4.11127
4.11127
4.11127
4.11128
4.11128
4.11129
4.11129
4.1113
4.11131
4.23191
4.23191
4.23192
4.23192
4.23192
4.23193
4.23194
4.23194
4.23195
4.23196
4.3132
4.3132
4.31321
4.31321
4.31322
4.31322
4.31323
4.31323
4.31324
4.31325
4.36081
4.36082
4.36082
4.36083
4.36083
4.36084
4.36084
4.36085
4.36086
4.36087
4.37765
4.37766
4.37766
4.37767
4.37767
4.37768
4.37768
4.37769
4.3777
4.37771
4.36511
4.36511
4.36511
4.36512
4.36513
4.36513
4.36514
4.36515
4.36516
4.36517
4.32371
4.32371
4.32372
4.32372
4.32373
4.32374
4.32375
4.32375
4.32376
4.32378
4.25353
4.25353
4.25354
4.25355
4.25355
4.25356
4.25357
4.25358
4.25359
4.2536
4.15443
4.15443
4.15444
4.15445
4.15445
4.15446
4.15447
4.15448
4.15449
4.15451
4.02625
4.02625
4.02626
4.02627
4.02627
4.02628
4.02629
4.0263
4.02631
4.02633
3.86898
3.86898
3.86899
3.86899
3.869
3.86901
3.86902
3.86903
3.86904
3.86906
3.68289
3.6829
3.68291
3.68291
3.68292
3.68293
3.68294
3.68295
3.68297
3.68299
3.46872
3.46872
3.46873
3.46874
3.46875
3.46876
3.46877
3.46878
3.46879
3.46882
3.22774
3.22774
3.22775
3.22776
3.22777
3.22778
3.22779
3.2278
3.22782
3.22784
2.96194
2.96194
2.96195
2.96196
2.96198
2.96199
2.962
2.96201
2.96203
2.96205
2.67417
2.67417
2.67418
2.67419
2.67421
2.67422
2.67423
2.67424
2.67426
2.67428
2.36821
2.36821
2.36822
2.36824
2.36825
2.36826
2.36828
2.36829
2.3683
2.36833
2.04892
2.04892
2.04893
2.04894
2.04896
2.04897
2.04898
2.049
2.04901
2.04904
1.72226
1.72226
1.72227
1.72228
1.7223
1.72231
1.72233
1.72234
1.72235
1.72238
1.39533
1.39533
1.39535
1.39536
1.39537
1.39538
1.3954
1.39541
1.39543
1.39545
1.07629
1.07629
1.07631
1.07632
1.07633
1.07634
1.07636
1.07637
1.07639
1.07641
0.774153
0.774157
0.774169
0.77418
0.774195
0.774206
0.774223
0.774234
0.77425
0.774276
0.498461
0.498465
0.498477
0.498488
0.498502
0.498513
0.498529
0.49854
0.498556
0.498581
0.25875
0.258753
0.258765
0.258775
0.25879
0.2588
0.258816
0.258827
0.258842
0.258866
0.0637885
0.0637911
0.0638032
0.063813
0.0638273
0.0638371
0.0638527
0.0638622
0.0638769
0.0639004
-0.0794477
-0.0794454
-0.0794336
-0.0794243
-0.0794104
-0.0794012
-0.0793861
-0.0793772
-0.0793631
-0.0793407
-0.167028
-0.167026
-0.167015
-0.167006
-0.166992
-0.166984
-0.166969
-0.166961
-0.166948
-0.166927
-0.19944
-0.199438
-0.199427
-0.199419
-0.199406
-0.199398
-0.199384
-0.199377
-0.199364
-0.199344
-0.182816
-0.182815
-0.182804
-0.182796
-0.182784
-0.182777
-0.182764
-0.182758
-0.182746
-0.182727
-0.129508
-0.129508
-0.129498
-0.129491
-0.12948
-0.129475
-0.129463
-0.129458
-0.129447
-0.129431
-0.0573158
-0.0573158
-0.0573076
-0.0573026
-0.0572935
-0.0572894
-0.0572793
-0.0572756
-0.0572664
-0.0572535
0.0132914
0.0132909
0.0132969
0.0133001
0.0133065
0.013309
0.013316
0.0133185
0.013325
0.0133337
0.0642694
0.0642692
0.064272
0.0642734
0.0642765
0.0642776
0.0642811
0.0642823
0.0642855
0.0642897
0.0862528
0.0862528
0.0862525
0.0862524
0.0862522
0.0862522
0.0862521
0.0862522
0.0862521
0.086252
0.0829287
0.082929
0.0829259
0.0829245
0.0829212
0.0829203
0.0829169
0.0829161
0.082913
0.082909
0.0688188
0.068819
0.0688135
0.0688103
0.0688042
0.0688018
0.0687953
0.0687933
0.0687872
0.0687792
0.0565607
0.05656
0.0565527
0.0565474
0.0565388
0.0565342
0.056525
0.0565207
0.0565121
0.0564999
0.048113
0.048111
0.0481018
0.0480938
0.0480827
0.0480751
0.0480632
0.0480557
0.0480446
0.0480272
0.0411094
0.0411052
0.0410934
0.0410818
0.0410673
0.0410553
0.04104
0.0410282
0.0410137
0.0409885
0.0341744
0.0341673
0.0341521
0.0341355
0.0341165
0.0340991
0.0340793
0.034062
0.0340429
0.0340067
0.0268012
0.0267913
0.0267724
0.0267506
0.0267269
0.0267036
0.0266792
0.026656
0.0266319
0.0265839
0.018926
0.0189138
0.0188916
0.0188654
0.0188375
0.0188094
0.018781
0.0187527
0.0187242
0.0186662
0.0114683
0.0114546
0.0114301
0.0114008
0.0113701
0.0113386
0.0113073
0.0112756
0.0112439
0.0111788
0.00568747
0.00567303
0.00564716
0.0056162
0.00558374
0.00555046
0.00551734
0.00548384
0.0054503
0.00538131
0.00211147
0.00209669
0.00207016
0.00203846
0.00200516
0.0019711
0.00193712
0.00190281
0.00186841
0.0017976
0.000468212
0.000453312
0.000426528
0.000394573
0.000360957
0.000326613
0.000292304
0.000257715
0.000222993
0.000151526
2.59073
2.59074
2.59074
2.59074
2.59074
2.59075
2.59075
2.59076
2.59077
2.59078
3.31726
3.31726
3.31726
3.31727
3.31727
3.31727
3.31728
3.31729
3.31729
3.3173
3.69458
3.69458
3.69458
3.69459
3.69459
3.69459
3.6946
3.6946
3.69461
3.69462
3.94005
3.94005
3.94005
3.94006
3.94006
3.94007
3.94007
3.94008
3.94008
3.9401
4.11126
4.11126
4.11127
4.11127
4.11128
4.11128
4.11129
4.11129
4.1113
4.11131
4.23191
4.23191
4.23191
4.23192
4.23192
4.23193
4.23194
4.23194
4.23195
4.23196
4.3132
4.3132
4.3132
4.31321
4.31321
4.31322
4.31323
4.31323
4.31324
4.31325
4.36081
4.36081
4.36082
4.36082
4.36083
4.36083
4.36084
4.36085
4.36085
4.36087
4.37765
4.37765
4.37766
4.37766
4.37767
4.37767
4.37768
4.37769
4.3777
4.37771
4.3651
4.3651
4.36511
4.36512
4.36512
4.36513
4.36514
4.36514
4.36515
4.36517
4.32371
4.32371
4.32371
4.32372
4.32373
4.32373
4.32374
4.32375
4.32376
4.32377
4.25353
4.25353
4.25353
4.25354
4.25355
4.25356
4.25357
4.25357
4.25358
4.2536
4.15442
4.15443
4.15443
4.15444
4.15445
4.15446
4.15447
4.15447
4.15448
4.1545
4.02624
4.02624
4.02625
4.02626
4.02627
4.02628
4.02629
4.0263
4.02631
4.02633
3.86897
3.86897
3.86898
3.86899
3.869
3.869
3.86902
3.86903
3.86904
3.86906
3.68289
3.68289
3.6829
3.68291
3.68292
3.68293
3.68294
3.68295
3.68296
3.68298
3.46871
3.46871
3.46872
3.46873
3.46874
3.46875
3.46876
3.46877
3.46879
3.46881
3.22773
3.22773
3.22774
3.22775
3.22776
3.22777
3.22778
3.2278
3.22781
3.22783
2.96193
2.96194
2.96195
2.96196
2.96197
2.96198
2.96199
2.962
2.96202
2.96204
2.67416
2.67416
2.67417
2.67418
2.6742
2.67421
2.67422
2.67423
2.67425
2.67427
2.3682
2.36821
2.36822
2.36823
2.36824
2.36825
2.36827
2.36828
2.36829
2.36832
2.04891
2.04891
2.04892
2.04893
2.04895
2.04896
2.04898
2.04899
2.049
2.04903
1.72225
1.72225
1.72227
1.72228
1.72229
1.7223
1.72232
1.72233
1.72235
1.72237
1.39533
1.39533
1.39534
1.39535
1.39537
1.39538
1.39539
1.39541
1.39542
1.39545
1.07629
1.07629
1.0763
1.07631
1.07633
1.07634
1.07636
1.07637
1.07638
1.07641
0.774153
0.774156
0.774168
0.774179
0.774194
0.774206
0.774222
0.774233
0.774249
0.774275
0.498466
0.498469
0.498481
0.498492
0.498507
0.498518
0.498534
0.498545
0.49856
0.498586
0.25876
0.258763
0.258775
0.258785
0.2588
0.25881
0.258826
0.258836
0.258852
0.258877
0.0638007
0.0638032
0.0638152
0.063825
0.0638394
0.0638492
0.0638649
0.0638745
0.0638893
0.0639132
-0.0794359
-0.0794336
-0.0794219
-0.0794126
-0.0793987
-0.0793894
-0.0793743
-0.0793653
-0.0793511
-0.0793284
-0.167019
-0.167017
-0.167006
-0.166997
-0.166983
-0.166975
-0.16696
-0.166952
-0.166938
-0.166917
-0.199435
-0.199434
-0.199423
-0.199414
-0.199401
-0.199393
-0.199379
-0.199372
-0.199359
-0.199339
-0.182816
-0.182815
-0.182805
-0.182797
-0.182785
-0.182778
-0.182765
-0.182758
-0.182746
-0.182727
-0.129514
-0.129513
-0.129504
-0.129497
-0.129486
-0.129481
-0.129469
-0.129463
-0.129452
-0.129436
-0.0573281
-0.0573282
-0.05732
-0.057315
-0.0573059
-0.0573018
-0.0572917
-0.057288
-0.0572786
-0.0572656
0.0132841
0.0132837
0.0132896
0.0132928
0.0132992
0.0133017
0.0133088
0.0133113
0.0133179
0.0133267
0.0642811
0.0642808
0.0642837
0.0642851
0.0642882
0.0642893
0.0642928
0.0642941
0.0642973
0.0643016
0.0862721
0.0862721
0.0862718
0.0862717
0.0862715
0.0862715
0.0862714
0.0862715
0.0862715
0.0862715
0.08294
0.0829403
0.0829372
0.0829357
0.0829325
0.0829316
0.0829281
0.0829273
0.0829243
0.0829204
0.0688224
0.0688225
0.068817
0.0688138
0.0688077
0.0688054
0.0687988
0.0687969
0.0687908
0.0687829
0.0565597
0.0565591
0.0565517
0.0565464
0.0565378
0.0565332
0.0565241
0.0565198
0.0565112
0.056499
0.0481061
0.0481041
0.0480949
0.0480869
0.0480758
0.0480682
0.0480563
0.0480489
0.0480377
0.0480204
0.0410953
0.0410911
0.0410794
0.0410677
0.0410532
0.0410413
0.0410259
0.0410142
0.0409997
0.0409745
0.0341595
0.0341524
0.0341372
0.0341206
0.0341017
0.0340842
0.0340645
0.0340471
0.0340281
0.0339919
0.0267943
0.0267844
0.0267654
0.0267437
0.0267199
0.0266967
0.0266724
0.0266491
0.026625
0.0265771
0.0189273
0.0189152
0.018893
0.0188668
0.0188389
0.0188108
0.0187824
0.0187542
0.0187256
0.0186676
0.011474
0.0114604
0.0114359
0.0114066
0.0113758
0.0113444
0.011313
0.0112813
0.0112496
0.0111846
0.00569381
0.00567936
0.00565349
0.00562252
0.00559006
0.00555679
0.00552366
0.00549015
0.00545662
0.00538762
0.00211525
0.00210047
0.00207394
0.00204224
0.00200894
0.00197487
0.00194089
0.00190658
0.00187218
0.00180136
0.000470514
0.000455615
0.000428833
0.000396879
0.000363262
0.000328918
0.000294608
0.00026002
0.000225297
0.000153826
2.59073
2.59074
2.59074
2.59074
2.59074
2.59075
2.59075
2.59076
2.59077
2.59078
3.31726
3.31726
3.31726
3.31727
3.31727
3.31727
3.31728
3.31729
3.31729
3.31731
3.69458
3.69458
3.69458
3.69458
3.69459
3.69459
3.6946
3.6946
3.69461
3.69462
3.94005
3.94005
3.94005
3.94006
3.94006
3.94007
3.94007
3.94008
3.94008
3.9401
4.11126
4.11126
4.11127
4.11127
4.11127
4.11128
4.11128
4.11129
4.1113
4.11131
4.23191
4.23191
4.23191
4.23192
4.23192
4.23193
4.23193
4.23194
4.23194
4.23196
4.3132
4.3132
4.3132
4.31321
4.31321
4.31322
4.31322
4.31323
4.31324
4.31325
4.36081
4.36081
4.36081
4.36082
4.36082
4.36083
4.36084
4.36084
4.36085
4.36086
4.37764
4.37765
4.37765
4.37766
4.37766
4.37767
4.37767
4.37768
4.37769
4.37771
4.3651
4.3651
4.3651
4.36511
4.36511
4.36512
4.36513
4.36514
4.36515
4.36516
4.3237
4.3237
4.3237
4.32371
4.32372
4.32373
4.32373
4.32374
4.32375
4.32377
4.25352
4.25352
4.25352
4.25353
4.25354
4.25355
4.25356
4.25357
4.25357
4.25359
4.15441
4.15442
4.15442
4.15443
4.15444
4.15445
4.15446
4.15446
4.15447
4.15449
4.02623
4.02623
4.02624
4.02625
4.02626
4.02626
4.02627
4.02628
4.0263
4.02632
3.86896
3.86896
3.86897
3.86897
3.86898
3.86899
3.869
3.86901
3.86903
3.86905
3.68287
3.68288
3.68288
3.68289
3.6829
3.68291
3.68292
3.68293
3.68295
3.68297
3.4687
3.4687
3.46871
3.46872
3.46873
3.46874
3.46875
3.46876
3.46877
3.4688
3.22771
3.22772
3.22772
3.22773
3.22775
3.22776
3.22777
3.22778
3.22779
3.22782
2.96192
2.96192
2.96193
2.96194
2.96195
2.96196
2.96198
2.96199
2.962
2.96203
2.67414
2.67415
2.67416
2.67417
2.67418
2.67419
2.67421
2.67422
2.67423
2.67426
2.36819
2.36819
2.3682
2.36821
2.36822
2.36824
2.36825
2.36826
2.36828
2.36831
2.04889
2.0489
2.04891
2.04892
2.04893
2.04894
2.04896
2.04897
2.04899
2.04901
1.72223
1.72224
1.72225
1.72226
1.72227
1.72229
1.7223
1.72232
1.72233
1.72236
1.39531
1.39531
1.39533
1.39534
1.39535
1.39536
1.39538
1.39539
1.39541
1.39544
1.07627
1.07628
1.07629
1.0763
1.07631
1.07633
1.07634
1.07636
1.07637
1.0764
0.774142
0.774146
0.774158
0.774169
0.774184
0.774195
0.774212
0.774224
0.77424
0.774267
0.498461
0.498464
0.498477
0.498487
0.498502
0.498513
0.49853
0.498541
0.498557
0.498583
0.258762
0.258765
0.258777
0.258788
0.258802
0.258813
0.258829
0.25884
0.258855
0.25888
0.0638085
0.0638111
0.0638231
0.0638329
0.0638474
0.0638573
0.0638731
0.0638829
0.0638979
0.063922
-0.0794251
-0.0794229
-0.0794112
-0.0794018
-0.0793879
-0.0793786
-0.0793633
-0.0793542
-0.0793398
-0.0793169
-0.167009
-0.167007
-0.166996
-0.166987
-0.166974
-0.166965
-0.16695
-0.166942
-0.166928
-0.166907
-0.199429
-0.199428
-0.199417
-0.199408
-0.199396
-0.199388
-0.199374
-0.199366
-0.199353
-0.199333
-0.182814
-0.182813
-0.182802
-0.182795
-0.182783
-0.182776
-0.182762
-0.182756
-0.182744
-0.182725
-0.129511
-0.12951
-0.129501
-0.129494
-0.129483
-0.129478
-0.129466
-0.129461
-0.129449
-0.129433
-0.0573168
-0.0573169
-0.0573087
-0.0573037
-0.0572946
-0.0572905
-0.0572804
-0.0572766
-0.0572672
-0.0572541
0.0133143
0.0133139
0.0133198
0.013323
0.0133295
0.013332
0.0133392
0.0133417
0.0133484
0.0133573
0.0643303
0.06433
0.0643329
0.0643343
0.0643374
0.0643386
0.0643421
0.0643434
0.0643467
0.0643511
0.0863241
0.0863241
0.0863238
0.0863236
0.0863235
0.0863235
0.0863234
0.0863236
0.0863236
0.0863236
0.082985
0.0829852
0.0829821
0.0829806
0.0829774
0.0829765
0.0829731
0.0829723
0.0829693
0.0829655
0.0688634
0.0688635
0.068858
0.0688548
0.0688488
0.0688464
0.0688399
0.0688379
0.0688319
0.068824
0.0565956
0.056595
0.0565877
0.0565823
0.0565738
0.0565692
0.0565601
0.0565558
0.0565472
0.0565351
0.0481329
0.0481309
0.0481217
0.0481137
0.0481026
0.048095
0.0480832
0.0480758
0.0480646
0.0480473
0.0411122
0.041108
0.0410962
0.0410846
0.0410701
0.0410582
0.0410428
0.0410311
0.0410166
0.0409914
0.0341748
0.0341677
0.0341525
0.0341359
0.0341169
0.0340995
0.0340798
0.0340624
0.0340434
0.0340073
0.0268152
0.0268053
0.0267863
0.0267645
0.0267408
0.0267176
0.0266932
0.02667
0.0266459
0.026598
0.0189524
0.0189403
0.0189181
0.0188918
0.018864
0.0188359
0.0188075
0.0187792
0.0187507
0.0186927
0.0114984
0.0114847
0.0114602
0.0114309
0.0114002
0.0113687
0.0113373
0.0113057
0.011274
0.0112089
0.00571527
0.00570083
0.00567495
0.00564399
0.00561152
0.00557824
0.00554512
0.00551161
0.00547807
0.00540906
0.00213356
0.00211878
0.00209224
0.00206054
0.00202724
0.00199317
0.00195919
0.00192487
0.00189047
0.00181965
0.000487289
0.000472388
0.000445603
0.000413645
0.000380027
0.000345681
0.000311371
0.000276779
0.000242054
0.000170576
2.59074
2.59074
2.59074
2.59074
2.59075
2.59075
2.59076
2.59077
2.59077
2.59079
3.31726
3.31726
3.31726
3.31727
3.31727
3.31728
3.31728
3.31729
3.31729
3.31731
3.69458
3.69458
3.69458
3.69459
3.69459
3.69459
3.6946
3.69461
3.69461
3.69463
3.94005
3.94005
3.94005
3.94006
3.94006
3.94007
3.94007
3.94008
3.94008
3.9401
4.11126
4.11126
4.11126
4.11127
4.11127
4.11128
4.11128
4.11129
4.1113
4.11131
4.2319
4.23191
4.23191
4.23192
4.23192
4.23192
4.23193
4.23194
4.23194
4.23196
4.31319
4.31319
4.3132
4.31321
4.31321
4.31321
4.31322
4.31322
4.31323
4.31325
4.3608
4.3608
4.36081
4.36081
4.36082
4.36082
4.36083
4.36084
4.36085
4.36086
4.37764
4.37764
4.37764
4.37765
4.37766
4.37766
4.37767
4.37768
4.37768
4.3777
4.36509
4.36509
4.3651
4.3651
4.36511
4.36512
4.36512
4.36513
4.36514
4.36516
4.32369
4.32369
4.3237
4.3237
4.32371
4.32372
4.32373
4.32373
4.32374
4.32376
4.25351
4.25351
4.25352
4.25352
4.25353
4.25354
4.25355
4.25356
4.25357
4.25359
4.15441
4.15441
4.15441
4.15442
4.15443
4.15444
4.15445
4.15446
4.15447
4.15449
4.02622
4.02622
4.02623
4.02624
4.02625
4.02626
4.02627
4.02628
4.02629
4.02631
3.86895
3.86895
3.86896
3.86896
3.86897
3.86898
3.86899
3.869
3.86902
3.86904
3.68286
3.68287
3.68287
3.68288
3.68289
3.6829
3.68291
3.68292
3.68294
3.68296
3.46869
3.46869
3.4687
3.46871
3.46872
3.46873
3.46874
3.46875
3.46876
3.46879
3.2277
3.22771
3.22771
3.22772
3.22774
3.22775
3.22776
3.22777
3.22778
3.22781
2.96191
2.96191
2.96192
2.96193
2.96194
2.96195
2.96197
2.96198
2.96199
2.96202
2.67413
2.67414
2.67415
2.67416
2.67417
2.67418
2.6742
2.67421
2.67422
2.67425
2.36818
2.36818
2.36819
2.3682
2.36821
2.36823
2.36824
2.36825
2.36827
2.3683
2.04888
2.04889
2.0489
2.04891
2.04892
2.04893
2.04895
2.04896
2.04898
2.04901
1.72223
1.72223
1.72224
1.72225
1.72227
1.72228
1.7223
1.72231
1.72232
1.72235
1.3953
1.39531
1.39532
1.39533
1.39535
1.39536
1.39537
1.39539
1.3954
1.39543
1.07627
1.07627
1.07628
1.0763
1.07631
1.07632
1.07634
1.07635
1.07637
1.0764
0.774142
0.774145
0.774157
0.774168
0.774183
0.774195
0.774211
0.774223
0.774239
0.774267
0.498466
0.49847
0.498482
0.498492
0.498507
0.498518
0.498535
0.498546
0.498562
0.498589
0.258775
0.258778
0.25879
0.2588
0.258815
0.258826
0.258842
0.258852
0.258868
0.258893
0.0638262
0.0638287
0.0638407
0.0638505
0.063865
0.0638749
0.0638908
0.0639007
0.0639157
0.0639401
-0.0794076
-0.0794054
-0.0793938
-0.0793844
-0.0793705
-0.0793612
-0.0793459
-0.0793367
-0.0793222
-0.0792991
-0.166995
-0.166993
-0.166982
-0.166973
-0.16696
-0.166951
-0.166937
-0.166928
-0.166914
-0.166893
-0.199422
-0.199421
-0.19941
-0.199402
-0.199389
-0.199381
-0.199367
-0.199359
-0.199346
-0.199326
-0.182816
-0.182815
-0.182804
-0.182797
-0.182785
-0.182778
-0.182764
-0.182758
-0.182745
-0.182727
-0.12952
-0.12952
-0.12951
-0.129504
-0.129493
-0.129487
-0.129475
-0.12947
-0.129459
-0.129442
-0.0573292
-0.0573293
-0.0573211
-0.0573162
-0.057307
-0.0573029
-0.0572928
-0.057289
-0.0572795
-0.0572663
0.0133126
0.0133121
0.0133181
0.0133213
0.0133278
0.0133303
0.0133375
0.0133401
0.0133467
0.0133558
0.0643445
0.0643442
0.0643471
0.0643484
0.0643516
0.0643527
0.0643563
0.0643576
0.064361
0.0643654
0.0863371
0.0863371
0.0863369
0.0863367
0.0863366
0.0863366
0.0863365
0.0863367
0.0863367
0.0863368
0.082988
0.0829883
0.0829852
0.0829837
0.0829805
0.0829795
0.0829762
0.0829754
0.0829724
0.0829686
0.0688624
0.0688625
0.068857
0.0688538
0.0688478
0.0688454
0.0688389
0.068837
0.068831
0.0688231
0.0565931
0.0565924
0.0565851
0.0565798
0.0565713
0.0565667
0.0565576
0.0565533
0.0565448
0.0565327
0.0481259
0.0481239
0.0481147
0.0481068
0.0480957
0.0480881
0.0480762
0.0480689
0.0480577
0.0480405
0.0411012
0.0410969
0.0410852
0.0410736
0.0410591
0.0410472
0.0410319
0.0410201
0.0410057
0.0409806
0.0341672
0.0341601
0.0341449
0.0341283
0.0341094
0.0340919
0.0340722
0.0340549
0.0340359
0.0339998
0.0268159
0.026806
0.026787
0.0267653
0.0267416
0.0267183
0.026694
0.0266708
0.0266467
0.0265988
0.0189574
0.0189452
0.018923
0.0188968
0.018869
0.0188409
0.0188125
0.0187842
0.0187557
0.0186977
0.0115021
0.0114884
0.0114639
0.0114346
0.0114039
0.0113724
0.0113411
0.0113094
0.0112777
0.0112126
0.0057169
0.00570245
0.00567657
0.0056456
0.00561314
0.00557986
0.00554673
0.00551322
0.00547968
0.00541068
0.00213363
0.00211884
0.00209231
0.0020606
0.0020273
0.00199323
0.00195925
0.00192493
0.00189053
0.00181971
0.000486796
0.000471895
0.00044511
0.000413152
0.000379533
0.000345186
0.000310875
0.000276284
0.000241559
0.000170082
2.59074
2.59074
2.59074
2.59074
2.59074
2.59075
2.59076
2.59077
2.59077
2.59079
3.31726
3.31726
3.31726
3.31727
3.31727
3.31728
3.31728
3.31729
3.3173
3.31731
3.69458
3.69458
3.69458
3.69458
3.69459
3.69459
3.6946
3.6946
3.69461
3.69463
3.94005
3.94005
3.94005
3.94005
3.94006
3.94006
3.94007
3.94008
3.94008
3.9401
4.11126
4.11126
4.11126
4.11126
4.11127
4.11127
4.11128
4.11129
4.1113
4.11131
4.2319
4.2319
4.23191
4.23191
4.23191
4.23192
4.23192
4.23193
4.23194
4.23196
4.31319
4.31319
4.31319
4.3132
4.3132
4.31321
4.31321
4.31322
4.31323
4.31325
4.3608
4.3608
4.3608
4.36081
4.36081
4.36082
4.36082
4.36083
4.36084
4.36086
4.37763
4.37763
4.37764
4.37764
4.37765
4.37765
4.37766
4.37767
4.37768
4.3777
4.36508
4.36508
4.36509
4.3651
4.3651
4.36511
4.36512
4.36512
4.36514
4.36516
4.32368
4.32368
4.32369
4.3237
4.3237
4.32371
4.32372
4.32373
4.32374
4.32376
4.2535
4.2535
4.25351
4.25351
4.25352
4.25353
4.25354
4.25355
4.25356
4.25358
4.1544
4.1544
4.1544
4.15441
4.15442
4.15443
4.15444
4.15445
4.15446
4.15448
4.02621
4.02621
4.02622
4.02623
4.02624
4.02624
4.02626
4.02627
4.02628
4.0263
3.86893
3.86894
3.86894
3.86895
3.86896
3.86897
3.86898
3.86899
3.86901
3.86903
3.68285
3.68285
3.68286
3.68287
3.68288
3.68289
3.6829
3.68291
3.68293
3.68295
3.46867
3.46868
3.46868
3.46869
3.4687
3.46871
3.46873
3.46874
3.46875
3.46878
3.22769
3.22769
3.2277
3.22771
3.22772
3.22773
3.22775
3.22776
3.22777
3.2278
2.96189
2.9619
2.96191
2.96192
2.96193
2.96194
2.96195
2.96197
2.96198
2.96201
2.67412
2.67412
2.67413
2.67414
2.67416
2.67417
2.67418
2.6742
2.67421
2.67424
2.36816
2.36816
2.36818
2.36819
2.3682
2.36821
2.36823
2.36824
2.36826
2.36828
2.04887
2.04887
2.04888
2.04889
2.04891
2.04892
2.04894
2.04895
2.04897
2.04899
1.72221
1.72222
1.72223
1.72224
1.72225
1.72227
1.72228
1.7223
1.72231
1.72234
1.39529
1.39529
1.39531
1.39532
1.39533
1.39534
1.39536
1.39537
1.39539
1.39542
1.07626
1.07626
1.07627
1.07628
1.0763
1.07631
1.07633
1.07634
1.07636
1.07639
0.774134
0.774137
0.774149
0.77416
0.774176
0.774187
0.774204
0.774216
0.774233
0.77426
0.498464
0.498467
0.498479
0.49849
0.498505
0.498516
0.498533
0.498544
0.498561
0.498587
0.258781
0.258784
0.258796
0.258806
0.258821
0.258832
0.258848
0.258859
0.258874
0.2589
0.0638409
0.0638434
0.0638555
0.0638652
0.0638797
0.0638897
0.0639056
0.0639156
0.0639308
0.0639553
-0.0793888
-0.0793866
-0.0793749
-0.0793656
-0.0793516
-0.0793423
-0.0793269
-0.0793177
-0.0793032
-0.07928
-0.166979
-0.166977
-0.166966
-0.166957
-0.166944
-0.166935
-0.16692
-0.166912
-0.166898
-0.166876
-0.199412
-0.199411
-0.1994
-0.199391
-0.199379
-0.199371
-0.199357
-0.199349
-0.199336
-0.199316
-0.18281
-0.182809
-0.182799
-0.182791
-0.182779
-0.182772
-0.182759
-0.182753
-0.18274
-0.182721
-0.129513
-0.129513
-0.129504
-0.129497
-0.129486
-0.129481
-0.129468
-0.129463
-0.129452
-0.129436
-0.0573121
-0.0573122
-0.057304
-0.0572991
-0.0572899
-0.0572858
-0.0572757
-0.0572719
-0.0572624
-0.0572492
0.0133475
0.013347
0.013353
0.0133562
0.0133626
0.0133651
0.0133724
0.0133749
0.0133816
0.0133907
0.0643847
0.0643844
0.0643873
0.0643886
0.0643918
0.0643929
0.0643965
0.0643978
0.0644012
0.0644056
0.086367
0.086367
0.0863667
0.0863665
0.0863664
0.0863664
0.0863664
0.0863665
0.0863666
0.0863667
0.08301
0.0830103
0.0830072
0.0830057
0.0830025
0.0830016
0.0829982
0.0829974
0.0829945
0.0829907
0.0688868
0.0688869
0.0688814
0.0688782
0.0688722
0.0688698
0.0688633
0.0688614
0.0688554
0.0688475
0.0566205
0.0566198
0.0566125
0.0566072
0.0565986
0.0565941
0.0565849
0.0565807
0.0565721
0.0565601
0.048153
0.0481509
0.0481417
0.0481338
0.0481227
0.0481151
0.0481033
0.0480959
0.0480848
0.0480675
0.0411277
0.0411235
0.0411117
0.0411001
0.0410856
0.0410737
0.0410584
0.0410467
0.0410322
0.0410071
0.0341959
0.0341888
0.0341736
0.034157
0.0341381
0.0341206
0.0341009
0.0340836
0.0340646
0.0340285
0.0268451
0.0268351
0.0268162
0.0267944
0.0267707
0.0267474
0.0267231
0.0266998
0.0266758
0.0266279
0.0189841
0.018972
0.0189498
0.0189235
0.0188957
0.0188676
0.0188392
0.0188109
0.0187824
0.0187243
0.0115261
0.0115124
0.0114879
0.0114586
0.0114279
0.0113964
0.011365
0.0113334
0.0113016
0.0112366
0.00573821
0.00572377
0.00569789
0.00566692
0.00563445
0.00560117
0.00556805
0.00553454
0.005501
0.00543199
0.00215228
0.00213749
0.00211096
0.00207925
0.00204595
0.00201188
0.0019779
0.00194358
0.00190918
0.00183836
0.000503713
0.000488813
0.000462027
0.000430067
0.000396449
0.0003621
0.000327791
0.000293197
0.000258473
0.000186995
2.59074
2.59074
2.59074
2.59074
2.59074
2.59075
2.59076
2.59077
2.59077
2.59079
3.31726
3.31726
3.31726
3.31727
3.31727
3.31727
3.31728
3.31729
3.3173
3.31731
3.69458
3.69458
3.69458
3.69458
3.69458
3.69459
3.69459
3.6946
3.69461
3.69463
3.94005
3.94005
3.94005
3.94005
3.94005
3.94006
3.94007
3.94008
3.94008
3.9401
4.11126
4.11126
4.11126
4.11126
4.11126
4.11127
4.11128
4.11129
4.1113
4.11131
4.2319
4.2319
4.2319
4.23191
4.23191
4.23192
4.23192
4.23193
4.23194
4.23196
4.31318
4.31319
4.31319
4.31319
4.3132
4.3132
4.31321
4.31322
4.31323
4.31325
4.36079
4.3608
4.3608
4.3608
4.36081
4.36081
4.36082
4.36083
4.36084
4.36086
4.37763
4.37763
4.37763
4.37764
4.37764
4.37765
4.37766
4.37767
4.37768
4.3777
4.36508
4.36508
4.36508
4.36509
4.36509
4.3651
4.36511
4.36512
4.36513
4.36516
4.32368
4.32368
4.32368
4.32369
4.32369
4.3237
4.32371
4.32372
4.32374
4.32376
4.25349
4.2535
4.2535
4.25351
4.25351
4.25352
4.25353
4.25354
4.25356
4.25358
4.15439
4.15439
4.1544
4.1544
4.15441
4.15442
4.15443
4.15444
4.15446
4.15448
4.0262
4.0262
4.02621
4.02622
4.02623
4.02623
4.02625
4.02626
4.02627
4.0263
3.86893
3.86893
3.86894
3.86894
3.86895
3.86896
3.86897
3.86899
3.869
3.86903
3.68284
3.68284
3.68285
3.68286
3.68287
3.68288
3.68289
3.6829
3.68292
3.68295
3.46866
3.46867
3.46867
3.46868
3.46869
3.4687
3.46872
3.46873
3.46874
3.46877
3.22768
3.22768
3.22769
3.2277
3.22771
3.22772
3.22773
3.22775
3.22776
3.22779
2.96188
2.96189
2.96189
2.9619
2.96192
2.96193
2.96194
2.96195
2.96197
2.962
2.67411
2.67411
2.67412
2.67413
2.67415
2.67416
2.67417
2.67418
2.6742
2.67423
2.36815
2.36815
2.36817
2.36818
2.36819
2.3682
2.36822
2.36823
2.36825
2.36827
2.04886
2.04886
2.04887
2.04888
2.0489
2.04891
2.04893
2.04894
2.04896
2.04899
1.7222
1.72221
1.72222
1.72223
1.72224
1.72226
1.72227
1.72229
1.7223
1.72233
1.39528
1.39529
1.3953
1.39531
1.39533
1.39534
1.39535
1.39537
1.39538
1.39541
1.07625
1.07626
1.07627
1.07628
1.07629
1.07631
1.07632
1.07634
1.07635
1.07638
0.774131
0.774134
0.774147
0.774157
0.774173
0.774184
0.774201
0.774213
0.77423
0.774258
0.498466
0.498469
0.498481
0.498492
0.498507
0.498518
0.498535
0.498546
0.498562
0.49859
0.25879
0.258793
0.258805
0.258815
0.25883
0.258841
0.258857
0.258868
0.258884
0.25891
0.0638583
0.0638608
0.0638728
0.0638825
0.063897
0.0639069
0.0639228
0.0639329
0.0639481
0.0639729
-0.0793676
-0.0793655
-0.0793538
-0.0793446
-0.0793307
-0.0793214
-0.0793061
-0.0792968
-0.0792822
-0.0792588
-0.16696
-0.166958
-0.166947
-0.166938
-0.166925
-0.166916
-0.166901
-0.166893
-0.166879
-0.166857
-0.1994
-0.199398
-0.199388
-0.199379
-0.199367
-0.199359
-0.199345
-0.199337
-0.199324
-0.199304
-0.182807
-0.182806
-0.182796
-0.182788
-0.182776
-0.18277
-0.182756
-0.18275
-0.182737
-0.182719
-0.129518
-0.129518
-0.129508
-0.129502
-0.129491
-0.129486
-0.129474
-0.129468
-0.129457
-0.12944
-0.0573185
-0.0573186
-0.0573104
-0.0573055
-0.0572964
-0.0572923
-0.0572822
-0.0572784
-0.0572689
-0.0572555
0.0133489
0.0133484
0.0133544
0.0133575
0.013364
0.0133665
0.0133738
0.0133763
0.0133831
0.0133923
0.0643889
0.0643885
0.0643914
0.0643927
0.064396
0.064397
0.0644006
0.064402
0.0644054
0.0644099
0.0863632
0.0863632
0.0863629
0.0863627
0.0863626
0.0863626
0.0863626
0.0863628
0.0863629
0.0863631
0.0830016
0.0830018
0.0829987
0.0829972
0.082994
0.0829931
0.0829898
0.082989
0.0829861
0.0829824
0.0688808
0.0688809
0.0688754
0.0688722
0.0688662
0.0688638
0.0688574
0.0688555
0.0688495
0.0688417
0.0566178
0.0566171
0.0566098
0.0566045
0.056596
0.0565914
0.0565823
0.0565781
0.0565695
0.0565576
0.0481504
0.0481483
0.0481392
0.0481312
0.0481201
0.0481126
0.0481007
0.0480934
0.0480823
0.0480651
0.0411248
0.0411206
0.0411088
0.0410972
0.0410827
0.0410708
0.0410556
0.0410438
0.0410294
0.0410043
0.034195
0.0341879
0.0341727
0.0341562
0.0341372
0.0341198
0.0341001
0.0340828
0.0340638
0.0340278
0.0268466
0.0268367
0.0268178
0.026796
0.0267723
0.0267491
0.0267248
0.0267015
0.0266775
0.0266296
0.018987
0.0189748
0.0189526
0.0189264
0.0188986
0.0188705
0.0188421
0.0188138
0.0187853
0.0187274
0.0115287
0.0115151
0.0114906
0.0114613
0.0114305
0.011399
0.0113677
0.011336
0.0113043
0.0112393
0.00573942
0.00572497
0.0056991
0.00566812
0.00563565
0.00560237
0.00556924
0.00553573
0.00550219
0.00543319
0.00215192
0.00213714
0.0021106
0.00207889
0.00204559
0.00201152
0.00197753
0.00194322
0.00190882
0.001838
0.000502683
0.000487782
0.000460997
0.000429037
0.000395417
0.000361068
0.000326758
0.000292166
0.000257444
0.00018597
2.59074
2.59074
2.59074
2.59074
2.59074
2.59075
2.59076
2.59077
2.59077
2.59079
3.31726
3.31726
3.31726
3.31726
3.31727
3.31727
3.31728
3.31729
3.3173
3.31731
3.69458
3.69458
3.69458
3.69458
3.69458
3.69459
3.69459
3.6946
3.69461
3.69463
3.94004
3.94004
3.94004
3.94005
3.94005
3.94006
3.94007
3.94008
3.94008
3.9401
4.11125
4.11125
4.11125
4.11126
4.11126
4.11127
4.11128
4.11129
4.1113
4.11132
4.23189
4.23189
4.2319
4.2319
4.23191
4.23191
4.23192
4.23193
4.23194
4.23196
4.31318
4.31318
4.31318
4.31319
4.31319
4.3132
4.31321
4.31322
4.31323
4.31325
4.36079
4.36079
4.36079
4.3608
4.3608
4.36081
4.36082
4.36083
4.36085
4.36087
4.37762
4.37762
4.37762
4.37763
4.37764
4.37765
4.37766
4.37767
4.37768
4.3777
4.36507
4.36507
4.36507
4.36508
4.36509
4.3651
4.36511
4.36512
4.36514
4.36516
4.32367
4.32367
4.32367
4.32368
4.32369
4.3237
4.32371
4.32372
4.32374
4.32376
4.25348
4.25349
4.25349
4.2535
4.25351
4.25352
4.25353
4.25354
4.25356
4.25358
4.15438
4.15438
4.15438
4.15439
4.1544
4.15441
4.15443
4.15444
4.15446
4.15448
4.02619
4.02619
4.0262
4.02621
4.02622
4.02623
4.02624
4.02626
4.02627
4.0263
3.86891
3.86892
3.86892
3.86893
3.86894
3.86896
3.86897
3.86898
3.869
3.86903
3.68283
3.68283
3.68284
3.68285
3.68286
3.68287
3.68289
3.6829
3.68292
3.68295
3.46865
3.46865
3.46866
3.46867
3.46868
3.4687
3.46871
3.46873
3.46874
3.46877
3.22767
3.22767
3.22768
3.22769
3.2277
3.22771
3.22773
3.22774
3.22776
3.22779
2.96187
2.96187
2.96188
2.96189
2.9619
2.96192
2.96193
2.96195
2.96197
2.962
2.6741
2.6741
2.67411
2.67412
2.67413
2.67415
2.67416
2.67418
2.67419
2.67423
2.36814
2.36814
2.36815
2.36816
2.36818
2.36819
2.36821
2.36822
2.36824
2.36827
2.04885
2.04885
2.04886
2.04887
2.04889
2.0489
2.04892
2.04893
2.04895
2.04898
1.72219
1.72219
1.72221
1.72222
1.72223
1.72224
1.72226
1.72228
1.72229
1.72232
1.39527
1.39528
1.39529
1.3953
1.39531
1.39533
1.39534
1.39536
1.39537
1.3954
1.07624
1.07625
1.07626
1.07627
1.07628
1.0763
1.07631
1.07633
1.07634
1.07637
0.774123
0.774127
0.774139
0.77415
0.774165
0.774177
0.774194
0.774206
0.774222
0.774251
0.498463
0.498466
0.498478
0.498489
0.498504
0.498515
0.498531
0.498543
0.498559
0.498586
0.258795
0.258797
0.25881
0.25882
0.258835
0.258845
0.258862
0.258872
0.258888
0.258914
0.0638736
0.0638761
0.0638881
0.0638978
0.0639122
0.0639221
0.0639378
0.0639479
0.063963
0.0639875
-0.079344
-0.0793418
-0.0793302
-0.079321
-0.0793072
-0.079298
-0.0792828
-0.0792736
-0.0792591
-0.079236
-0.166935
-0.166934
-0.166922
-0.166914
-0.1669
-0.166892
-0.166877
-0.166869
-0.166855
-0.166834
-0.199381
-0.199379
-0.199368
-0.19936
-0.199348
-0.19934
-0.199326
-0.199319
-0.199305
-0.199285
-0.182793
-0.182792
-0.182781
-0.182774
-0.182762
-0.182755
-0.182742
-0.182736
-0.182723
-0.182705
-0.129502
-0.129502
-0.129492
-0.129486
-0.129475
-0.12947
-0.129458
-0.129452
-0.129441
-0.129425
-0.0572916
-0.0572917
-0.0572836
-0.0572787
-0.0572696
-0.0572656
-0.0572555
-0.0572518
-0.0572423
-0.0572292
0.0133842
0.0133837
0.0133897
0.0133928
0.0133992
0.0134017
0.0134088
0.0134114
0.013418
0.0134271
0.0644117
0.0644113
0.0644142
0.0644155
0.0644187
0.0644197
0.0644233
0.0644246
0.0644279
0.0644324
0.0863738
0.0863737
0.0863735
0.0863733
0.0863731
0.0863731
0.0863731
0.0863732
0.0863733
0.0863735
0.0830118
0.0830121
0.083009
0.0830075
0.0830043
0.0830034
0.083
0.0829992
0.0829963
0.0829926
0.0688967
0.0688968
0.0688913
0.0688881
0.068882
0.0688797
0.0688732
0.0688713
0.0688653
0.0688575
0.0566393
0.0566386
0.0566313
0.056626
0.0566174
0.0566129
0.0566037
0.0565995
0.0565909
0.0565789
0.0481753
0.0481733
0.0481641
0.0481561
0.048145
0.0481374
0.0481255
0.0481182
0.048107
0.0480899
0.0411526
0.0411483
0.0411366
0.041125
0.0411104
0.0410985
0.0410832
0.0410715
0.041057
0.0410319
0.034225
0.0342179
0.0342027
0.0341861
0.0341671
0.0341497
0.0341299
0.0341126
0.0340936
0.0340575
0.0268776
0.0268677
0.0268487
0.0268269
0.0268032
0.0267799
0.0267555
0.0267323
0.0267082
0.0266603
0.0190174
0.0190052
0.018983
0.0189568
0.0189289
0.0189008
0.0188723
0.0188441
0.0188155
0.0187575
0.011557
0.0115434
0.0115188
0.0114895
0.0114588
0.0114273
0.0113959
0.0113642
0.0113325
0.0112675
0.00576381
0.00574936
0.00572348
0.00569251
0.00566004
0.00562676
0.00559363
0.00556012
0.00552658
0.00545759
0.00217245
0.00215767
0.00213114
0.00209943
0.00206613
0.00203206
0.00199808
0.00196377
0.00192937
0.00185857
0.000520638
0.00050574
0.000478957
0.000447
0.000413385
0.000379038
0.000344733
0.000310143
0.000275427
0.000203967
2.59074
2.59074
2.59074
2.59074
2.59074
2.59075
2.59075
2.59076
2.59078
2.59079
3.31726
3.31726
3.31726
3.31726
3.31726
3.31727
3.31728
3.31729
3.3173
3.31732
3.69457
3.69457
3.69457
3.69458
3.69458
3.69459
3.69459
3.6946
3.69461
3.69463
3.94004
3.94004
3.94004
3.94005
3.94005
3.94006
3.94007
3.94008
3.94009
3.9401
4.11125
4.11125
4.11125
4.11126
4.11126
4.11127
4.11128
4.11129
4.1113
4.11132
4.23189
4.23189
4.23189
4.2319
4.23191
4.23191
4.23192
4.23193
4.23195
4.23197
4.31317
4.31317
4.31318
4.31318
4.31319
4.3132
4.31321
4.31322
4.31323
4.31326
4.36078
4.36078
4.36079
4.36079
4.3608
4.36081
4.36082
4.36083
4.36085
4.36087
4.37761
4.37761
4.37762
4.37763
4.37764
4.37765
4.37766
4.37767
4.37768
4.37771
4.36506
4.36506
4.36507
4.36508
4.36509
4.3651
4.36511
4.36512
4.36514
4.36516
4.32366
4.32366
4.32367
4.32368
4.32369
4.3237
4.32371
4.32372
4.32374
4.32376
4.25348
4.25348
4.25349
4.25349
4.25351
4.25352
4.25353
4.25354
4.25356
4.25359
4.15437
4.15437
4.15438
4.15439
4.1544
4.15441
4.15443
4.15444
4.15446
4.15448
4.02618
4.02618
4.02619
4.0262
4.02622
4.02623
4.02624
4.02625
4.02627
4.0263
3.86891
3.86891
3.86892
3.86893
3.86894
3.86895
3.86897
3.86898
3.869
3.86903
3.68282
3.68282
3.68283
3.68284
3.68286
3.68287
3.68288
3.6829
3.68292
3.68295
3.46864
3.46864
3.46865
3.46866
3.46868
3.46869
3.46871
3.46872
3.46874
3.46877
3.22766
3.22766
3.22767
3.22768
3.22769
3.22771
3.22773
3.22774
3.22776
3.22779
2.96186
2.96186
2.96187
2.96188
2.9619
2.96191
2.96193
2.96195
2.96197
2.962
2.67409
2.67409
2.6741
2.67411
2.67413
2.67414
2.67416
2.67417
2.67419
2.67423
2.36813
2.36813
2.36814
2.36815
2.36817
2.36818
2.3682
2.36822
2.36824
2.36827
2.04884
2.04884
2.04885
2.04886
2.04888
2.04889
2.04891
2.04893
2.04895
2.04898
1.72218
1.72219
1.7222
1.72221
1.72223
1.72224
1.72226
1.72227
1.72229
1.72232
1.39527
1.39527
1.39528
1.39529
1.39531
1.39532
1.39534
1.39535
1.39537
1.3954
1.07624
1.07624
1.07625
1.07626
1.07628
1.07629
1.07631
1.07632
1.07634
1.07637
0.774118
0.774121
0.774133
0.774144
0.774159
0.774171
0.774188
0.7742
0.774218
0.774247
0.49846
0.498462
0.498474
0.498485
0.4985
0.498511
0.498528
0.498539
0.498556
0.498584
0.258797
0.258799
0.258811
0.258821
0.258836
0.258846
0.258862
0.258873
0.258889
0.258915
0.0638827
0.063885
0.0638968
0.0639062
0.0639205
0.0639302
0.063946
0.0639559
0.0639712
0.0639958
-0.0793283
-0.0793263
-0.0793148
-0.0793058
-0.079292
-0.079283
-0.0792678
-0.0792587
-0.0792441
-0.0792209
-0.166916
-0.166915
-0.166904
-0.166895
-0.166882
-0.166873
-0.166859
-0.166851
-0.166837
-0.166815
-0.199365
-0.199364
-0.199353
-0.199345
-0.199332
-0.199325
-0.199311
-0.199303
-0.19929
-0.19927
-0.182784
-0.182783
-0.182773
-0.182766
-0.182754
-0.182747
-0.182734
-0.182727
-0.182715
-0.182696
-0.1295
-0.1295
-0.12949
-0.129484
-0.129473
-0.129468
-0.129456
-0.12945
-0.129439
-0.129423
-0.0572926
-0.0572928
-0.0572847
-0.0572799
-0.0572708
-0.0572669
-0.0572567
-0.0572531
-0.0572436
-0.0572303
0.0133801
0.0133796
0.0133855
0.0133886
0.013395
0.0133974
0.0134046
0.0134071
0.0134139
0.013423
0.0644026
0.0644021
0.064405
0.0644063
0.0644095
0.0644105
0.0644141
0.0644154
0.0644188
0.0644234
0.0863639
0.0863638
0.0863635
0.0863633
0.0863632
0.0863631
0.0863631
0.0863633
0.0863635
0.0863638
0.083005
0.0830052
0.0830021
0.0830005
0.0829973
0.0829964
0.0829931
0.0829923
0.0829895
0.0829859
0.0688929
0.0688929
0.0688874
0.0688842
0.0688781
0.0688758
0.0688693
0.0688674
0.0688614
0.0688538
0.0566374
0.0566367
0.0566293
0.056624
0.0566154
0.0566109
0.0566017
0.0565975
0.056589
0.0565771
0.0481741
0.048172
0.0481628
0.0481548
0.0481437
0.0481361
0.0481242
0.0481169
0.0481058
0.0480887
0.0411518
0.0411475
0.0411358
0.0411241
0.0411096
0.0410977
0.0410824
0.0410707
0.0410562
0.0410312
0.0342257
0.0342186
0.0342034
0.0341869
0.0341679
0.0341504
0.0341307
0.0341134
0.0340944
0.0340584
0.0268804
0.0268705
0.0268515
0.0268297
0.026806
0.0267827
0.0267584
0.0267352
0.0267111
0.0266633
0.0190209
0.0190087
0.0189865
0.0189602
0.0189324
0.0189043
0.0188759
0.0188476
0.0188191
0.0187612
0.0115591
0.0115455
0.011521
0.0114917
0.0114609
0.0114294
0.0113981
0.0113664
0.0113347
0.0112697
0.00576396
0.00574951
0.00572363
0.00569265
0.00566018
0.00562689
0.00559376
0.00556025
0.00552672
0.00545773
0.00217127
0.00215649
0.00212995
0.00209825
0.00206495
0.00203087
0.00199689
0.00196258
0.00192819
0.00185739
0.000519004
0.000504107
0.000477326
0.000445369
0.000411753
0.000377405
0.0003431
0.000308513
0.0002738
0.000202348
2.59074
2.59074
2.59074
2.59074
2.59074
2.59075
2.59075
2.59076
2.59077
2.59079
3.31726
3.31726
3.31726
3.31726
3.31726
3.31727
3.31727
3.31728
3.31729
3.31731
3.69457
3.69457
3.69457
3.69458
3.69458
3.69459
3.69459
3.6946
3.69461
3.69463
3.94004
3.94004
3.94004
3.94005
3.94005
3.94006
3.94006
3.94007
3.94008
3.9401
4.11124
4.11125
4.11125
4.11126
4.11126
4.11127
4.11128
4.11129
4.1113
4.11131
4.23189
4.23189
4.23189
4.2319
4.23191
4.23191
4.23192
4.23193
4.23195
4.23196
4.31317
4.31317
4.31318
4.31318
4.31319
4.3132
4.31321
4.31322
4.31324
4.31325
4.36078
4.36078
4.36079
4.36079
4.3608
4.36081
4.36082
4.36083
4.36085
4.36087
4.37761
4.37761
4.37762
4.37763
4.37764
4.37765
4.37766
4.37767
4.37769
4.37771
4.36506
4.36506
4.36507
4.36508
4.36509
4.3651
4.36511
4.36512
4.36514
4.36516
4.32365
4.32366
4.32367
4.32368
4.32369
4.3237
4.32371
4.32373
4.32374
4.32376
4.25347
4.25347
4.25348
4.25349
4.25351
4.25352
4.25353
4.25355
4.25356
4.25359
4.15436
4.15437
4.15438
4.15439
4.1544
4.15441
4.15443
4.15444
4.15446
4.15448
4.02618
4.02618
4.02619
4.0262
4.02622
4.02623
4.02624
4.02626
4.02628
4.0263
3.8689
3.8689
3.86891
3.86893
3.86894
3.86895
3.86897
3.86898
3.869
3.86903
3.68281
3.68282
3.68283
3.68284
3.68286
3.68287
3.68289
3.6829
3.68292
3.68295
3.46863
3.46864
3.46865
3.46866
3.46868
3.46869
3.46871
3.46872
3.46874
3.46877
3.22765
3.22765
3.22767
3.22768
3.22769
3.22771
3.22773
3.22774
3.22776
3.22779
2.96185
2.96185
2.96187
2.96188
2.9619
2.96191
2.96193
2.96195
2.96197
2.962
2.67408
2.67408
2.6741
2.67411
2.67413
2.67414
2.67416
2.67417
2.67419
2.67422
2.36812
2.36812
2.36814
2.36815
2.36817
2.36818
2.3682
2.36822
2.36824
2.36827
2.04883
2.04883
2.04885
2.04886
2.04888
2.04889
2.04891
2.04892
2.04894
2.04898
1.72217
1.72218
1.72219
1.7222
1.72222
1.72224
1.72225
1.72227
1.72229
1.72232
1.39526
1.39526
1.39527
1.39529
1.3953
1.39532
1.39533
1.39535
1.39537
1.3954
1.07623
1.07623
1.07625
1.07626
1.07627
1.07629
1.0763
1.07632
1.07634
1.07636
0.774112
0.774115
0.774128
0.774139
0.774155
0.774167
0.774184
0.774197
0.774214
0.774243
0.498455
0.498458
0.498471
0.498481
0.498497
0.498508
0.498525
0.498536
0.498552
0.49858
0.258797
0.258799
0.258811
0.258821
0.258836
0.258846
0.258862
0.258873
0.258889
0.258914
0.0638919
0.0638943
0.0639059
0.0639152
0.0639292
0.0639386
0.063954
0.0639636
0.0639784
0.0640023
-0.0793096
-0.0793075
-0.0792962
-0.0792874
-0.079274
-0.0792652
-0.0792504
-0.0792416
-0.0792274
-0.0792051
-0.166894
-0.166892
-0.166881
-0.166873
-0.16686
-0.166851
-0.166837
-0.166829
-0.166815
-0.166794
-0.199342
-0.199341
-0.19933
-0.199322
-0.19931
-0.199303
-0.199289
-0.199282
-0.199269
-0.199249
-0.182762
-0.182761
-0.182751
-0.182743
-0.182732
-0.182725
-0.182712
-0.182706
-0.182694
-0.182675
-0.129473
-0.129473
-0.129463
-0.129457
-0.129446
-0.129441
-0.129429
-0.129424
-0.129413
-0.129397
-0.0572566
-0.0572568
-0.0572487
-0.0572439
-0.057235
-0.0572311
-0.0572212
-0.0572177
-0.0572084
-0.0571954
0.0134119
0.0134114
0.0134173
0.0134203
0.0134267
0.013429
0.013436
0.0134384
0.013445
0.0134539
0.0644153
0.0644149
0.0644178
0.0644191
0.0644222
0.0644232
0.0644267
0.0644279
0.0644313
0.0644357
0.0863721
0.0863719
0.0863717
0.0863715
0.0863713
0.0863712
0.0863712
0.0863713
0.0863714
0.0863716
0.0830151
0.0830152
0.0830121
0.0830106
0.0830073
0.0830063
0.083003
0.0830021
0.0829992
0.0829956
0.0689063
0.0689064
0.0689008
0.0688976
0.0688915
0.0688891
0.0688826
0.0688806
0.0688746
0.0688669
0.0566547
0.056654
0.0566465
0.0566412
0.0566326
0.056628
0.0566188
0.0566146
0.0566059
0.056594
0.0481948
0.0481927
0.0481834
0.0481754
0.0481643
0.0481566
0.0481447
0.0481374
0.0481262
0.048109
0.0411767
0.0411724
0.0411606
0.0411489
0.0411343
0.0411224
0.041107
0.0410952
0.0410807
0.0410557
0.0342545
0.0342474
0.0342321
0.0342155
0.0341964
0.0341789
0.0341591
0.0341418
0.0341227
0.0340867
0.0269124
0.0269024
0.0268834
0.0268616
0.0268378
0.0268144
0.02679
0.0267667
0.0267426
0.0266948
0.0190537
0.0190415
0.0190192
0.018993
0.0189651
0.0189369
0.0189084
0.0188801
0.0188516
0.0187936
0.0115905
0.0115769
0.0115523
0.011523
0.0114922
0.0114608
0.0114294
0.0113977
0.011366
0.011301
0.00579108
0.00577664
0.00575077
0.0057198
0.00568733
0.00565404
0.00562091
0.0055874
0.00555388
0.00548494
0.00219346
0.00217869
0.00215217
0.00212048
0.00208719
0.00205311
0.00201914
0.00198483
0.00195046
0.0018797
0.00053766
0.000522777
0.000496013
0.000464071
0.000430466
0.000396125
0.000361828
0.000327247
0.000292552
0.000221141
)
;

boundaryField
{
    inlet
    {
        type            calculated;
        value           nonuniform List<scalar> 
500
(
2.59073
3.31726
3.69458
3.94005
4.11126
4.23191
4.3132
4.36082
4.37766
4.36511
4.32372
4.25354
4.15444
4.02626
3.86899
3.68291
3.46873
3.22775
2.96196
2.67418
2.36823
2.04893
1.72227
1.39535
1.07631
0.774166
0.498469
0.258754
0.063789
-0.079452
-0.167036
-0.199448
-0.182823
-0.129513
-0.0573232
0.0132698
0.0642227
0.086186
0.082862
0.0687624
0.0565168
0.0480802
0.0410876
0.0341612
0.0267946
0.0189205
0.0114565
0.00566723
0.00208872
0.000446129
2.59073
3.31726
3.69457
3.94005
4.11126
4.23191
4.3132
4.36081
4.37765
4.36511
4.32371
4.25353
4.15443
4.02625
3.86898
3.68289
3.46872
3.22774
2.96194
2.67417
2.36821
2.04892
1.72226
1.39533
1.07629
0.774153
0.498461
0.25875
0.0637885
-0.0794477
-0.167028
-0.19944
-0.182816
-0.129508
-0.0573158
0.0132914
0.0642694
0.0862528
0.0829287
0.0688188
0.0565607
0.048113
0.0411094
0.0341744
0.0268012
0.018926
0.0114683
0.00568747
0.00211147
0.000468212
2.59073
3.31726
3.69458
3.94005
4.11126
4.23191
4.3132
4.36081
4.37765
4.3651
4.32371
4.25353
4.15442
4.02624
3.86897
3.68289
3.46871
3.22773
2.96193
2.67416
2.3682
2.04891
1.72225
1.39533
1.07629
0.774153
0.498466
0.25876
0.0638007
-0.0794359
-0.167019
-0.199435
-0.182816
-0.129514
-0.0573281
0.0132841
0.0642811
0.0862721
0.08294
0.0688224
0.0565597
0.0481061
0.0410953
0.0341595
0.0267943
0.0189273
0.011474
0.00569381
0.00211525
0.000470514
2.59073
3.31726
3.69458
3.94005
4.11126
4.23191
4.3132
4.36081
4.37764
4.3651
4.3237
4.25352
4.15441
4.02623
3.86896
3.68287
3.4687
3.22771
2.96192
2.67414
2.36819
2.04889
1.72223
1.39531
1.07627
0.774142
0.498461
0.258762
0.0638085
-0.0794251
-0.167009
-0.199429
-0.182814
-0.129511
-0.0573168
0.0133143
0.0643303
0.0863241
0.082985
0.0688634
0.0565956
0.0481329
0.0411122
0.0341748
0.0268152
0.0189524
0.0114984
0.00571527
0.00213356
0.000487289
2.59074
3.31726
3.69458
3.94005
4.11126
4.2319
4.31319
4.3608
4.37764
4.36509
4.32369
4.25351
4.15441
4.02622
3.86895
3.68286
3.46869
3.2277
2.96191
2.67413
2.36818
2.04888
1.72223
1.3953
1.07627
0.774142
0.498466
0.258775
0.0638262
-0.0794076
-0.166995
-0.199422
-0.182816
-0.12952
-0.0573292
0.0133126
0.0643445
0.0863371
0.082988
0.0688624
0.0565931
0.0481259
0.0411012
0.0341672
0.0268159
0.0189574
0.0115021
0.0057169
0.00213363
0.000486796
2.59074
3.31726
3.69458
3.94005
4.11126
4.2319
4.31319
4.3608
4.37763
4.36508
4.32368
4.2535
4.1544
4.02621
3.86893
3.68285
3.46867
3.22769
2.96189
2.67412
2.36816
2.04887
1.72221
1.39529
1.07626
0.774134
0.498464
0.258781
0.0638409
-0.0793888
-0.166979
-0.199412
-0.18281
-0.129513
-0.0573121
0.0133475
0.0643847
0.086367
0.08301
0.0688868
0.0566205
0.048153
0.0411277
0.0341959
0.0268451
0.0189841
0.0115261
0.00573821
0.00215228
0.000503713
2.59074
3.31726
3.69458
3.94005
4.11126
4.2319
4.31318
4.36079
4.37763
4.36508
4.32368
4.25349
4.15439
4.0262
3.86893
3.68284
3.46866
3.22768
2.96188
2.67411
2.36815
2.04886
1.7222
1.39528
1.07625
0.774131
0.498466
0.25879
0.0638583
-0.0793676
-0.16696
-0.1994
-0.182807
-0.129518
-0.0573185
0.0133489
0.0643889
0.0863632
0.0830016
0.0688808
0.0566178
0.0481504
0.0411248
0.034195
0.0268466
0.018987
0.0115287
0.00573942
0.00215192
0.000502683
2.59074
3.31726
3.69458
3.94004
4.11125
4.23189
4.31318
4.36079
4.37762
4.36507
4.32367
4.25348
4.15438
4.02619
3.86891
3.68283
3.46865
3.22767
2.96187
2.6741
2.36814
2.04885
1.72219
1.39527
1.07624
0.774123
0.498463
0.258795
0.0638736
-0.079344
-0.166935
-0.199381
-0.182793
-0.129502
-0.0572916
0.0133842
0.0644117
0.0863738
0.0830118
0.0688967
0.0566393
0.0481753
0.0411526
0.034225
0.0268776
0.0190174
0.011557
0.00576381
0.00217245
0.000520638
2.59074
3.31726
3.69457
3.94004
4.11125
4.23189
4.31317
4.36078
4.37761
4.36506
4.32366
4.25348
4.15437
4.02618
3.86891
3.68282
3.46864
3.22766
2.96186
2.67409
2.36813
2.04884
1.72218
1.39527
1.07624
0.774118
0.49846
0.258797
0.0638827
-0.0793283
-0.166916
-0.199365
-0.182784
-0.1295
-0.0572926
0.0133801
0.0644026
0.0863639
0.083005
0.0688929
0.0566374
0.0481741
0.0411518
0.0342257
0.0268804
0.0190209
0.0115591
0.00576396
0.00217127
0.000519004
2.59074
3.31726
3.69457
3.94004
4.11124
4.23189
4.31317
4.36078
4.37761
4.36506
4.32365
4.25347
4.15436
4.02618
3.8689
3.68281
3.46863
3.22765
2.96185
2.67408
2.36812
2.04883
1.72217
1.39526
1.07623
0.774112
0.498455
0.258797
0.0638919
-0.0793096
-0.166894
-0.199342
-0.182762
-0.129473
-0.0572566
0.0134119
0.0644153
0.0863721
0.0830151
0.0689063
0.0566547
0.0481948
0.0411767
0.0342545
0.0269124
0.0190537
0.0115905
0.00579108
0.00219346
0.00053766
)
;
    }
    outlet
    {
        type            calculated;
        value           nonuniform List<scalar> 
500
(
2.59076
3.31729
3.69461
3.94009
4.11131
4.23196
4.31325
4.36087
4.37772
4.36518
4.32378
4.25361
4.15452
4.02634
3.86908
3.683
3.46883
3.22786
2.96207
2.6743
2.36835
2.04905
1.7224
1.39547
1.07643
0.774287
0.498587
0.258867
0.0638982
-0.0793466
-0.166934
-0.199352
-0.182735
-0.129435
-0.0572615
0.0133113
0.0642423
0.0861848
0.082842
0.0687225
0.0564558
0.0479942
0.0409666
0.0339935
0.0265772
0.0186606
0.0111671
0.00536108
0.00177487
0.000129488
2.59077
3.3173
3.69462
3.94009
4.11131
4.23196
4.31325
4.36087
4.37771
4.36517
4.32378
4.2536
4.15451
4.02633
3.86906
3.68299
3.46882
3.22784
2.96205
2.67428
2.36833
2.04904
1.72238
1.39545
1.07641
0.774276
0.498581
0.258866
0.0639004
-0.0793407
-0.166927
-0.199344
-0.182727
-0.129431
-0.0572535
0.0133337
0.0642897
0.086252
0.082909
0.0687792
0.0564999
0.0480272
0.0409885
0.0340067
0.0265839
0.0186662
0.0111788
0.00538131
0.0017976
0.000151526
2.59078
3.3173
3.69462
3.9401
4.11131
4.23196
4.31325
4.36087
4.37771
4.36517
4.32377
4.2536
4.1545
4.02633
3.86906
3.68298
3.46881
3.22783
2.96204
2.67427
2.36832
2.04903
1.72237
1.39545
1.07641
0.774275
0.498586
0.258877
0.0639132
-0.0793284
-0.166917
-0.199339
-0.182727
-0.129436
-0.0572656
0.0133267
0.0643016
0.0862715
0.0829204
0.0687829
0.056499
0.0480204
0.0409745
0.0339919
0.0265771
0.0186676
0.0111846
0.00538762
0.00180136
0.000153826
2.59078
3.31731
3.69462
3.9401
4.11131
4.23196
4.31325
4.36086
4.37771
4.36516
4.32377
4.25359
4.15449
4.02632
3.86905
3.68297
3.4688
3.22782
2.96203
2.67426
2.36831
2.04901
1.72236
1.39544
1.0764
0.774267
0.498583
0.25888
0.063922
-0.0793169
-0.166907
-0.199333
-0.182725
-0.129433
-0.0572541
0.0133573
0.0643511
0.0863236
0.0829655
0.068824
0.0565351
0.0480473
0.0409914
0.0340073
0.026598
0.0186927
0.0112089
0.00540906
0.00181965
0.000170576
2.59079
3.31731
3.69463
3.9401
4.11131
4.23196
4.31325
4.36086
4.3777
4.36516
4.32376
4.25359
4.15449
4.02631
3.86904
3.68296
3.46879
3.22781
2.96202
2.67425
2.3683
2.04901
1.72235
1.39543
1.0764
0.774267
0.498589
0.258893
0.0639401
-0.0792991
-0.166893
-0.199326
-0.182727
-0.129442
-0.0572663
0.0133558
0.0643654
0.0863368
0.0829686
0.0688231
0.0565327
0.0480405
0.0409806
0.0339998
0.0265988
0.0186977
0.0112126
0.00541068
0.00181971
0.000170082
2.59079
3.31731
3.69463
3.9401
4.11131
4.23196
4.31325
4.36086
4.3777
4.36516
4.32376
4.25358
4.15448
4.0263
3.86903
3.68295
3.46878
3.2278
2.96201
2.67424
2.36828
2.04899
1.72234
1.39542
1.07639
0.77426
0.498587
0.2589
0.0639553
-0.07928
-0.166876
-0.199316
-0.182721
-0.129436
-0.0572492
0.0133907
0.0644056
0.0863667
0.0829907
0.0688475
0.0565601
0.0480675
0.0410071
0.0340285
0.0266279
0.0187243
0.0112366
0.00543199
0.00183836
0.000186995
2.59079
3.31731
3.69463
3.9401
4.11131
4.23196
4.31325
4.36086
4.3777
4.36516
4.32376
4.25358
4.15448
4.0263
3.86903
3.68295
3.46877
3.22779
2.962
2.67423
2.36827
2.04899
1.72233
1.39541
1.07638
0.774258
0.49859
0.25891
0.0639729
-0.0792588
-0.166857
-0.199304
-0.182719
-0.12944
-0.0572555
0.0133923
0.0644099
0.0863631
0.0829824
0.0688417
0.0565576
0.0480651
0.0410043
0.0340278
0.0266296
0.0187274
0.0112393
0.00543319
0.001838
0.00018597
2.59079
3.31731
3.69463
3.9401
4.11132
4.23196
4.31325
4.36087
4.3777
4.36516
4.32376
4.25358
4.15448
4.0263
3.86903
3.68295
3.46877
3.22779
2.962
2.67423
2.36827
2.04898
1.72232
1.3954
1.07637
0.774251
0.498586
0.258914
0.0639875
-0.079236
-0.166834
-0.199285
-0.182705
-0.129425
-0.0572292
0.0134271
0.0644324
0.0863735
0.0829926
0.0688575
0.0565789
0.0480899
0.0410319
0.0340575
0.0266603
0.0187575
0.0112675
0.00545759
0.00185857
0.000203967
2.59079
3.31732
3.69463
3.9401
4.11132
4.23197
4.31326
4.36087
4.37771
4.36516
4.32376
4.25359
4.15448
4.0263
3.86903
3.68295
3.46877
3.22779
2.962
2.67423
2.36827
2.04898
1.72232
1.3954
1.07637
0.774247
0.498584
0.258915
0.0639958
-0.0792209
-0.166815
-0.19927
-0.182696
-0.129423
-0.0572303
0.013423
0.0644234
0.0863638
0.0829859
0.0688538
0.0565771
0.0480887
0.0410312
0.0340584
0.0266633
0.0187612
0.0112697
0.00545773
0.00185739
0.000202348
2.59079
3.31731
3.69463
3.9401
4.11131
4.23196
4.31325
4.36087
4.37771
4.36516
4.32376
4.25359
4.15448
4.0263
3.86903
3.68295
3.46877
3.22779
2.962
2.67422
2.36827
2.04898
1.72232
1.3954
1.07636
0.774243
0.49858
0.258914
0.0640023
-0.0792051
-0.166794
-0.199249
-0.182675
-0.129397
-0.0571954
0.0134539
0.0644357
0.0863716
0.0829956
0.0688669
0.056594
0.048109
0.0410557
0.0340867
0.0266948
0.0187936
0.011301
0.00548494
0.0018797
0.000221141
)
;
    }
    sideLeft
    {
        type            calculated;
        value           nonuniform List<scalar> 
500
(
2.59073
3.31726
3.69458
3.94005
4.11126
4.23191
4.3132
4.36082
4.37766
4.36511
4.32372
4.25354
4.15444
4.02626
3.86899
3.68291
3.46873
3.22775
2.96196
2.67418
2.36823
2.04893
1.72227
1.39535
1.07631
0.774166
0.498469
0.258754
0.063789
-0.079452
-0.167036
-0.199448
-0.182823
-0.129513
-0.0573232
0.0132698
0.0642227
0.086186
0.082862
0.0687624
0.0565168
0.0480802
0.0410876
0.0341612
0.0267946
0.0189205
0.0114565
0.00566723
0.00208872
0.000446129
2.59073
3.31726
3.69458
3.94005
4.11127
4.23192
4.31321
4.36082
4.37766
4.36512
4.32372
4.25354
4.15444
4.02626
3.86899
3.68291
3.46873
3.22775
2.96196
2.67419
2.36823
2.04894
1.72228
1.39535
1.07631
0.774169
0.498473
0.258757
0.0637915
-0.0794497
-0.167034
-0.199446
-0.182822
-0.129512
-0.0573232
0.0132693
0.0642225
0.086186
0.0828623
0.0687625
0.0565162
0.0480782
0.0410834
0.0341541
0.0267847
0.0189083
0.0114429
0.0056528
0.00207394
0.000431236
2.59073
3.31726
3.69458
3.94006
4.11127
4.23192
4.31321
4.36083
4.37767
4.36512
4.32373
4.25355
4.15445
4.02627
3.869
3.68292
3.46874
3.22776
2.96197
2.6742
2.36824
2.04895
1.72229
1.39536
1.07632
0.774182
0.498485
0.258769
0.0638034
-0.079438
-0.167022
-0.199435
-0.182811
-0.129503
-0.057315
0.0132752
0.0642253
0.0861857
0.0828592
0.068757
0.0565089
0.048069
0.0410716
0.0341389
0.0267658
0.0188861
0.0114184
0.00562693
0.00204742
0.000404462
2.59074
3.31726
3.69458
3.94006
4.11128
4.23192
4.31322
4.36083
4.37767
4.36513
4.32373
4.25356
4.15446
4.02628
3.86901
3.68293
3.46875
3.22777
2.96198
2.67421
2.36825
2.04896
1.7223
1.39538
1.07633
0.774193
0.498495
0.258779
0.063813
-0.0794287
-0.167013
-0.199426
-0.182804
-0.129496
-0.0573099
0.0132784
0.0642266
0.0861856
0.0828577
0.0687538
0.0565035
0.048061
0.04106
0.0341224
0.026744
0.0188599
0.0113891
0.00559597
0.00201572
0.000372514
2.59074
3.31726
3.69459
3.94006
4.11128
4.23193
4.31322
4.36084
4.37768
4.36513
4.32374
4.25356
4.15447
4.02629
3.86902
3.68294
3.46877
3.22779
2.96199
2.67422
2.36827
2.04897
1.72232
1.39539
1.07635
0.774208
0.49851
0.258793
0.0638271
-0.0794149
-0.167
-0.199413
-0.182791
-0.129485
-0.0573009
0.0132847
0.0642297
0.0861853
0.0828545
0.0687477
0.0564949
0.0480499
0.0410454
0.0341034
0.0267202
0.0188321
0.0113584
0.00556351
0.00198243
0.0003389
2.59074
3.31727
3.69459
3.94007
4.11128
4.23193
4.31323
4.36084
4.37768
4.36514
4.32375
4.25357
4.15447
4.0263
3.86903
3.68295
3.46878
3.2278
2.962
2.67423
2.36828
2.04899
1.72233
1.3954
1.07636
0.774219
0.498521
0.258803
0.0638366
-0.0794059
-0.166991
-0.199405
-0.182785
-0.129479
-0.0572969
0.0132871
0.0642307
0.0861853
0.0828535
0.0687453
0.0564903
0.0480422
0.0410335
0.0340859
0.026697
0.0188039
0.0113269
0.00553024
0.00194836
0.000304557
2.59074
3.31727
3.69459
3.94007
4.11129
4.23194
4.31323
4.36085
4.37769
4.36515
4.32375
4.25358
4.15448
4.0263
3.86904
3.68296
3.46879
3.22781
2.96202
2.67425
2.36829
2.049
1.72234
1.39542
1.07638
0.774235
0.498537
0.258819
0.0638518
-0.079391
-0.166977
-0.199391
-0.182771
-0.129467
-0.057287
0.013294
0.0642341
0.0861851
0.08285
0.0687387
0.056481
0.0480303
0.0410182
0.0340661
0.0266726
0.0187755
0.0112955
0.00549711
0.00191438
0.000270245
2.59075
3.31728
3.6946
3.94008
4.11129
4.23194
4.31324
4.36085
4.3777
4.36515
4.32376
4.25359
4.15449
4.02631
3.86905
3.68297
3.4688
3.22782
2.96203
2.67426
2.36831
2.04901
1.72236
1.39543
1.07639
0.774246
0.498547
0.258829
0.063861
-0.0793824
-0.166969
-0.199384
-0.182765
-0.129462
-0.0572833
0.0132964
0.0642352
0.0861852
0.0828491
0.0687366
0.0564767
0.0480229
0.0410063
0.0340487
0.0266493
0.0187472
0.0112638
0.0054636
0.00188007
0.000235659
2.59075
3.31728
3.6946
3.94008
4.1113
4.23195
4.31324
4.36086
4.3777
4.36516
4.32377
4.2536
4.1545
4.02632
3.86906
3.68298
3.46881
3.22783
2.96204
2.67427
2.36832
2.04903
1.72237
1.39545
1.0764
0.774261
0.498562
0.258843
0.0638753
-0.0793685
-0.166955
-0.199371
-0.182753
-0.129451
-0.0572742
0.0133027
0.0642383
0.086185
0.082846
0.0687305
0.056468
0.0480117
0.0409918
0.0340297
0.0266252
0.0187187
0.0112321
0.00543007
0.00184568
0.000200941
2.59076
3.31729
3.69461
3.94009
4.11131
4.23196
4.31325
4.36087
4.37772
4.36518
4.32378
4.25361
4.15452
4.02634
3.86908
3.683
3.46883
3.22786
2.96207
2.6743
2.36835
2.04905
1.7224
1.39547
1.07643
0.774287
0.498587
0.258867
0.0638982
-0.0793466
-0.166934
-0.199352
-0.182735
-0.129435
-0.0572615
0.0133113
0.0642423
0.0861848
0.082842
0.0687225
0.0564558
0.0479942
0.0409666
0.0339935
0.0265772
0.0186606
0.0111671
0.00536108
0.00177487
0.000129488
)
;
    }
    sideRight
    {
        type            calculated;
        value           nonuniform List<scalar> 
500
(
2.59074
3.31726
3.69457
3.94004
4.11124
4.23189
4.31317
4.36078
4.37761
4.36506
4.32365
4.25347
4.15436
4.02618
3.8689
3.68281
3.46863
3.22765
2.96185
2.67408
2.36812
2.04883
1.72217
1.39526
1.07623
0.774112
0.498455
0.258797
0.0638919
-0.0793096
-0.166894
-0.199342
-0.182762
-0.129473
-0.0572566
0.0134119
0.0644153
0.0863721
0.0830151
0.0689063
0.0566547
0.0481948
0.0411767
0.0342545
0.0269124
0.0190537
0.0115905
0.00579108
0.00219346
0.00053766
2.59074
3.31726
3.69457
3.94004
4.11125
4.23189
4.31317
4.36078
4.37761
4.36506
4.32366
4.25347
4.15437
4.02618
3.8689
3.68282
3.46864
3.22765
2.96185
2.67408
2.36812
2.04883
1.72218
1.39526
1.07623
0.774115
0.498458
0.258799
0.0638943
-0.0793075
-0.166892
-0.199341
-0.182761
-0.129473
-0.0572568
0.0134114
0.0644149
0.0863719
0.0830152
0.0689064
0.056654
0.0481927
0.0411724
0.0342474
0.0269024
0.0190415
0.0115769
0.00577664
0.00217869
0.000522777
2.59074
3.31726
3.69457
3.94004
4.11125
4.23189
4.31318
4.36079
4.37762
4.36507
4.32367
4.25348
4.15438
4.02619
3.86891
3.68283
3.46865
3.22767
2.96187
2.6741
2.36814
2.04885
1.72219
1.39527
1.07625
0.774128
0.498471
0.258811
0.0639059
-0.0792962
-0.166881
-0.19933
-0.182751
-0.129463
-0.0572487
0.0134173
0.0644178
0.0863717
0.0830121
0.0689008
0.0566465
0.0481834
0.0411606
0.0342321
0.0268834
0.0190192
0.0115523
0.00575077
0.00215217
0.000496013
2.59074
3.31726
3.69458
3.94005
4.11126
4.2319
4.31318
4.36079
4.37763
4.36508
4.32368
4.25349
4.15439
4.0262
3.86893
3.68284
3.46866
3.22768
2.96188
2.67411
2.36815
2.04886
1.7222
1.39529
1.07626
0.774139
0.498481
0.258821
0.0639152
-0.0792874
-0.166873
-0.199322
-0.182743
-0.129457
-0.0572439
0.0134203
0.0644191
0.0863715
0.0830106
0.0688976
0.0566412
0.0481754
0.0411489
0.0342155
0.0268616
0.018993
0.011523
0.0057198
0.00212048
0.000464071
2.59074
3.31726
3.69458
3.94005
4.11126
4.23191
4.31319
4.3608
4.37764
4.36509
4.32369
4.25351
4.1544
4.02622
3.86894
3.68286
3.46868
3.22769
2.9619
2.67413
2.36817
2.04888
1.72222
1.3953
1.07627
0.774155
0.498497
0.258836
0.0639292
-0.079274
-0.16686
-0.19931
-0.182732
-0.129446
-0.057235
0.0134267
0.0644222
0.0863713
0.0830073
0.0688915
0.0566326
0.0481643
0.0411343
0.0341964
0.0268378
0.0189651
0.0114922
0.00568733
0.00208719
0.000430466
2.59075
3.31727
3.69459
3.94006
4.11127
4.23191
4.3132
4.36081
4.37765
4.3651
4.3237
4.25352
4.15441
4.02623
3.86895
3.68287
3.46869
3.22771
2.96191
2.67414
2.36818
2.04889
1.72224
1.39532
1.07629
0.774167
0.498508
0.258846
0.0639386
-0.0792652
-0.166851
-0.199303
-0.182725
-0.129441
-0.0572311
0.013429
0.0644232
0.0863712
0.0830063
0.0688891
0.056628
0.0481566
0.0411224
0.0341789
0.0268144
0.0189369
0.0114608
0.00565404
0.00205311
0.000396125
2.59075
3.31727
3.69459
3.94006
4.11128
4.23192
4.31321
4.36082
4.37766
4.36511
4.32371
4.25353
4.15443
4.02624
3.86897
3.68289
3.46871
3.22773
2.96193
2.67416
2.3682
2.04891
1.72225
1.39533
1.0763
0.774184
0.498525
0.258862
0.063954
-0.0792504
-0.166837
-0.199289
-0.182712
-0.129429
-0.0572212
0.013436
0.0644267
0.0863712
0.083003
0.0688826
0.0566188
0.0481447
0.041107
0.0341591
0.02679
0.0189084
0.0114294
0.00562091
0.00201914
0.000361828
2.59076
3.31728
3.6946
3.94007
4.11129
4.23193
4.31322
4.36083
4.37767
4.36512
4.32373
4.25355
4.15444
4.02626
3.86898
3.6829
3.46872
3.22774
2.96195
2.67417
2.36822
2.04892
1.72227
1.39535
1.07632
0.774197
0.498536
0.258873
0.0639636
-0.0792416
-0.166829
-0.199282
-0.182706
-0.129424
-0.0572177
0.0134384
0.0644279
0.0863713
0.0830021
0.0688806
0.0566146
0.0481374
0.0410952
0.0341418
0.0267667
0.0188801
0.0113977
0.0055874
0.00198483
0.000327247
2.59077
3.31729
3.69461
3.94008
4.1113
4.23195
4.31324
4.36085
4.37769
4.36514
4.32374
4.25356
4.15446
4.02628
3.869
3.68292
3.46874
3.22776
2.96197
2.67419
2.36824
2.04894
1.72229
1.39537
1.07634
0.774214
0.498552
0.258889
0.0639784
-0.0792274
-0.166815
-0.199269
-0.182694
-0.129413
-0.0572084
0.013445
0.0644313
0.0863714
0.0829992
0.0688746
0.0566059
0.0481262
0.0410807
0.0341227
0.0267426
0.0188516
0.011366
0.00555388
0.00195046
0.000292552
2.59079
3.31731
3.69463
3.9401
4.11131
4.23196
4.31325
4.36087
4.37771
4.36516
4.32376
4.25359
4.15448
4.0263
3.86903
3.68295
3.46877
3.22779
2.962
2.67422
2.36827
2.04898
1.72232
1.3954
1.07636
0.774243
0.49858
0.258914
0.0640023
-0.0792051
-0.166794
-0.199249
-0.182675
-0.129397
-0.0571954
0.0134539
0.0644357
0.0863716
0.0829956
0.0688669
0.056594
0.048109
0.0410557
0.0340867
0.0266948
0.0187936
0.011301
0.00548494
0.0018797
0.000221141
)
;
    }
    top
    {
        type            symmetryPlane;
        value           nonuniform List<scalar> 
100
(
0.000446129
0.000468212
0.000470514
0.000487289
0.000486796
0.000503713
0.000502683
0.000520638
0.000519004
0.00053766
0.000431236
0.000453312
0.000455615
0.000472388
0.000471895
0.000488813
0.000487782
0.00050574
0.000504107
0.000522777
0.000404462
0.000426528
0.000428833
0.000445603
0.00044511
0.000462027
0.000460997
0.000478957
0.000477326
0.000496013
0.000372514
0.000394573
0.000396879
0.000413645
0.000413152
0.000430067
0.000429037
0.000447
0.000445369
0.000464071
0.0003389
0.000360957
0.000363262
0.000380027
0.000379533
0.000396449
0.000395417
0.000413385
0.000411753
0.000430466
0.000304557
0.000326613
0.000328918
0.000345681
0.000345186
0.0003621
0.000361068
0.000379038
0.000377405
0.000396125
0.000270245
0.000292304
0.000294608
0.000311371
0.000310875
0.000327791
0.000326758
0.000344733
0.0003431
0.000361828
0.000235659
0.000257715
0.00026002
0.000276779
0.000276284
0.000293197
0.000292166
0.000310143
0.000308513
0.000327247
0.000200941
0.000222993
0.000225297
0.000242054
0.000241559
0.000258473
0.000257444
0.000275427
0.0002738
0.000292552
0.000129488
0.000151526
0.000153826
0.000170576
0.000170082
0.000186995
0.00018597
0.000203967
0.000202348
0.000221141
)
;
    }
    bottomRoughWall
    {
        type            calculated;
        value           uniform 0;
    }
}


// ************************************************************************* //
