0.00885098 4.98299 	2.40081 	-8.15228e-11 	
0.0269366 6.72554 	3.12634 	-7.86003e-13 	
0.0458063 7.77356 	3.50424 	5.49643e-09 	
0.065494 8.55879 	3.74674 	2.76647e-09 	
0.0860352 9.21343 	3.91626 	-4.18709e-09 	
0.107467 9.7929 	4.03783 	-6.62776e-09 	
0.129828 10.3248 	4.12322 	-3.56296e-09 	
0.153158 10.8243 	4.17851 	-4.73857e-09 	
0.177499 11.3004 	4.20692 	-7.97123e-09 	
0.202896 11.7584 	4.21011 	1.65571e-09 	
0.229393 12.2015 	4.18887 	-2.6166e-09 	
0.25704 12.6313 	4.14345 	-1.28455e-11 	
0.285885 13.0484 	4.07381 	-7.32554e-10 	
0.31598 13.4524 	3.97979 	2.55565e-09 	
0.34738 13.8424 	3.86122 	9.11126e-09 	
0.380141 14.2167 	3.71804 	4.9441e-09 	
0.414323 14.5732 	3.5504 	8.04025e-09 	
0.449986 14.9094 	3.35878 	-2.19013e-08 	
0.487195 15.2224 	3.14406 	-2.39213e-08 	
0.526017 15.509 	2.90768 	-1.22663e-09 	
0.566523 15.7659 	2.65168 	2.67315e-09 	
0.608784 15.9898 	2.37884 	-1.48503e-08 	
0.652877 16.1773 	2.09277 	9.41835e-09 	
0.698882 16.3256 	1.79793 	3.20974e-08 	
0.746881 16.4324 	1.49969 	2.14143e-08 	
0.796961 16.4962 	1.20428 	-9.39232e-09 	
0.849212 16.5168 	0.918642 	1.00391e-09 	
0.903728 16.4954 	0.650251 	-2.80389e-08 	
0.960607 16.435 	0.406733 	-2.88284e-08 	
1.01995 16.3407 	0.195377 	-1.33756e-07 	
1.08187 16.2197 	0.0224897 	-1.37024e-07 	
1.14647 16.0812 	-0.107361 	-6.67693e-08 	
1.21388 15.9358 	-0.192156 	-1.88233e-07 	
1.2842 15.7949 	-0.233133 	-1.31905e-07 	
1.35757 15.6697 	-0.235216 	3.54179e-08 	
1.43413 15.569 	-0.206919 	-5.7103e-08 	
1.514 15.4983 	-0.159498 	-2.55757e-08 	
1.59733 15.4584 	-0.105307 	1.07315e-08 	
1.68428 15.4452 	-0.0555504 	9.74152e-08 	
1.775 15.4509 	-0.018049 	-9.8888e-07 	
1.86965 15.4659 	0.00416054 	-2.8528e-07 	
1.9684 15.4817 	0.0127195 	-8.99644e-07 	
2.07144 15.4932 	0.0123139 	-2.94569e-07 	
2.17894 15.4987 	0.00830785 	1.5692e-06 	
2.2911 15.4996 	0.00465559 	3.63767e-06 	
2.40812 15.4985 	0.00301409 	6.31183e-06 	
2.53022 15.4972 	0.00298791 	5.35151e-06 	
2.65761 15.4966 	0.00356325 	9.60851e-06 	
2.79052 15.4964 	0.00403865 	6.82274e-06 	
2.92919 15.4964 	0.00425524 	2.76036e-06 	
