/*--------------------------------*- C++ -*----------------------------------*\
| =========                 |                                                 |
| \\      /  F ield         | OpenFOAM: The Open Source CFD Toolbox           |
|  \\    /   O peration     | Version:  v1806                                 |
|   \\  /    A nd           | Web:      www.OpenFOAM.com                      |
|    \\/     M anipulation  |                                                 |
\*---------------------------------------------------------------------------*/
FoamFile
{
    version     2.0;
    format      ascii;
    class       volScalarField;
    location    "350000";
    object      epsilon;
}
// * * * * * * * * * * * * * * * * * * * * * * * * * * * * * * * * * * * * * //

dimensions      [0 2 -3 0 0 0 0];


internalField   nonuniform List<scalar> 
5000
(
65.2331
65.2331
65.2331
65.2331
65.2331
65.2331
65.2331
65.2331
65.2331
65.2331
30.2553
30.2553
30.2553
30.2553
30.2553
30.2553
30.2553
30.2553
30.2553
30.2553
17.9905
17.9905
17.9905
17.9905
17.9905
17.9905
17.9905
17.9905
17.9905
17.9905
12.6278
12.6278
12.6278
12.6278
12.6278
12.6278
12.6278
12.6278
12.6278
12.6278
9.7124
9.7124
9.7124
9.7124
9.7124
9.7124
9.7124
9.7124
9.7124
9.7124
7.88033
7.88033
7.88033
7.88033
7.88033
7.88033
7.88033
7.88033
7.88033
7.88033
6.60766
6.60766
6.60766
6.60766
6.60766
6.60766
6.60766
6.60766
6.60766
6.60766
5.65719
5.65719
5.65719
5.65719
5.65719
5.65719
5.65719
5.65719
5.65719
5.65719
4.90812
4.90812
4.90812
4.90812
4.90812
4.90812
4.90812
4.90812
4.90812
4.90812
4.29339
4.29339
4.29339
4.29339
4.29339
4.29339
4.29339
4.29339
4.29339
4.29339
3.77328
3.77328
3.77328
3.77328
3.77328
3.77328
3.77328
3.77328
3.77328
3.77328
3.32306
3.32306
3.32306
3.32306
3.32306
3.32306
3.32306
3.32306
3.32306
3.32306
2.92677
2.92677
2.92677
2.92677
2.92677
2.92677
2.92677
2.92677
2.92677
2.92677
2.57377
2.57377
2.57377
2.57377
2.57377
2.57377
2.57377
2.57377
2.57377
2.57377
2.25681
2.25681
2.25681
2.25681
2.25681
2.25681
2.25681
2.25681
2.25681
2.25681
1.97083
1.97083
1.97083
1.97083
1.97083
1.97083
1.97083
1.97083
1.97083
1.97083
1.71222
1.71222
1.71222
1.71222
1.71222
1.71222
1.71222
1.71222
1.71222
1.71222
1.47838
1.47838
1.47838
1.47838
1.47838
1.47838
1.47838
1.47838
1.47838
1.47838
1.26734
1.26734
1.26734
1.26734
1.26734
1.26734
1.26734
1.26734
1.26734
1.26734
1.07757
1.07757
1.07757
1.07757
1.07757
1.07757
1.07757
1.07757
1.07757
1.07757
0.907799
0.907799
0.907799
0.907799
0.907799
0.907799
0.907799
0.907799
0.907799
0.907799
0.75693
0.75693
0.75693
0.75693
0.75693
0.75693
0.75693
0.75693
0.75693
0.75693
0.623938
0.623938
0.623938
0.623938
0.623938
0.623938
0.623938
0.623938
0.623938
0.623938
0.507818
0.507818
0.507818
0.507818
0.507818
0.507818
0.507818
0.507818
0.507818
0.507818
0.407538
0.407538
0.407538
0.407538
0.407538
0.407538
0.407538
0.407538
0.407538
0.407538
0.322021
0.322021
0.322021
0.322021
0.322021
0.322021
0.322021
0.322021
0.322021
0.322021
0.250125
0.250125
0.250124
0.250125
0.250125
0.250124
0.250125
0.250125
0.250124
0.250124
0.190642
0.190642
0.190642
0.190642
0.190642
0.190642
0.190642
0.190642
0.190642
0.190642
0.14231
0.14231
0.14231
0.14231
0.14231
0.14231
0.14231
0.14231
0.14231
0.14231
0.103824
0.103824
0.103824
0.103824
0.103824
0.103824
0.103824
0.103824
0.103824
0.103824
0.0738658
0.0738657
0.0738658
0.0738657
0.0738657
0.0738657
0.0738657
0.0738657
0.0738657
0.0738657
0.051127
0.051127
0.0511269
0.051127
0.0511269
0.0511269
0.051127
0.051127
0.0511269
0.0511269
0.0343472
0.0343472
0.0343472
0.0343472
0.0343472
0.0343472
0.0343472
0.0343472
0.0343472
0.0343472
0.0223454
0.0223454
0.0223454
0.0223454
0.0223454
0.0223454
0.0223454
0.0223454
0.0223454
0.0223454
0.014051
0.014051
0.014051
0.014051
0.014051
0.014051
0.014051
0.014051
0.014051
0.014051
0.00852888
0.00852888
0.00852887
0.00852887
0.00852887
0.00852887
0.00852887
0.00852887
0.00852887
0.00852887
0.00499643
0.00499643
0.00499643
0.00499643
0.00499643
0.00499643
0.00499643
0.00499643
0.00499643
0.00499643
0.00282898
0.00282898
0.00282898
0.00282898
0.00282898
0.00282898
0.00282898
0.00282898
0.00282898
0.00282898
0.00155374
0.00155374
0.00155374
0.00155374
0.00155374
0.00155374
0.00155374
0.00155374
0.00155374
0.00155374
0.000832989
0.000832992
0.000832989
0.00083299
0.000832992
0.00083299
0.00083299
0.00083299
0.000832992
0.000832993
0.00043991
0.000439912
0.00043991
0.00043991
0.000439911
0.00043991
0.00043991
0.000439911
0.000439911
0.000439913
0.000231399
0.000231399
0.000231399
0.000231399
0.000231399
0.0002314
0.000231399
0.000231399
0.0002314
0.0002314
0.00012256
0.00012256
0.000122561
0.00012256
0.00012256
0.000122561
0.00012256
0.00012256
0.00012256
0.000122561
6.59034e-05
6.59033e-05
6.59034e-05
6.59034e-05
6.59034e-05
6.59033e-05
6.59034e-05
6.59034e-05
6.59033e-05
6.59033e-05
3.60703e-05
3.60702e-05
3.60702e-05
3.60702e-05
3.60702e-05
3.60701e-05
3.60702e-05
3.60702e-05
3.60702e-05
3.60701e-05
2.00385e-05
2.00385e-05
2.00385e-05
2.00385e-05
2.00385e-05
2.00385e-05
2.00385e-05
2.00385e-05
2.00385e-05
2.00385e-05
1.12725e-05
1.12725e-05
1.12725e-05
1.12725e-05
1.12725e-05
1.12725e-05
1.12725e-05
1.12725e-05
1.12725e-05
1.12725e-05
6.48125e-06
6.48125e-06
6.48125e-06
6.48125e-06
6.48125e-06
6.48125e-06
6.48125e-06
6.48125e-06
6.48125e-06
6.48125e-06
3.97161e-06
3.97161e-06
3.97161e-06
3.97161e-06
3.97161e-06
3.97161e-06
3.97161e-06
3.97161e-06
3.97161e-06
3.97161e-06
2.88665e-06
2.88665e-06
2.88665e-06
2.88665e-06
2.88665e-06
2.88665e-06
2.88665e-06
2.88665e-06
2.88665e-06
2.88665e-06
65.2331
65.2331
65.2331
65.2331
65.2331
65.2331
65.2331
65.2331
65.2331
65.2331
30.2553
30.2553
30.2553
30.2553
30.2553
30.2553
30.2553
30.2553
30.2553
30.2553
17.9905
17.9905
17.9905
17.9905
17.9905
17.9905
17.9905
17.9905
17.9905
17.9905
12.6278
12.6278
12.6278
12.6278
12.6278
12.6278
12.6278
12.6278
12.6278
12.6278
9.7124
9.7124
9.7124
9.7124
9.7124
9.7124
9.7124
9.7124
9.7124
9.7124
7.88033
7.88033
7.88033
7.88033
7.88033
7.88033
7.88033
7.88033
7.88033
7.88033
6.60766
6.60766
6.60766
6.60766
6.60766
6.60766
6.60766
6.60766
6.60766
6.60766
5.65719
5.65719
5.65719
5.65719
5.65719
5.65719
5.65719
5.65719
5.65719
5.65719
4.90812
4.90812
4.90812
4.90812
4.90812
4.90812
4.90812
4.90812
4.90812
4.90812
4.29339
4.29339
4.29339
4.29339
4.29339
4.29339
4.29339
4.29339
4.29339
4.29339
3.77328
3.77328
3.77328
3.77328
3.77328
3.77328
3.77328
3.77328
3.77328
3.77328
3.32306
3.32306
3.32306
3.32306
3.32306
3.32306
3.32306
3.32306
3.32306
3.32306
2.92677
2.92677
2.92677
2.92677
2.92677
2.92677
2.92677
2.92677
2.92677
2.92677
2.57377
2.57377
2.57377
2.57377
2.57377
2.57377
2.57377
2.57377
2.57377
2.57377
2.25681
2.25681
2.25681
2.25681
2.25681
2.25681
2.25681
2.25681
2.25681
2.25681
1.97083
1.97083
1.97083
1.97083
1.97083
1.97083
1.97083
1.97083
1.97083
1.97083
1.71222
1.71222
1.71222
1.71222
1.71222
1.71222
1.71222
1.71222
1.71222
1.71222
1.47838
1.47838
1.47838
1.47838
1.47838
1.47838
1.47838
1.47838
1.47838
1.47838
1.26734
1.26734
1.26734
1.26734
1.26734
1.26734
1.26734
1.26734
1.26734
1.26734
1.07757
1.07757
1.07757
1.07757
1.07757
1.07757
1.07757
1.07757
1.07757
1.07757
0.907799
0.907799
0.907799
0.907799
0.907799
0.907799
0.907799
0.907799
0.907799
0.907799
0.75693
0.75693
0.75693
0.75693
0.75693
0.75693
0.75693
0.75693
0.75693
0.75693
0.623938
0.623938
0.623938
0.623938
0.623938
0.623938
0.623938
0.623938
0.623938
0.623938
0.507818
0.507818
0.507818
0.507818
0.507818
0.507818
0.507818
0.507818
0.507818
0.507818
0.407538
0.407538
0.407538
0.407538
0.407538
0.407538
0.407538
0.407538
0.407538
0.407538
0.322021
0.322021
0.322021
0.322021
0.322021
0.322021
0.322021
0.322021
0.322021
0.322021
0.250125
0.250125
0.250125
0.250125
0.250125
0.250125
0.250124
0.250125
0.250125
0.250124
0.190642
0.190642
0.190642
0.190642
0.190642
0.190642
0.190642
0.190642
0.190642
0.190642
0.14231
0.14231
0.14231
0.14231
0.14231
0.14231
0.14231
0.14231
0.14231
0.14231
0.103824
0.103824
0.103824
0.103824
0.103824
0.103824
0.103824
0.103824
0.103824
0.103824
0.0738658
0.0738658
0.0738658
0.0738658
0.0738658
0.0738658
0.0738658
0.0738658
0.0738658
0.0738657
0.0511269
0.0511269
0.0511269
0.0511269
0.0511269
0.0511269
0.0511269
0.0511269
0.0511269
0.0511269
0.0343472
0.0343472
0.0343472
0.0343472
0.0343472
0.0343472
0.0343472
0.0343472
0.0343472
0.0343472
0.0223454
0.0223454
0.0223454
0.0223454
0.0223454
0.0223454
0.0223454
0.0223454
0.0223454
0.0223454
0.014051
0.014051
0.014051
0.014051
0.014051
0.014051
0.014051
0.014051
0.014051
0.014051
0.00852887
0.00852887
0.00852887
0.00852887
0.00852887
0.00852887
0.00852887
0.00852887
0.00852887
0.00852887
0.00499644
0.00499644
0.00499644
0.00499644
0.00499644
0.00499644
0.00499644
0.00499644
0.00499644
0.00499644
0.00282899
0.00282899
0.00282899
0.00282899
0.00282899
0.00282899
0.00282899
0.00282899
0.00282899
0.00282899
0.00155375
0.00155374
0.00155374
0.00155375
0.00155374
0.00155374
0.00155374
0.00155375
0.00155374
0.00155374
0.000832995
0.000832997
0.000832995
0.000832996
0.000832998
0.000832995
0.000832995
0.000832997
0.000832996
0.000832999
0.000439928
0.000439928
0.000439929
0.000439928
0.000439928
0.000439928
0.00043993
0.000439928
0.000439929
0.00043993
0.00023142
0.00023142
0.000231421
0.000231421
0.00023142
0.000231421
0.00023142
0.00023142
0.000231421
0.00023142
0.000122569
0.000122569
0.000122569
0.000122569
0.000122569
0.000122569
0.000122569
0.000122569
0.000122569
0.000122569
6.59087e-05
6.59087e-05
6.59087e-05
6.59087e-05
6.59087e-05
6.59086e-05
6.59087e-05
6.59087e-05
6.59087e-05
6.59086e-05
3.60716e-05
3.60715e-05
3.60715e-05
3.60715e-05
3.60715e-05
3.60715e-05
3.60714e-05
3.60715e-05
3.60715e-05
3.60714e-05
2.00341e-05
2.00341e-05
2.0034e-05
2.0034e-05
2.0034e-05
2.0034e-05
2.0034e-05
2.0034e-05
2.0034e-05
2.0034e-05
1.12674e-05
1.12674e-05
1.12674e-05
1.12674e-05
1.12674e-05
1.12674e-05
1.12674e-05
1.12674e-05
1.12674e-05
1.12674e-05
6.47821e-06
6.47821e-06
6.47821e-06
6.47821e-06
6.47821e-06
6.47821e-06
6.47821e-06
6.47821e-06
6.47821e-06
6.47821e-06
3.97083e-06
3.97084e-06
3.97083e-06
3.97083e-06
3.97084e-06
3.97084e-06
3.97084e-06
3.97084e-06
3.97084e-06
3.97084e-06
2.8864e-06
2.8864e-06
2.8864e-06
2.8864e-06
2.8864e-06
2.8864e-06
2.8864e-06
2.8864e-06
2.8864e-06
2.8864e-06
65.2331
65.2331
65.2331
65.2331
65.2331
65.2331
65.2331
65.2331
65.2331
65.2331
30.2553
30.2553
30.2553
30.2553
30.2553
30.2553
30.2553
30.2553
30.2553
30.2553
17.9905
17.9905
17.9905
17.9905
17.9905
17.9905
17.9905
17.9905
17.9905
17.9905
12.6278
12.6278
12.6278
12.6278
12.6278
12.6278
12.6278
12.6278
12.6278
12.6278
9.7124
9.7124
9.7124
9.7124
9.7124
9.7124
9.7124
9.7124
9.7124
9.7124
7.88033
7.88033
7.88033
7.88033
7.88033
7.88033
7.88033
7.88033
7.88033
7.88033
6.60766
6.60766
6.60766
6.60766
6.60766
6.60766
6.60766
6.60766
6.60766
6.60766
5.65719
5.65719
5.65719
5.65719
5.65719
5.65719
5.65719
5.65719
5.65719
5.65719
4.90812
4.90812
4.90812
4.90812
4.90812
4.90812
4.90812
4.90812
4.90812
4.90812
4.29339
4.29339
4.29339
4.29339
4.29339
4.29339
4.29339
4.29339
4.29339
4.29339
3.77328
3.77328
3.77328
3.77328
3.77328
3.77328
3.77328
3.77328
3.77328
3.77328
3.32306
3.32306
3.32306
3.32306
3.32306
3.32306
3.32306
3.32306
3.32306
3.32306
2.92677
2.92677
2.92677
2.92677
2.92677
2.92677
2.92677
2.92677
2.92677
2.92677
2.57377
2.57377
2.57377
2.57377
2.57377
2.57377
2.57377
2.57377
2.57377
2.57377
2.25681
2.25681
2.25681
2.25681
2.25681
2.25681
2.25681
2.25681
2.25681
2.25681
1.97083
1.97083
1.97083
1.97083
1.97083
1.97083
1.97083
1.97083
1.97083
1.97083
1.71222
1.71222
1.71222
1.71222
1.71222
1.71222
1.71222
1.71222
1.71222
1.71222
1.47838
1.47838
1.47838
1.47838
1.47838
1.47838
1.47838
1.47838
1.47838
1.47838
1.26734
1.26734
1.26734
1.26734
1.26734
1.26734
1.26734
1.26734
1.26734
1.26734
1.07757
1.07757
1.07757
1.07757
1.07757
1.07757
1.07757
1.07757
1.07757
1.07757
0.907799
0.907799
0.907799
0.907799
0.907799
0.907799
0.907799
0.907799
0.907799
0.907799
0.75693
0.75693
0.75693
0.75693
0.75693
0.75693
0.75693
0.75693
0.75693
0.75693
0.623938
0.623938
0.623938
0.623938
0.623938
0.623938
0.623938
0.623938
0.623938
0.623938
0.507818
0.507818
0.507818
0.507818
0.507818
0.507818
0.507818
0.507818
0.507818
0.507818
0.407538
0.407538
0.407538
0.407538
0.407538
0.407538
0.407538
0.407538
0.407538
0.407538
0.322021
0.322021
0.322021
0.322021
0.322021
0.322021
0.322021
0.322021
0.322021
0.322021
0.250124
0.250125
0.250125
0.250124
0.250125
0.250125
0.250125
0.250124
0.250125
0.250125
0.190642
0.190642
0.190642
0.190642
0.190642
0.190642
0.190642
0.190642
0.190642
0.190642
0.14231
0.14231
0.14231
0.14231
0.14231
0.14231
0.14231
0.14231
0.14231
0.14231
0.103824
0.103824
0.103824
0.103824
0.103824
0.103824
0.103824
0.103824
0.103824
0.103824
0.0738658
0.0738658
0.0738658
0.0738658
0.0738658
0.0738658
0.0738657
0.0738658
0.0738658
0.0738657
0.0511269
0.0511269
0.0511269
0.0511269
0.0511269
0.0511269
0.0511269
0.0511269
0.0511269
0.0511269
0.0343472
0.0343472
0.0343472
0.0343472
0.0343472
0.0343471
0.0343472
0.0343472
0.0343472
0.0343471
0.0223454
0.0223454
0.0223454
0.0223454
0.0223454
0.0223454
0.0223454
0.0223454
0.0223454
0.0223454
0.014051
0.014051
0.014051
0.014051
0.014051
0.014051
0.014051
0.014051
0.014051
0.014051
0.00852887
0.00852887
0.00852887
0.00852887
0.00852887
0.00852887
0.00852887
0.00852887
0.00852887
0.00852887
0.00499644
0.00499644
0.00499644
0.00499644
0.00499644
0.00499644
0.00499644
0.00499644
0.00499644
0.00499644
0.00282899
0.00282899
0.00282899
0.00282899
0.00282899
0.00282899
0.00282899
0.00282899
0.00282899
0.00282899
0.00155374
0.00155374
0.00155374
0.00155374
0.00155374
0.00155374
0.00155374
0.00155374
0.00155374
0.00155374
0.00083301
0.000833012
0.00083301
0.00083301
0.000833012
0.00083301
0.000833011
0.000833012
0.000833012
0.000833014
0.000439945
0.000439947
0.000439945
0.000439946
0.000439947
0.000439945
0.000439945
0.000439946
0.000439946
0.000439948
0.000231413
0.000231414
0.000231413
0.000231414
0.000231414
0.000231414
0.000231414
0.000231414
0.000231414
0.000231415
0.000122575
0.000122575
0.000122575
0.000122575
0.000122575
0.000122575
0.000122574
0.000122574
0.000122575
0.000122574
6.5913e-05
6.5913e-05
6.5913e-05
6.5913e-05
6.5913e-05
6.5913e-05
6.5913e-05
6.5913e-05
6.5913e-05
6.59129e-05
3.60743e-05
3.60742e-05
3.60743e-05
3.60743e-05
3.60742e-05
3.60743e-05
3.60743e-05
3.60743e-05
3.60743e-05
3.60742e-05
2.00327e-05
2.00327e-05
2.00327e-05
2.00327e-05
2.00327e-05
2.00326e-05
2.00327e-05
2.00327e-05
2.00327e-05
2.00326e-05
1.12644e-05
1.12644e-05
1.12644e-05
1.12644e-05
1.12644e-05
1.12644e-05
1.12644e-05
1.12644e-05
1.12644e-05
1.12644e-05
6.47608e-06
6.47608e-06
6.47608e-06
6.47608e-06
6.47608e-06
6.47608e-06
6.47608e-06
6.47608e-06
6.47608e-06
6.47608e-06
3.97021e-06
3.97021e-06
3.97021e-06
3.97021e-06
3.97021e-06
3.97021e-06
3.97021e-06
3.97021e-06
3.97021e-06
3.97021e-06
2.88633e-06
2.88633e-06
2.88633e-06
2.88633e-06
2.88633e-06
2.88633e-06
2.88633e-06
2.88633e-06
2.88633e-06
2.88633e-06
65.2331
65.2331
65.2331
65.2331
65.2331
65.2331
65.2331
65.2331
65.2331
65.2331
30.2553
30.2553
30.2553
30.2553
30.2553
30.2553
30.2553
30.2553
30.2553
30.2553
17.9905
17.9905
17.9905
17.9905
17.9905
17.9905
17.9905
17.9905
17.9905
17.9905
12.6278
12.6278
12.6278
12.6278
12.6278
12.6278
12.6278
12.6278
12.6278
12.6278
9.7124
9.7124
9.7124
9.7124
9.7124
9.7124
9.7124
9.7124
9.7124
9.7124
7.88033
7.88033
7.88033
7.88033
7.88033
7.88033
7.88033
7.88033
7.88033
7.88033
6.60766
6.60766
6.60766
6.60766
6.60766
6.60766
6.60766
6.60766
6.60766
6.60766
5.65719
5.65719
5.65719
5.65719
5.65719
5.65719
5.65719
5.65719
5.65719
5.65719
4.90812
4.90812
4.90812
4.90812
4.90812
4.90812
4.90812
4.90812
4.90812
4.90812
4.29339
4.29339
4.29339
4.29339
4.29339
4.29339
4.29339
4.29339
4.29339
4.29339
3.77328
3.77328
3.77328
3.77328
3.77328
3.77328
3.77328
3.77328
3.77328
3.77328
3.32306
3.32306
3.32306
3.32306
3.32306
3.32306
3.32306
3.32306
3.32306
3.32306
2.92677
2.92677
2.92677
2.92677
2.92677
2.92677
2.92677
2.92677
2.92677
2.92677
2.57377
2.57377
2.57377
2.57377
2.57377
2.57377
2.57377
2.57377
2.57377
2.57377
2.25681
2.25681
2.25681
2.25681
2.25681
2.25681
2.25681
2.25681
2.25681
2.25681
1.97083
1.97083
1.97083
1.97083
1.97083
1.97083
1.97083
1.97083
1.97083
1.97083
1.71222
1.71222
1.71222
1.71222
1.71222
1.71222
1.71222
1.71222
1.71222
1.71222
1.47838
1.47838
1.47838
1.47838
1.47838
1.47838
1.47838
1.47838
1.47838
1.47838
1.26734
1.26734
1.26734
1.26734
1.26734
1.26734
1.26734
1.26734
1.26734
1.26734
1.07757
1.07757
1.07757
1.07757
1.07757
1.07757
1.07757
1.07757
1.07757
1.07757
0.907799
0.907799
0.907799
0.907799
0.907799
0.907799
0.907799
0.907799
0.907799
0.907799
0.75693
0.75693
0.75693
0.75693
0.75693
0.75693
0.75693
0.75693
0.75693
0.75693
0.623938
0.623938
0.623938
0.623938
0.623938
0.623938
0.623938
0.623938
0.623938
0.623938
0.507818
0.507818
0.507818
0.507818
0.507818
0.507818
0.507818
0.507818
0.507818
0.507818
0.407538
0.407538
0.407538
0.407538
0.407538
0.407538
0.407538
0.407538
0.407538
0.407538
0.322021
0.322021
0.322021
0.322021
0.322021
0.322021
0.322021
0.322021
0.322021
0.322021
0.250125
0.250124
0.250125
0.250125
0.250124
0.250125
0.250125
0.250125
0.250125
0.250125
0.190642
0.190642
0.190642
0.190642
0.190642
0.190642
0.190642
0.190642
0.190642
0.190642
0.14231
0.14231
0.14231
0.14231
0.14231
0.14231
0.14231
0.14231
0.14231
0.14231
0.103824
0.103824
0.103824
0.103824
0.103824
0.103824
0.103824
0.103824
0.103824
0.103824
0.0738658
0.0738658
0.0738658
0.0738658
0.0738658
0.0738658
0.0738658
0.0738658
0.0738658
0.0738658
0.051127
0.0511269
0.051127
0.0511269
0.0511269
0.051127
0.0511269
0.0511269
0.0511269
0.0511269
0.0343472
0.0343472
0.0343471
0.0343472
0.0343472
0.0343471
0.0343472
0.0343472
0.0343471
0.0343471
0.0223454
0.0223454
0.0223454
0.0223454
0.0223454
0.0223454
0.0223454
0.0223454
0.0223454
0.0223454
0.014051
0.014051
0.014051
0.014051
0.014051
0.014051
0.014051
0.014051
0.014051
0.0140509
0.00852886
0.00852887
0.00852887
0.00852886
0.00852887
0.00852887
0.00852886
0.00852886
0.00852886
0.00852886
0.00499644
0.00499644
0.00499644
0.00499644
0.00499644
0.00499644
0.00499644
0.00499644
0.00499644
0.00499644
0.00282899
0.00282899
0.00282899
0.00282899
0.00282899
0.00282899
0.00282899
0.00282899
0.00282899
0.00282899
0.00155375
0.00155375
0.00155375
0.00155375
0.00155375
0.00155375
0.00155375
0.00155375
0.00155375
0.00155375
0.000833018
0.000833019
0.000833018
0.000833019
0.000833021
0.000833019
0.000833019
0.00083302
0.000833021
0.000833022
0.000439956
0.000439957
0.000439956
0.000439956
0.000439956
0.000439957
0.000439956
0.000439956
0.000439957
0.000439958
0.000231423
0.000231423
0.000231424
0.000231423
0.000231423
0.000231424
0.000231423
0.000231423
0.000231423
0.000231423
0.000122567
0.000122568
0.000122567
0.000122567
0.000122568
0.000122567
0.000122567
0.000122567
0.000122568
0.000122568
6.59107e-05
6.59106e-05
6.59107e-05
6.59107e-05
6.59107e-05
6.59106e-05
6.59107e-05
6.59107e-05
6.59106e-05
6.59106e-05
3.60749e-05
3.60749e-05
3.60749e-05
3.60748e-05
3.60749e-05
3.60749e-05
3.60748e-05
3.60749e-05
3.60749e-05
3.60748e-05
2.0035e-05
2.0035e-05
2.0035e-05
2.0035e-05
2.0035e-05
2.0035e-05
2.0035e-05
2.0035e-05
2.0035e-05
2.00349e-05
1.12646e-05
1.12646e-05
1.12646e-05
1.12646e-05
1.12646e-05
1.12646e-05
1.12646e-05
1.12646e-05
1.12646e-05
1.12646e-05
6.47503e-06
6.47503e-06
6.47503e-06
6.47503e-06
6.47503e-06
6.47503e-06
6.47503e-06
6.47503e-06
6.47503e-06
6.47503e-06
3.96953e-06
3.96953e-06
3.96953e-06
3.96954e-06
3.96953e-06
3.96953e-06
3.96954e-06
3.96953e-06
3.96954e-06
3.96954e-06
2.88605e-06
2.88605e-06
2.88605e-06
2.88605e-06
2.88605e-06
2.88605e-06
2.88605e-06
2.88605e-06
2.88605e-06
2.88605e-06
65.2331
65.2331
65.2331
65.2331
65.2331
65.2331
65.2331
65.2331
65.2331
65.2331
30.2553
30.2553
30.2553
30.2553
30.2553
30.2553
30.2553
30.2553
30.2553
30.2553
17.9905
17.9905
17.9905
17.9905
17.9905
17.9905
17.9905
17.9905
17.9905
17.9905
12.6278
12.6278
12.6278
12.6278
12.6278
12.6278
12.6278
12.6278
12.6278
12.6278
9.7124
9.7124
9.7124
9.7124
9.7124
9.7124
9.7124
9.7124
9.7124
9.7124
7.88033
7.88033
7.88033
7.88033
7.88033
7.88033
7.88033
7.88033
7.88033
7.88033
6.60766
6.60766
6.60766
6.60766
6.60766
6.60766
6.60766
6.60766
6.60766
6.60766
5.65719
5.65719
5.65719
5.65719
5.65719
5.65719
5.65719
5.65719
5.65719
5.65719
4.90812
4.90812
4.90812
4.90812
4.90812
4.90812
4.90812
4.90812
4.90812
4.90812
4.29339
4.29339
4.29339
4.29339
4.29339
4.29339
4.29339
4.29339
4.29339
4.29339
3.77328
3.77328
3.77328
3.77328
3.77328
3.77328
3.77328
3.77328
3.77328
3.77328
3.32306
3.32306
3.32306
3.32306
3.32306
3.32306
3.32306
3.32306
3.32306
3.32306
2.92677
2.92677
2.92677
2.92677
2.92677
2.92677
2.92677
2.92677
2.92677
2.92677
2.57377
2.57377
2.57377
2.57377
2.57377
2.57377
2.57377
2.57377
2.57377
2.57377
2.25681
2.25681
2.25681
2.25681
2.25681
2.25681
2.25681
2.25681
2.25681
2.25681
1.97083
1.97083
1.97083
1.97083
1.97083
1.97083
1.97083
1.97083
1.97083
1.97083
1.71222
1.71222
1.71222
1.71222
1.71222
1.71222
1.71222
1.71222
1.71222
1.71222
1.47838
1.47838
1.47838
1.47838
1.47838
1.47838
1.47838
1.47838
1.47838
1.47838
1.26734
1.26734
1.26734
1.26734
1.26734
1.26734
1.26734
1.26734
1.26734
1.26734
1.07757
1.07757
1.07757
1.07757
1.07757
1.07757
1.07757
1.07757
1.07757
1.07757
0.907799
0.907799
0.907799
0.907799
0.907799
0.907799
0.907799
0.907799
0.907799
0.907799
0.75693
0.75693
0.75693
0.75693
0.75693
0.75693
0.75693
0.75693
0.75693
0.75693
0.623938
0.623938
0.623938
0.623938
0.623938
0.623938
0.623938
0.623938
0.623938
0.623938
0.507818
0.507818
0.507818
0.507818
0.507818
0.507818
0.507818
0.507818
0.507818
0.507818
0.407538
0.407538
0.407538
0.407538
0.407538
0.407538
0.407538
0.407538
0.407538
0.407538
0.322021
0.322021
0.322021
0.322021
0.322021
0.322021
0.322021
0.322021
0.322021
0.322021
0.250125
0.250125
0.250125
0.250125
0.250125
0.250125
0.250125
0.250125
0.250125
0.250125
0.190642
0.190642
0.190642
0.190642
0.190642
0.190642
0.190642
0.190642
0.190642
0.190642
0.14231
0.14231
0.14231
0.14231
0.14231
0.14231
0.14231
0.14231
0.14231
0.14231
0.103824
0.103824
0.103824
0.103824
0.103824
0.103824
0.103824
0.103824
0.103824
0.103824
0.0738658
0.0738657
0.0738658
0.0738658
0.0738657
0.0738657
0.0738658
0.0738657
0.0738657
0.0738657
0.0511269
0.0511269
0.0511269
0.0511269
0.0511269
0.0511269
0.0511269
0.0511269
0.0511269
0.0511269
0.0343471
0.0343471
0.0343471
0.0343471
0.0343471
0.0343471
0.0343471
0.0343471
0.0343471
0.0343471
0.0223454
0.0223454
0.0223454
0.0223454
0.0223454
0.0223454
0.0223454
0.0223454
0.0223454
0.0223454
0.014051
0.0140509
0.014051
0.014051
0.0140509
0.014051
0.0140509
0.0140509
0.0140509
0.0140509
0.00852885
0.00852885
0.00852886
0.00852885
0.00852885
0.00852886
0.00852886
0.00852885
0.00852886
0.00852886
0.00499643
0.00499643
0.00499643
0.00499643
0.00499643
0.00499643
0.00499643
0.00499643
0.00499643
0.00499643
0.00282899
0.00282899
0.00282899
0.00282899
0.00282899
0.00282899
0.00282899
0.00282899
0.00282899
0.00282899
0.00155374
0.00155374
0.00155375
0.00155374
0.00155374
0.00155375
0.00155374
0.00155375
0.00155375
0.00155375
0.000833034
0.000833035
0.000833034
0.000833034
0.000833035
0.000833037
0.000833035
0.000833035
0.000833036
0.000833037
0.000439952
0.000439953
0.000439952
0.000439953
0.000439953
0.000439955
0.000439953
0.000439953
0.000439954
0.000439955
0.000231405
0.000231406
0.000231405
0.000231405
0.000231406
0.000231406
0.000231406
0.000231406
0.000231406
0.000231406
0.000122562
0.000122562
0.000122562
0.000122562
0.000122562
0.000122562
0.000122562
0.000122562
0.000122562
0.000122562
6.59079e-05
6.59079e-05
6.59079e-05
6.59079e-05
6.59079e-05
6.59078e-05
6.59079e-05
6.59079e-05
6.59079e-05
6.59078e-05
3.60723e-05
3.60722e-05
3.60722e-05
3.60722e-05
3.60722e-05
3.60722e-05
3.60723e-05
3.60722e-05
3.60722e-05
3.60723e-05
2.00398e-05
2.00397e-05
2.00398e-05
2.00398e-05
2.00397e-05
2.00397e-05
2.00397e-05
2.00397e-05
2.00397e-05
2.00397e-05
1.12694e-05
1.12694e-05
1.12694e-05
1.12694e-05
1.12694e-05
1.12694e-05
1.12694e-05
1.12694e-05
1.12694e-05
1.12694e-05
6.47745e-06
6.47745e-06
6.47745e-06
6.47745e-06
6.47745e-06
6.47745e-06
6.47745e-06
6.47745e-06
6.47745e-06
6.47746e-06
3.97021e-06
3.97021e-06
3.97022e-06
3.97021e-06
3.97021e-06
3.97022e-06
3.97021e-06
3.97021e-06
3.97022e-06
3.97022e-06
2.88618e-06
2.88618e-06
2.88618e-06
2.88617e-06
2.88618e-06
2.88618e-06
2.88617e-06
2.88617e-06
2.88618e-06
2.88617e-06
65.2331
65.2331
65.2331
65.2331
65.2331
65.2331
65.2331
65.2331
65.2331
65.2331
30.2553
30.2553
30.2553
30.2553
30.2553
30.2553
30.2553
30.2553
30.2553
30.2553
17.9905
17.9905
17.9905
17.9905
17.9905
17.9905
17.9905
17.9905
17.9905
17.9905
12.6278
12.6278
12.6278
12.6278
12.6278
12.6278
12.6278
12.6278
12.6278
12.6278
9.7124
9.7124
9.7124
9.7124
9.7124
9.7124
9.7124
9.7124
9.7124
9.7124
7.88033
7.88033
7.88033
7.88033
7.88033
7.88033
7.88033
7.88033
7.88033
7.88033
6.60766
6.60766
6.60766
6.60766
6.60766
6.60766
6.60766
6.60766
6.60766
6.60766
5.65719
5.65719
5.65719
5.65719
5.65719
5.65719
5.65719
5.65719
5.65719
5.65719
4.90812
4.90812
4.90812
4.90812
4.90812
4.90812
4.90812
4.90812
4.90812
4.90812
4.29339
4.29339
4.29339
4.29339
4.29339
4.29339
4.29339
4.29339
4.29339
4.29339
3.77328
3.77328
3.77328
3.77328
3.77328
3.77328
3.77328
3.77328
3.77328
3.77328
3.32306
3.32306
3.32306
3.32306
3.32306
3.32306
3.32306
3.32306
3.32306
3.32306
2.92677
2.92677
2.92677
2.92677
2.92677
2.92677
2.92677
2.92677
2.92677
2.92677
2.57377
2.57377
2.57377
2.57377
2.57377
2.57377
2.57377
2.57377
2.57377
2.57377
2.25681
2.25681
2.25681
2.25681
2.25681
2.25681
2.25681
2.25681
2.25681
2.25681
1.97083
1.97083
1.97083
1.97083
1.97083
1.97083
1.97083
1.97083
1.97083
1.97083
1.71222
1.71222
1.71222
1.71222
1.71222
1.71222
1.71222
1.71222
1.71222
1.71222
1.47838
1.47838
1.47838
1.47838
1.47838
1.47838
1.47838
1.47838
1.47838
1.47838
1.26734
1.26734
1.26734
1.26734
1.26734
1.26734
1.26734
1.26734
1.26734
1.26734
1.07757
1.07757
1.07757
1.07757
1.07757
1.07757
1.07757
1.07757
1.07757
1.07757
0.907799
0.907799
0.907799
0.907799
0.907799
0.907799
0.907799
0.907799
0.907799
0.907799
0.75693
0.75693
0.75693
0.75693
0.75693
0.75693
0.75693
0.75693
0.75693
0.75693
0.623938
0.623938
0.623938
0.623938
0.623938
0.623938
0.623938
0.623938
0.623938
0.623938
0.507818
0.507818
0.507818
0.507818
0.507818
0.507818
0.507818
0.507818
0.507818
0.507818
0.407538
0.407538
0.407538
0.407538
0.407538
0.407538
0.407538
0.407538
0.407538
0.407538
0.322021
0.322021
0.322021
0.322021
0.322021
0.322021
0.322021
0.322021
0.322021
0.322021
0.250125
0.250125
0.250125
0.250125
0.250125
0.250125
0.250125
0.250125
0.250125
0.250125
0.190642
0.190642
0.190642
0.190642
0.190642
0.190642
0.190642
0.190642
0.190642
0.190642
0.14231
0.14231
0.14231
0.14231
0.14231
0.14231
0.14231
0.14231
0.14231
0.14231
0.103824
0.103824
0.103824
0.103824
0.103824
0.103824
0.103824
0.103824
0.103824
0.103824
0.0738657
0.0738658
0.0738657
0.0738657
0.0738658
0.0738657
0.0738657
0.0738658
0.0738657
0.0738657
0.0511269
0.0511269
0.0511269
0.0511269
0.0511269
0.0511269
0.0511269
0.0511269
0.0511269
0.0511269
0.0343472
0.0343472
0.0343472
0.0343472
0.0343472
0.0343472
0.0343472
0.0343472
0.0343472
0.0343471
0.0223454
0.0223454
0.0223454
0.0223454
0.0223454
0.0223454
0.0223454
0.0223454
0.0223454
0.0223454
0.0140509
0.0140509
0.0140509
0.0140509
0.0140509
0.0140509
0.0140509
0.0140509
0.0140509
0.0140509
0.00852885
0.00852884
0.00852885
0.00852885
0.00852885
0.00852884
0.00852885
0.00852885
0.00852884
0.00852884
0.00499643
0.00499643
0.00499643
0.00499643
0.00499643
0.00499643
0.00499643
0.00499643
0.00499643
0.00499643
0.00282899
0.00282899
0.00282899
0.00282899
0.00282899
0.00282899
0.00282899
0.00282899
0.00282899
0.00282899
0.00155375
0.00155375
0.00155375
0.00155375
0.00155375
0.00155375
0.00155375
0.00155375
0.00155375
0.00155375
0.000833018
0.000833019
0.00083302
0.000833018
0.000833019
0.00083302
0.000833018
0.000833019
0.00083302
0.000833021
0.000439944
0.000439945
0.000439944
0.000439944
0.000439945
0.000439946
0.000439945
0.000439945
0.000439945
0.000439946
0.000231397
0.000231398
0.000231397
0.000231397
0.000231398
0.000231398
0.000231398
0.000231398
0.000231398
0.000231398
0.000122563
0.000122563
0.000122563
0.000122563
0.000122563
0.000122563
0.000122563
0.000122563
0.000122563
0.000122563
6.59118e-05
6.59117e-05
6.59118e-05
6.59118e-05
6.59118e-05
6.59117e-05
6.59118e-05
6.59118e-05
6.59117e-05
6.59117e-05
3.60813e-05
3.60814e-05
3.60814e-05
3.60813e-05
3.60814e-05
3.60814e-05
3.60813e-05
3.60814e-05
3.60814e-05
3.60813e-05
2.00469e-05
2.00468e-05
2.00469e-05
2.00469e-05
2.00468e-05
2.00469e-05
2.00469e-05
2.00469e-05
2.00468e-05
2.00468e-05
1.12762e-05
1.12762e-05
1.12762e-05
1.12762e-05
1.12762e-05
1.12762e-05
1.12762e-05
1.12762e-05
1.12762e-05
1.12762e-05
6.48271e-06
6.48272e-06
6.48272e-06
6.48271e-06
6.48272e-06
6.48272e-06
6.48271e-06
6.48272e-06
6.48272e-06
6.48272e-06
3.97239e-06
3.97239e-06
3.97239e-06
3.97239e-06
3.97239e-06
3.97239e-06
3.97239e-06
3.97239e-06
3.97239e-06
3.97239e-06
2.88654e-06
2.88654e-06
2.88654e-06
2.88654e-06
2.88654e-06
2.88654e-06
2.88654e-06
2.88654e-06
2.88654e-06
2.88654e-06
65.2331
65.2331
65.2331
65.2331
65.2331
65.2331
65.2331
65.2331
65.2331
65.2331
30.2553
30.2553
30.2553
30.2553
30.2553
30.2553
30.2553
30.2553
30.2553
30.2553
17.9905
17.9905
17.9905
17.9905
17.9905
17.9905
17.9905
17.9905
17.9905
17.9905
12.6278
12.6278
12.6278
12.6278
12.6278
12.6278
12.6278
12.6278
12.6278
12.6278
9.7124
9.7124
9.7124
9.7124
9.7124
9.7124
9.7124
9.7124
9.7124
9.7124
7.88033
7.88033
7.88033
7.88033
7.88033
7.88033
7.88033
7.88033
7.88033
7.88033
6.60766
6.60766
6.60766
6.60766
6.60766
6.60766
6.60766
6.60766
6.60766
6.60766
5.65719
5.65719
5.65719
5.65719
5.65719
5.65719
5.65719
5.65719
5.65719
5.65719
4.90812
4.90812
4.90812
4.90812
4.90812
4.90812
4.90812
4.90812
4.90812
4.90812
4.29339
4.29339
4.29339
4.29339
4.29339
4.29339
4.29339
4.29339
4.29339
4.29339
3.77328
3.77328
3.77328
3.77328
3.77328
3.77328
3.77328
3.77328
3.77328
3.77328
3.32306
3.32306
3.32306
3.32306
3.32306
3.32306
3.32306
3.32306
3.32306
3.32306
2.92677
2.92677
2.92677
2.92677
2.92677
2.92677
2.92677
2.92677
2.92677
2.92677
2.57377
2.57377
2.57377
2.57377
2.57377
2.57377
2.57377
2.57377
2.57377
2.57377
2.25681
2.25681
2.25681
2.25681
2.25681
2.25681
2.25681
2.25681
2.25681
2.25681
1.97083
1.97083
1.97083
1.97083
1.97083
1.97083
1.97083
1.97083
1.97083
1.97083
1.71222
1.71222
1.71222
1.71222
1.71222
1.71222
1.71222
1.71222
1.71222
1.71222
1.47838
1.47838
1.47838
1.47838
1.47838
1.47838
1.47838
1.47838
1.47838
1.47838
1.26734
1.26734
1.26734
1.26734
1.26734
1.26734
1.26734
1.26734
1.26734
1.26734
1.07757
1.07757
1.07757
1.07757
1.07757
1.07757
1.07757
1.07757
1.07757
1.07757
0.907799
0.907799
0.907799
0.907799
0.907799
0.907799
0.907799
0.907799
0.907799
0.907799
0.75693
0.75693
0.75693
0.75693
0.75693
0.75693
0.75693
0.75693
0.75693
0.75693
0.623938
0.623938
0.623938
0.623938
0.623938
0.623938
0.623938
0.623938
0.623938
0.623938
0.507818
0.507818
0.507818
0.507818
0.507818
0.507818
0.507818
0.507818
0.507818
0.507818
0.407538
0.407538
0.407538
0.407538
0.407538
0.407538
0.407538
0.407538
0.407538
0.407538
0.322021
0.322021
0.322021
0.322021
0.322021
0.322021
0.322021
0.322021
0.322021
0.322021
0.250125
0.250125
0.250125
0.250125
0.250125
0.250125
0.250125
0.250125
0.250125
0.250125
0.190642
0.190642
0.190642
0.190642
0.190642
0.190642
0.190642
0.190642
0.190642
0.190642
0.14231
0.14231
0.14231
0.14231
0.14231
0.14231
0.14231
0.14231
0.14231
0.14231
0.103824
0.103824
0.103824
0.103824
0.103824
0.103824
0.103824
0.103824
0.103824
0.103824
0.0738656
0.0738656
0.0738656
0.0738656
0.0738656
0.0738656
0.0738656
0.0738656
0.0738656
0.0738656
0.0511269
0.0511269
0.0511269
0.0511269
0.0511269
0.0511269
0.0511269
0.0511269
0.0511269
0.0511269
0.0343471
0.0343472
0.0343472
0.0343471
0.0343472
0.0343472
0.0343472
0.0343471
0.0343472
0.0343472
0.0223454
0.0223454
0.0223454
0.0223454
0.0223454
0.0223454
0.0223454
0.0223454
0.0223454
0.0223454
0.0140509
0.0140509
0.0140509
0.0140509
0.0140509
0.0140509
0.0140509
0.0140509
0.0140509
0.0140509
0.00852885
0.00852885
0.00852885
0.00852885
0.00852885
0.00852885
0.00852885
0.00852885
0.00852885
0.00852885
0.00499643
0.00499643
0.00499643
0.00499643
0.00499643
0.00499643
0.00499643
0.00499643
0.00499643
0.00499643
0.00282898
0.00282898
0.00282898
0.00282898
0.00282898
0.00282898
0.00282898
0.00282898
0.00282898
0.00282898
0.00155374
0.00155374
0.00155374
0.00155374
0.00155374
0.00155374
0.00155374
0.00155374
0.00155374
0.00155374
0.000833011
0.000833011
0.000833013
0.000833011
0.000833011
0.000833013
0.000833011
0.000833011
0.000833012
0.000833014
0.000439931
0.000439933
0.000439932
0.000439932
0.000439933
0.000439933
0.000439932
0.000439932
0.000439933
0.000439934
0.000231383
0.000231384
0.000231383
0.000231383
0.000231384
0.000231383
0.000231383
0.000231383
0.000231383
0.000231384
0.000122558
0.000122558
0.000122558
0.000122558
0.000122558
0.000122558
0.000122558
0.000122558
0.000122558
0.000122558
6.59126e-05
6.59125e-05
6.59126e-05
6.59126e-05
6.59126e-05
6.59125e-05
6.59126e-05
6.59126e-05
6.59125e-05
6.59125e-05
3.6086e-05
3.60861e-05
3.6086e-05
3.6086e-05
3.60861e-05
3.6086e-05
3.6086e-05
3.60861e-05
3.60861e-05
3.6086e-05
2.00521e-05
2.00521e-05
2.00521e-05
2.00521e-05
2.00521e-05
2.00521e-05
2.00521e-05
2.00521e-05
2.00521e-05
2.00521e-05
1.12806e-05
1.12806e-05
1.12806e-05
1.12806e-05
1.12806e-05
1.12806e-05
1.12806e-05
1.12806e-05
1.12806e-05
1.12806e-05
6.48558e-06
6.48558e-06
6.48558e-06
6.48558e-06
6.48558e-06
6.48558e-06
6.48558e-06
6.48558e-06
6.48558e-06
6.48558e-06
3.9733e-06
3.9733e-06
3.9733e-06
3.9733e-06
3.9733e-06
3.9733e-06
3.9733e-06
3.9733e-06
3.9733e-06
3.9733e-06
2.88674e-06
2.88674e-06
2.88674e-06
2.88674e-06
2.88674e-06
2.88674e-06
2.88674e-06
2.88674e-06
2.88674e-06
2.88674e-06
65.2331
65.2331
65.2331
65.2331
65.2331
65.2331
65.2331
65.2331
65.2331
65.2331
30.2553
30.2553
30.2553
30.2553
30.2553
30.2553
30.2553
30.2553
30.2553
30.2553
17.9905
17.9905
17.9905
17.9905
17.9905
17.9905
17.9905
17.9905
17.9905
17.9905
12.6278
12.6278
12.6278
12.6278
12.6278
12.6278
12.6278
12.6278
12.6278
12.6278
9.7124
9.7124
9.7124
9.7124
9.7124
9.7124
9.7124
9.7124
9.7124
9.7124
7.88033
7.88033
7.88033
7.88033
7.88033
7.88033
7.88033
7.88033
7.88033
7.88033
6.60766
6.60766
6.60766
6.60766
6.60766
6.60766
6.60766
6.60766
6.60766
6.60766
5.65719
5.65719
5.65719
5.65719
5.65719
5.65719
5.65719
5.65719
5.65719
5.65719
4.90812
4.90812
4.90812
4.90812
4.90812
4.90812
4.90812
4.90812
4.90812
4.90812
4.29339
4.29339
4.29339
4.29339
4.29339
4.29339
4.29339
4.29339
4.29339
4.29339
3.77328
3.77328
3.77328
3.77328
3.77328
3.77328
3.77328
3.77328
3.77328
3.77328
3.32306
3.32306
3.32306
3.32306
3.32306
3.32306
3.32306
3.32306
3.32306
3.32306
2.92677
2.92677
2.92677
2.92677
2.92677
2.92677
2.92677
2.92677
2.92677
2.92677
2.57377
2.57377
2.57377
2.57377
2.57377
2.57377
2.57377
2.57377
2.57377
2.57377
2.25681
2.25681
2.25681
2.25681
2.25681
2.25681
2.25681
2.25681
2.25681
2.25681
1.97083
1.97083
1.97083
1.97083
1.97083
1.97083
1.97083
1.97083
1.97083
1.97083
1.71222
1.71222
1.71222
1.71222
1.71222
1.71222
1.71222
1.71222
1.71222
1.71222
1.47838
1.47838
1.47838
1.47838
1.47838
1.47838
1.47838
1.47838
1.47838
1.47838
1.26734
1.26734
1.26734
1.26734
1.26734
1.26734
1.26734
1.26734
1.26734
1.26734
1.07757
1.07757
1.07757
1.07757
1.07757
1.07757
1.07757
1.07757
1.07757
1.07757
0.907799
0.907799
0.907799
0.907799
0.907799
0.907799
0.907799
0.907799
0.907799
0.907799
0.75693
0.75693
0.75693
0.75693
0.75693
0.75693
0.75693
0.75693
0.75693
0.75693
0.623938
0.623938
0.623938
0.623938
0.623938
0.623938
0.623938
0.623938
0.623938
0.623938
0.507818
0.507818
0.507818
0.507818
0.507818
0.507818
0.507818
0.507818
0.507818
0.507818
0.407538
0.407538
0.407538
0.407538
0.407538
0.407538
0.407538
0.407538
0.407538
0.407538
0.322021
0.322021
0.322021
0.322021
0.322021
0.322021
0.322021
0.322021
0.322021
0.322021
0.250125
0.250125
0.250125
0.250125
0.250125
0.250125
0.250125
0.250125
0.250125
0.250125
0.190642
0.190642
0.190642
0.190642
0.190642
0.190642
0.190642
0.190642
0.190642
0.190642
0.14231
0.14231
0.14231
0.14231
0.14231
0.14231
0.14231
0.14231
0.14231
0.14231
0.103824
0.103824
0.103824
0.103824
0.103824
0.103824
0.103824
0.103824
0.103824
0.103824
0.0738657
0.0738657
0.0738657
0.0738657
0.0738657
0.0738657
0.0738657
0.0738657
0.0738657
0.0738657
0.051127
0.051127
0.0511269
0.051127
0.051127
0.0511269
0.0511269
0.0511269
0.0511269
0.0511269
0.0343472
0.0343472
0.0343472
0.0343472
0.0343472
0.0343472
0.0343472
0.0343472
0.0343472
0.0343472
0.0223454
0.0223454
0.0223454
0.0223454
0.0223454
0.0223454
0.0223454
0.0223454
0.0223454
0.0223454
0.014051
0.014051
0.014051
0.014051
0.014051
0.014051
0.0140509
0.014051
0.014051
0.0140509
0.00852886
0.00852886
0.00852886
0.00852886
0.00852886
0.00852886
0.00852886
0.00852886
0.00852886
0.00852886
0.00499643
0.00499643
0.00499643
0.00499643
0.00499643
0.00499643
0.00499643
0.00499643
0.00499643
0.00499643
0.00282897
0.00282897
0.00282897
0.00282897
0.00282897
0.00282897
0.00282897
0.00282897
0.00282897
0.00282898
0.00155373
0.00155373
0.00155374
0.00155373
0.00155373
0.00155374
0.00155373
0.00155373
0.00155373
0.00155374
0.000833012
0.000833015
0.000833012
0.000833012
0.000833014
0.000833015
0.000833013
0.000833013
0.000833015
0.000833016
0.000439907
0.000439907
0.000439908
0.000439908
0.000439907
0.000439908
0.000439909
0.000439907
0.000439908
0.000439909
0.000231372
0.000231373
0.000231372
0.000231372
0.000231373
0.000231372
0.000231372
0.000231372
0.000231373
0.000231373
0.000122552
0.000122552
0.000122553
0.000122552
0.000122552
0.000122553
0.000122552
0.000122552
0.000122552
0.000122553
6.59106e-05
6.59106e-05
6.59105e-05
6.59105e-05
6.59105e-05
6.59105e-05
6.59105e-05
6.59105e-05
6.59105e-05
6.59105e-05
3.60864e-05
3.60864e-05
3.60864e-05
3.60863e-05
3.60864e-05
3.60863e-05
3.60863e-05
3.60864e-05
3.60863e-05
3.60863e-05
2.00537e-05
2.00537e-05
2.00537e-05
2.00537e-05
2.00537e-05
2.00537e-05
2.00537e-05
2.00537e-05
2.00537e-05
2.00537e-05
1.12824e-05
1.12824e-05
1.12824e-05
1.12824e-05
1.12824e-05
1.12824e-05
1.12824e-05
1.12824e-05
1.12824e-05
1.12824e-05
6.48622e-06
6.48622e-06
6.48622e-06
6.48622e-06
6.48622e-06
6.48622e-06
6.48622e-06
6.48622e-06
6.48622e-06
6.48622e-06
3.97319e-06
3.97319e-06
3.97319e-06
3.97319e-06
3.97319e-06
3.97319e-06
3.97319e-06
3.97319e-06
3.97319e-06
3.97319e-06
2.88691e-06
2.88691e-06
2.88691e-06
2.88691e-06
2.88691e-06
2.88691e-06
2.88691e-06
2.88691e-06
2.88691e-06
2.88691e-06
65.2331
65.2331
65.2331
65.2331
65.2331
65.2331
65.2331
65.2331
65.2331
65.2331
30.2553
30.2553
30.2553
30.2553
30.2553
30.2553
30.2553
30.2553
30.2553
30.2553
17.9905
17.9905
17.9905
17.9905
17.9905
17.9905
17.9905
17.9905
17.9905
17.9905
12.6278
12.6278
12.6278
12.6278
12.6278
12.6278
12.6278
12.6278
12.6278
12.6278
9.7124
9.7124
9.7124
9.7124
9.7124
9.7124
9.7124
9.7124
9.7124
9.7124
7.88033
7.88033
7.88033
7.88033
7.88033
7.88033
7.88033
7.88033
7.88033
7.88033
6.60766
6.60766
6.60766
6.60766
6.60766
6.60766
6.60766
6.60766
6.60766
6.60766
5.65719
5.65719
5.65719
5.65719
5.65719
5.65719
5.65719
5.65719
5.65719
5.65719
4.90812
4.90812
4.90812
4.90812
4.90812
4.90812
4.90812
4.90812
4.90812
4.90812
4.29339
4.29339
4.29339
4.29339
4.29339
4.29339
4.29339
4.29339
4.29339
4.29339
3.77328
3.77328
3.77328
3.77328
3.77328
3.77328
3.77328
3.77328
3.77328
3.77328
3.32306
3.32306
3.32306
3.32306
3.32306
3.32306
3.32306
3.32306
3.32306
3.32306
2.92677
2.92677
2.92677
2.92677
2.92677
2.92677
2.92677
2.92677
2.92677
2.92677
2.57377
2.57377
2.57377
2.57377
2.57377
2.57377
2.57377
2.57377
2.57377
2.57377
2.25681
2.25681
2.25681
2.25681
2.25681
2.25681
2.25681
2.25681
2.25681
2.25681
1.97083
1.97083
1.97083
1.97083
1.97083
1.97083
1.97083
1.97083
1.97083
1.97083
1.71222
1.71222
1.71222
1.71222
1.71222
1.71222
1.71222
1.71222
1.71222
1.71222
1.47838
1.47838
1.47838
1.47838
1.47838
1.47838
1.47838
1.47838
1.47838
1.47838
1.26734
1.26734
1.26734
1.26734
1.26734
1.26734
1.26734
1.26734
1.26734
1.26734
1.07757
1.07757
1.07757
1.07757
1.07757
1.07757
1.07757
1.07757
1.07757
1.07757
0.907799
0.907799
0.907799
0.907799
0.907799
0.907799
0.907799
0.907799
0.907799
0.907799
0.75693
0.75693
0.75693
0.75693
0.75693
0.75693
0.75693
0.75693
0.75693
0.75693
0.623938
0.623938
0.623938
0.623938
0.623938
0.623938
0.623938
0.623938
0.623938
0.623938
0.507818
0.507818
0.507818
0.507818
0.507818
0.507818
0.507818
0.507818
0.507818
0.507818
0.407538
0.407538
0.407538
0.407538
0.407538
0.407538
0.407538
0.407538
0.407538
0.407538
0.322021
0.322021
0.322021
0.322021
0.322021
0.322021
0.322021
0.322021
0.322021
0.322021
0.250125
0.250125
0.250125
0.250125
0.250125
0.250125
0.250125
0.250125
0.250125
0.250125
0.190642
0.190642
0.190642
0.190642
0.190642
0.190642
0.190642
0.190642
0.190642
0.190642
0.14231
0.14231
0.14231
0.14231
0.14231
0.14231
0.14231
0.14231
0.14231
0.14231
0.103824
0.103824
0.103824
0.103824
0.103824
0.103824
0.103824
0.103824
0.103824
0.103824
0.0738656
0.0738656
0.0738655
0.0738656
0.0738656
0.0738656
0.0738656
0.0738656
0.0738656
0.0738656
0.0511269
0.0511269
0.0511269
0.0511269
0.0511269
0.0511269
0.0511269
0.0511269
0.0511269
0.0511269
0.0343472
0.0343472
0.0343472
0.0343472
0.0343472
0.0343472
0.0343472
0.0343472
0.0343472
0.0343472
0.0223454
0.0223454
0.0223454
0.0223454
0.0223454
0.0223454
0.0223454
0.0223454
0.0223454
0.0223454
0.014051
0.014051
0.014051
0.014051
0.014051
0.014051
0.014051
0.014051
0.014051
0.014051
0.00852886
0.00852886
0.00852886
0.00852886
0.00852886
0.00852886
0.00852886
0.00852886
0.00852886
0.00852885
0.00499642
0.00499642
0.00499642
0.00499642
0.00499642
0.00499642
0.00499642
0.00499642
0.00499642
0.00499642
0.00282897
0.00282897
0.00282897
0.00282897
0.00282897
0.00282897
0.00282897
0.00282897
0.00282897
0.00282897
0.00155373
0.00155373
0.00155373
0.00155373
0.00155373
0.00155373
0.00155373
0.00155373
0.00155373
0.00155373
0.000833
0.000833001
0.000833002
0.000833
0.000833001
0.000833001
0.000833004
0.000833001
0.000833002
0.000833003
0.000439909
0.00043991
0.000439909
0.000439909
0.000439909
0.000439911
0.00043991
0.00043991
0.00043991
0.000439912
0.00023137
0.00023137
0.000231371
0.00023137
0.00023137
0.000231371
0.00023137
0.00023137
0.00023137
0.000231371
0.00012255
0.00012255
0.00012255
0.00012255
0.00012255
0.00012255
0.00012255
0.00012255
0.00012255
0.00012255
6.59062e-05
6.59062e-05
6.59062e-05
6.59062e-05
6.59062e-05
6.59061e-05
6.59062e-05
6.59062e-05
6.59062e-05
6.59061e-05
3.60813e-05
3.60812e-05
3.60813e-05
3.60813e-05
3.60812e-05
3.60812e-05
3.60812e-05
3.60812e-05
3.60812e-05
3.60811e-05
2.00508e-05
2.00507e-05
2.00508e-05
2.00508e-05
2.00507e-05
2.00507e-05
2.00507e-05
2.00507e-05
2.00507e-05
2.00507e-05
1.12809e-05
1.12809e-05
1.12809e-05
1.12809e-05
1.12809e-05
1.12809e-05
1.12809e-05
1.12809e-05
1.12809e-05
1.12809e-05
6.48488e-06
6.48489e-06
6.48488e-06
6.48488e-06
6.48488e-06
6.48489e-06
6.48488e-06
6.48488e-06
6.48488e-06
6.48489e-06
3.97211e-06
3.97211e-06
3.97211e-06
3.97211e-06
3.97211e-06
3.97211e-06
3.97211e-06
3.97211e-06
3.97211e-06
3.97211e-06
2.88695e-06
2.88695e-06
2.88695e-06
2.88695e-06
2.88695e-06
2.88695e-06
2.88695e-06
2.88695e-06
2.88695e-06
2.88695e-06
65.2331
65.2331
65.2331
65.2331
65.2331
65.2331
65.2331
65.2331
65.2331
65.2331
30.2553
30.2553
30.2553
30.2553
30.2553
30.2553
30.2553
30.2553
30.2553
30.2553
17.9905
17.9905
17.9905
17.9905
17.9905
17.9905
17.9905
17.9905
17.9905
17.9905
12.6278
12.6278
12.6278
12.6278
12.6278
12.6278
12.6278
12.6278
12.6278
12.6278
9.7124
9.7124
9.7124
9.7124
9.7124
9.7124
9.7124
9.7124
9.7124
9.7124
7.88033
7.88033
7.88033
7.88033
7.88033
7.88033
7.88033
7.88033
7.88033
7.88033
6.60766
6.60766
6.60766
6.60766
6.60766
6.60766
6.60766
6.60766
6.60766
6.60766
5.65719
5.65719
5.65719
5.65719
5.65719
5.65719
5.65719
5.65719
5.65719
5.65719
4.90812
4.90812
4.90812
4.90812
4.90812
4.90812
4.90812
4.90812
4.90812
4.90812
4.29339
4.29339
4.29339
4.29339
4.29339
4.29339
4.29339
4.29339
4.29339
4.29339
3.77328
3.77328
3.77328
3.77328
3.77328
3.77328
3.77328
3.77328
3.77328
3.77328
3.32306
3.32306
3.32306
3.32306
3.32306
3.32306
3.32306
3.32306
3.32306
3.32306
2.92677
2.92677
2.92677
2.92677
2.92677
2.92677
2.92677
2.92677
2.92677
2.92677
2.57377
2.57377
2.57377
2.57377
2.57377
2.57377
2.57377
2.57377
2.57377
2.57377
2.25681
2.25681
2.25681
2.25681
2.25681
2.25681
2.25681
2.25681
2.25681
2.25681
1.97083
1.97083
1.97083
1.97083
1.97083
1.97083
1.97083
1.97083
1.97083
1.97083
1.71222
1.71222
1.71222
1.71222
1.71222
1.71222
1.71222
1.71222
1.71222
1.71222
1.47838
1.47838
1.47838
1.47838
1.47838
1.47838
1.47838
1.47838
1.47838
1.47838
1.26734
1.26734
1.26734
1.26734
1.26734
1.26734
1.26734
1.26734
1.26734
1.26734
1.07757
1.07757
1.07757
1.07757
1.07757
1.07757
1.07757
1.07757
1.07757
1.07757
0.907799
0.907799
0.907799
0.907799
0.907799
0.907799
0.907799
0.907799
0.907799
0.907799
0.75693
0.75693
0.75693
0.75693
0.75693
0.75693
0.75693
0.75693
0.75693
0.75693
0.623938
0.623938
0.623938
0.623938
0.623938
0.623938
0.623938
0.623938
0.623938
0.623938
0.507818
0.507818
0.507818
0.507818
0.507818
0.507818
0.507818
0.507818
0.507818
0.507818
0.407538
0.407538
0.407538
0.407538
0.407538
0.407538
0.407538
0.407538
0.407538
0.407538
0.322021
0.322021
0.322021
0.322021
0.322021
0.322021
0.322021
0.322021
0.322021
0.322021
0.250125
0.250125
0.250125
0.250125
0.250125
0.250125
0.250125
0.250125
0.250125
0.250125
0.190642
0.190642
0.190642
0.190642
0.190642
0.190642
0.190642
0.190642
0.190642
0.190642
0.14231
0.14231
0.14231
0.14231
0.14231
0.14231
0.14231
0.14231
0.14231
0.14231
0.103824
0.103824
0.103824
0.103824
0.103824
0.103824
0.103824
0.103824
0.103824
0.103824
0.0738658
0.0738658
0.0738657
0.0738658
0.0738658
0.0738657
0.0738658
0.0738658
0.0738657
0.0738657
0.0511269
0.0511269
0.0511269
0.0511269
0.0511269
0.0511269
0.0511269
0.0511269
0.0511269
0.0511269
0.0343472
0.0343472
0.0343472
0.0343472
0.0343472
0.0343472
0.0343472
0.0343472
0.0343472
0.0343472
0.0223454
0.0223454
0.0223454
0.0223454
0.0223454
0.0223454
0.0223454
0.0223454
0.0223454
0.0223454
0.014051
0.014051
0.014051
0.014051
0.014051
0.014051
0.014051
0.014051
0.014051
0.014051
0.00852887
0.00852887
0.00852887
0.00852886
0.00852887
0.00852887
0.00852886
0.00852887
0.00852887
0.00852886
0.00499643
0.00499643
0.00499643
0.00499643
0.00499643
0.00499643
0.00499643
0.00499643
0.00499643
0.00499643
0.00282897
0.00282898
0.00282897
0.00282897
0.00282897
0.00282898
0.00282897
0.00282898
0.00282898
0.00282898
0.00155373
0.00155374
0.00155373
0.00155373
0.00155373
0.00155374
0.00155373
0.00155374
0.00155374
0.00155374
0.000833002
0.000833004
0.000833002
0.000833002
0.000833004
0.000833005
0.000833003
0.000833003
0.000833004
0.000833006
0.0004399
0.0004399
0.000439901
0.0004399
0.0004399
0.000439901
0.0004399
0.0004399
0.0004399
0.000439902
0.00023138
0.00023138
0.00023138
0.00023138
0.00023138
0.00023138
0.00023138
0.00023138
0.00023138
0.000231381
0.000122555
0.000122555
0.000122555
0.000122555
0.000122555
0.000122555
0.000122555
0.000122555
0.000122555
0.000122555
6.59054e-05
6.59054e-05
6.59053e-05
6.59053e-05
6.59053e-05
6.59053e-05
6.59053e-05
6.59053e-05
6.59053e-05
6.59053e-05
3.60765e-05
3.60765e-05
3.60764e-05
3.60765e-05
3.60765e-05
3.60764e-05
3.60765e-05
3.60765e-05
3.60764e-05
3.60764e-05
2.00451e-05
2.00451e-05
2.00451e-05
2.0045e-05
2.00451e-05
2.00451e-05
2.0045e-05
2.00451e-05
2.00451e-05
2.00451e-05
1.1277e-05
1.1277e-05
1.1277e-05
1.1277e-05
1.1277e-05
1.1277e-05
1.1277e-05
1.1277e-05
1.1277e-05
1.1277e-05
6.4831e-06
6.4831e-06
6.4831e-06
6.4831e-06
6.4831e-06
6.4831e-06
6.4831e-06
6.4831e-06
6.4831e-06
6.4831e-06
3.97179e-06
3.97179e-06
3.97179e-06
3.97179e-06
3.97179e-06
3.97179e-06
3.97179e-06
3.97179e-06
3.97179e-06
3.97179e-06
2.88688e-06
2.88688e-06
2.88688e-06
2.88688e-06
2.88688e-06
2.88688e-06
2.88688e-06
2.88688e-06
2.88688e-06
2.88688e-06
)
;

boundaryField
{
    inlet
    {
        type            cyclic;
    }
    outlet
    {
        type            cyclic;
    }
    sideLeft
    {
        type            cyclic;
    }
    sideRight
    {
        type            cyclic;
    }
    top
    {
        type            symmetryPlane;
    }
    bottomRoughWall
    {
        Cmu             0.03;
        kappa           0.41;
        E               9.8;
        type            epsilonWallFunction;
        value           nonuniform List<scalar> 
100
(
65.2331
65.2331
65.2331
65.2331
65.2331
65.2331
65.2331
65.2331
65.2331
65.2331
65.2331
65.2331
65.2331
65.2331
65.2331
65.2331
65.2331
65.2331
65.2331
65.2331
65.2331
65.2331
65.2331
65.2331
65.2331
65.2331
65.2331
65.2331
65.2331
65.2331
65.2331
65.2331
65.2331
65.2331
65.2331
65.2331
65.2331
65.2331
65.2331
65.2331
65.2331
65.2331
65.2331
65.2331
65.2331
65.2331
65.2331
65.2331
65.2331
65.2331
65.2331
65.2331
65.2331
65.2331
65.2331
65.2331
65.2331
65.2331
65.2331
65.2331
65.2331
65.2331
65.2331
65.2331
65.2331
65.2331
65.2331
65.2331
65.2331
65.2331
65.2331
65.2331
65.2331
65.2331
65.2331
65.2331
65.2331
65.2331
65.2331
65.2331
65.2331
65.2331
65.2331
65.2331
65.2331
65.2331
65.2331
65.2331
65.2331
65.2331
65.2331
65.2331
65.2331
65.2331
65.2331
65.2331
65.2331
65.2331
65.2331
65.2331
)
;
        lowReCorrection 0;
    }
}


// ************************************************************************* //
