/*--------------------------------*- C++ -*----------------------------------*\
| =========                 |                                                 |
| \\      /  F ield         | OpenFOAM: The Open Source CFD Toolbox           |
|  \\    /   O peration     | Version:  v1806                                 |
|   \\  /    A nd           | Web:      www.OpenFOAM.com                      |
|    \\/     M anipulation  |                                                 |
\*---------------------------------------------------------------------------*/
FoamFile
{
    version     2.0;
    format      ascii;
    class       volScalarField;
    location    "350000";
    object      p;
}
// * * * * * * * * * * * * * * * * * * * * * * * * * * * * * * * * * * * * * //

dimensions      [0 2 -2 0 0 0 0];


internalField   nonuniform List<scalar> 
5000
(
9.37785e-14
-2.63194e-08
1.91301e-08
2.03403e-08
2.53079e-08
1.13121e-08
5.97771e-08
2.50794e-08
2.56413e-08
4.05863e-08
-2.75035e-10
-2.75792e-08
1.50466e-08
1.97871e-08
3.10914e-08
8.90561e-09
6.00369e-08
2.6312e-08
2.69402e-08
3.85177e-08
-3.87466e-09
-2.91845e-08
8.06882e-09
1.56797e-08
4.47505e-08
9.14355e-09
6.18331e-08
3.24721e-08
3.32157e-08
3.46958e-08
-2.1801e-09
-2.58271e-08
-1.71958e-09
3.5876e-08
4.03866e-08
1.04782e-09
5.56629e-08
4.56082e-08
3.20462e-08
2.36867e-08
1.25716e-09
-2.48816e-08
-3.22768e-08
6.91904e-08
4.31571e-08
4.91906e-09
5.06123e-08
2.87344e-08
1.88782e-08
2.80136e-08
1.9436e-08
-2.93955e-08
-1.14984e-08
7.39483e-08
3.34957e-08
1.92839e-09
5.76655e-08
2.63159e-08
3.51469e-08
3.63077e-09
2.29451e-08
-2.45618e-08
1.39091e-08
7.86924e-08
3.09759e-08
2.00952e-08
5.84139e-08
9.17223e-09
1.93677e-08
2.99891e-08
4.6496e-08
-3.44265e-08
3.01436e-08
9.47084e-08
3.68121e-08
7.55238e-10
8.47767e-08
1.65799e-08
-1.58427e-08
4.54783e-08
8.42821e-08
-2.74353e-08
5.36328e-08
1.12613e-07
2.36852e-08
-1.26128e-08
7.32146e-08
-2.69774e-08
-2.00608e-08
4.80389e-08
5.62974e-08
1.24239e-09
8.73636e-08
8.92941e-08
7.59151e-09
-1.54923e-08
5.88287e-08
-3.98309e-08
-6.19227e-08
7.25616e-08
7.23643e-08
-5.32426e-08
1.22275e-07
1.75296e-07
5.43098e-08
-8.29323e-08
2.8044e-08
-8.01677e-08
-2.9096e-08
6.00192e-08
7.67678e-08
-6.06044e-08
1.27406e-07
1.99891e-07
7.39646e-08
-1.03558e-07
4.3571e-08
-7.40413e-08
-6.1129e-08
7.43317e-08
1.48435e-07
-4.5611e-09
1.61854e-08
2.59876e-07
6.69029e-08
-2.0466e-07
4.88094e-08
1.91157e-08
-1.33803e-07
-2.59722e-09
1.58095e-07
-6.90591e-08
6.22464e-08
2.1909e-07
5.63992e-08
-2.01557e-07
6.78385e-08
2.0241e-08
-1.56074e-07
1.92262e-08
7.05128e-08
1.01356e-07
3.81909e-08
1.00622e-07
-1.06742e-08
-1.74744e-07
1.2931e-07
1.97149e-08
5.80482e-08
-9.35691e-08
1.19371e-07
-3.00386e-08
-2.93349e-08
1.23483e-07
8.90203e-08
-8.25679e-08
9.67775e-08
-2.06019e-08
-6.58135e-08
-1.33115e-07
1.63597e-07
2.24807e-09
1.02383e-07
-1.74364e-08
6.08821e-08
2.52381e-08
-5.24786e-08
6.76518e-08
4.47572e-08
-1.8617e-07
1.86143e-07
-1.65072e-07
8.04105e-08
1.34979e-07
-1.73875e-07
-7.93171e-08
1.11569e-07
1.12212e-07
-1.33774e-07
-5.58827e-08
1.44991e-07
-5.48453e-08
-1.35352e-08
1.3268e-07
-2.40916e-08
-5.86911e-08
9.09212e-08
3.30939e-08
7.606e-08
-4.67308e-08
1.61701e-07
-2.41681e-07
6.87819e-08
1.78467e-07
-2.24204e-07
8.403e-08
1.32675e-07
-1.45208e-07
7.48335e-08
-1.10293e-07
1.91318e-07
-4.55608e-08
9.45579e-09
1.96852e-08
4.08899e-08
7.09978e-08
1.47879e-08
9.50388e-08
1.11627e-07
-2.48009e-07
6.97344e-09
-4.29007e-08
-1.31575e-07
-8.43071e-08
1.11885e-07
6.15774e-08
-2.02194e-07
1.83881e-07
-3.9609e-09
-1.9905e-07
5.18659e-08
-2.98265e-07
2.07161e-07
5.33576e-08
1.1249e-07
-6.65242e-08
1.62042e-07
1.12443e-07
-1.95026e-07
2.09771e-07
-3.17324e-07
-1.52314e-07
1.05659e-07
3.96606e-08
-2.1757e-07
1.96089e-07
8.75265e-08
-3.53194e-07
-9.16085e-08
2.75788e-07
-4.25614e-08
-7.557e-08
-1.67044e-07
-2.26889e-07
2.42097e-07
1.06006e-07
-1.19541e-07
-4.68695e-08
2.18682e-08
8.69628e-08
-5.57931e-08
1.93639e-08
-5.94976e-07
2.14877e-07
3.16167e-08
6.25861e-08
-3.0417e-07
-1.31324e-07
-7.2728e-08
1.611e-08
-2.34902e-08
1.19981e-07
9.05791e-08
-1.54204e-08
-5.83862e-08
-1.12176e-07
-3.1371e-07
6.32419e-09
2.82628e-08
6.40248e-08
4.14723e-08
-7.9409e-08
5.16082e-08
1.95811e-08
-1.07134e-07
-2.93939e-07
-7.14746e-07
1.39208e-07
-3.78093e-09
6.29812e-08
-3.30186e-08
-7.85031e-08
2.72047e-07
-3.14133e-08
-1.24654e-07
-1.76988e-07
-1.09901e-07
1.41771e-08
3.48482e-08
2.94426e-09
-7.54134e-08
-7.18929e-08
8.28584e-07
-3.06845e-07
-5.54848e-08
-3.00529e-07
-2.05673e-07
-1.34434e-07
-5.64915e-08
-2.072e-08
-1.77126e-07
-2.22352e-07
3.27545e-07
-5.66208e-07
7.02392e-07
-1.34502e-07
-4.01295e-07
-4.56877e-07
6.55179e-08
1.28943e-07
1.30901e-07
-7.56491e-07
8.38664e-07
-2.77789e-07
-2.81924e-07
5.49433e-07
-1.14449e-06
-3.71898e-07
-2.80018e-07
6.80936e-07
9.0033e-07
-1.05113e-06
1.34465e-07
4.93931e-07
-4.57808e-07
3.12671e-07
-8.74193e-07
7.64074e-07
1.25183e-07
-1.99267e-07
1.00407e-06
-1.07592e-06
1.9059e-07
6.98068e-07
-7.30088e-07
6.25558e-07
-9.09091e-08
-9.91511e-08
1.44297e-06
-7.24773e-08
1.74506e-06
-4.33149e-07
-2.21192e-07
8.92913e-07
-4.85281e-07
8.30224e-07
-8.05715e-07
2.3866e-07
8.87025e-07
-9.15697e-07
1.53357e-06
-1.18021e-06
3.37391e-07
2.26411e-07
-3.32878e-07
1.24805e-06
2.34163e-07
-7.88593e-07
4.7265e-08
6.27926e-07
1.25022e-06
-1.13764e-07
-9.61065e-07
-6.02465e-07
8.65389e-07
1.77981e-06
-1.50011e-06
-3.94118e-07
1.49875e-06
-5.76938e-07
1.77368e-06
-1.45631e-06
3.37659e-07
1.03871e-06
-1.91717e-08
1.7154e-06
5.30501e-07
-1.12658e-06
-8.26934e-07
1.00002e-06
-1.81644e-06
-1.08811e-07
2.08463e-06
-2.35548e-06
9.2189e-07
8.52534e-07
-6.10787e-07
1.16416e-06
6.55539e-08
-4.4267e-07
1.31844e-06
-9.35839e-07
1.77579e-06
-5.83907e-07
2.18076e-09
2.92844e-07
1.30167e-06
1.58461e-06
-1.9987e-06
3.91423e-07
-3.2176e-06
4.15825e-07
1.98334e-06
-1.70825e-06
-2.25964e-06
1.24249e-06
3.36247e-06
-1.25156e-06
2.02002e-06
1.78495e-06
1.71003e-07
3.4188e-06
-2.56495e-06
2.20451e-06
6.02808e-07
-2.20797e-06
-1.22671e-06
2.17287e-06
4.4132e-06
-3.71427e-06
-2.68596e-06
-4.87574e-06
-4.71988e-08
4.55715e-06
-4.80769e-06
-5.73287e-07
4.59254e-06
-1.54164e-07
4.45101e-06
1.30927e-06
5.88287e-07
8.30868e-07
-2.84646e-06
2.90195e-06
2.00072e-07
-6.23384e-06
-1.33562e-06
5.57117e-06
5.60242e-06
-5.95601e-06
-4.30835e-06
-3.27872e-06
2.13514e-06
5.24412e-06
-7.15914e-06
-1.90351e-06
4.92999e-06
-2.54158e-07
3.7411e-06
-3.91359e-07
1.67323e-06
1.3565e-06
-6.09182e-06
3.92595e-06
-3.33736e-07
-4.37035e-06
9.57843e-07
5.41375e-06
2.56071e-06
-5.82052e-06
-3.50616e-06
-1.08016e-05
-8.70219e-06
-1.46086e-07
-1.20517e-07
8.32545e-06
1.10601e-05
-4.83654e-06
2.57408e-06
8.30135e-06
1.01165e-06
5.18401e-06
-1.17463e-05
2.11125e-07
4.9764e-06
-4.6402e-06
6.32371e-06
1.94222e-06
-5.87361e-06
-7.31689e-06
-4.53094e-06
4.69132e-06
-3.80866e-06
-1.1618e-05
-3.07396e-06
8.49366e-06
5.90999e-06
-1.77926e-06
-4.21971e-06
-4.18298e-06
7.81917e-08
-8.19542e-06
4.79548e-06
-2.14079e-06
-1.32894e-05
-1.87563e-06
1.15919e-05
1.54508e-06
-3.67159e-06
3.20596e-07
1.16465e-09
7.53167e-09
2.32002e-08
-1.08403e-08
1.12601e-08
7.7787e-08
2.19411e-08
2.167e-08
3.95752e-08
1.22266e-08
8.23248e-09
5.07544e-09
1.92257e-08
-1.57248e-08
1.44409e-08
7.66982e-08
2.38395e-08
2.43089e-08
3.81234e-08
9.72392e-09
1.04328e-08
7.30564e-09
1.83564e-08
-1.90747e-08
2.66989e-08
6.92896e-08
2.40835e-08
3.90408e-08
2.80849e-08
3.09186e-09
3.02377e-08
3.82912e-09
4.78674e-09
-1.18869e-08
2.184e-08
5.20675e-08
1.30822e-08
4.95579e-08
2.72598e-08
-1.35642e-08
2.786e-08
-4.23669e-09
1.13392e-08
3.67313e-09
2.74704e-08
3.97906e-08
2.42941e-08
6.45281e-08
5.23863e-08
-1.20851e-08
3.90189e-08
-1.16224e-08
-6.10156e-09
-1.40556e-09
4.11323e-08
3.50967e-08
2.42899e-08
6.15604e-08
4.22235e-08
2.82859e-08
4.46146e-08
-1.31717e-08
-7.32261e-09
7.63792e-09
5.97211e-08
2.70021e-08
1.59388e-08
7.4218e-08
7.03714e-08
2.59129e-08
5.54079e-08
-5.94286e-08
-2.16657e-08
-9.1541e-09
3.56301e-08
1.05139e-08
5.48921e-08
7.35683e-08
9.04557e-08
1.30466e-08
6.78241e-08
-6.89005e-08
-2.67186e-08
1.11969e-08
-1.13024e-08
5.32522e-08
6.81618e-08
9.38604e-08
1.23243e-07
-2.54939e-09
8.51991e-08
-3.61179e-08
-1.56347e-08
1.87657e-09
-4.12271e-08
9.20685e-08
9.04749e-08
6.42089e-08
1.30879e-07
-3.59143e-08
9.70471e-08
-8.49672e-08
3.50004e-08
2.35366e-08
-5.89062e-08
8.91877e-08
1.88534e-08
5.38513e-08
1.52789e-07
-8.45639e-09
1.12098e-07
-6.13541e-08
9.29804e-08
8.7259e-08
-8.68688e-08
1.57063e-08
3.87913e-08
5.50962e-08
1.34068e-07
6.54188e-08
1.35118e-07
-5.47288e-08
-2.22956e-08
7.62251e-08
-8.47675e-08
-1.00085e-07
3.70118e-08
2.29232e-08
1.55323e-07
1.05054e-07
1.75587e-07
3.64756e-08
5.15081e-09
1.31262e-07
-1.95753e-08
-1.9681e-07
3.71994e-08
8.92067e-08
5.04186e-08
7.8634e-08
2.09871e-07
8.12117e-08
-1.25759e-07
1.58021e-07
5.33544e-08
-2.13462e-07
1.00114e-07
1.88964e-07
9.81083e-08
-7.06743e-08
2.62457e-07
1.25553e-07
-1.12785e-07
2.06269e-07
1.10864e-07
-2.01159e-07
-3.09652e-08
2.19779e-07
1.69862e-07
-9.47168e-08
2.19003e-07
7.73482e-08
-4.61891e-08
-3.41489e-08
1.42438e-07
-1.31368e-08
-6.43356e-08
2.6596e-07
1.31933e-07
3.74342e-08
2.31837e-07
-6.81471e-08
-9.35435e-08
8.48908e-08
-1.38133e-08
-1.48018e-08
1.14036e-07
1.837e-07
-4.14932e-08
1.48652e-07
1.34946e-07
6.83107e-08
-7.71349e-08
-6.56127e-08
1.14012e-07
1.83223e-07
-1.22571e-08
1.24999e-07
2.13908e-07
-5.18029e-08
2.2958e-07
-1.93201e-07
6.46868e-08
-5.93059e-09
-6.37745e-08
1.606e-07
5.18742e-09
3.40533e-09
2.09654e-07
6.16199e-08
1.6918e-07
-4.31048e-08
-1.02099e-07
-2.3803e-07
1.62568e-07
2.99218e-08
-2.01732e-07
2.57381e-07
9.21875e-08
1.57742e-08
2.15408e-07
-6.86766e-08
-1.51541e-07
3.1623e-08
2.96172e-08
-3.42604e-07
1.45134e-07
1.56032e-07
-8.4941e-08
2.18825e-09
5.12868e-08
-1.58792e-08
-2.52233e-07
-1.83299e-07
-1.826e-08
-2.3787e-07
-5.76077e-09
2.26969e-07
-2.06126e-07
1.30127e-07
4.86368e-07
-2.69502e-07
-8.52629e-08
-2.78338e-08
-2.87702e-07
-3.93985e-08
1.13692e-08
-2.24859e-08
-7.13233e-08
4.05057e-08
7.6925e-09
-1.83236e-07
-1.08631e-08
-2.88299e-08
-4.8399e-07
1.59459e-07
2.10111e-08
-1.86654e-07
4.45138e-08
2.05174e-07
2.07385e-07
-3.48448e-07
1.51842e-07
1.30865e-07
-5.82153e-07
4.12128e-07
4.83645e-08
-5.24467e-07
-4.20174e-08
5.1504e-07
-3.11811e-07
-9.79889e-08
-1.93474e-08
-1.59533e-07
-2.87912e-07
8.76135e-07
-4.77768e-07
-2.52436e-07
6.22547e-07
-6.26646e-08
7.90094e-08
-1.64514e-08
-4.01229e-08
1.74677e-07
-6.91906e-07
5.53184e-07
-1.01808e-07
4.40711e-08
7.9181e-08
4.55325e-08
-8.23571e-08
1.41578e-07
-7.19609e-07
3.76926e-07
-1.58479e-07
3.75049e-07
-5.20097e-08
-3.53041e-08
8.50432e-08
9.65492e-08
-3.91569e-07
-1.07835e-07
2.65137e-08
1.66366e-07
-7.21876e-08
3.20792e-07
7.36245e-08
1.2759e-08
-3.34532e-08
5.64935e-07
-5.07693e-07
-2.57508e-07
-7.09026e-08
-1.3241e-07
2.06498e-07
1.89118e-07
-1.87818e-07
-1.65896e-08
-5.15006e-07
7.55495e-07
2.24368e-07
-3.80779e-07
-1.87391e-07
-1.37286e-07
5.85065e-07
4.89946e-07
5.44379e-07
9.34737e-07
-4.17663e-07
-3.50176e-08
5.65775e-07
-2.20088e-07
-2.62514e-07
6.24096e-07
2.32086e-07
-1.97999e-07
-5.38828e-07
-5.60094e-09
1.77348e-07
-5.13875e-07
1.30202e-06
-1.37535e-07
-4.07535e-07
1.11359e-06
-3.36164e-07
6.16008e-08
7.34268e-07
-6.23574e-07
4.87731e-07
-2.79834e-07
7.54161e-07
6.86746e-07
-7.74581e-07
5.68799e-07
3.80415e-07
-4.22568e-07
9.04022e-08
2.20362e-07
-3.80104e-07
-9.06128e-07
1.18554e-06
2.90324e-07
-7.39895e-07
-1.11963e-06
1.19417e-07
1.0129e-06
-9.26234e-07
9.81226e-08
4.07121e-07
-5.29957e-07
1.68445e-06
-1.23748e-06
-3.32641e-08
5.75982e-08
-7.18019e-07
9.32971e-07
-7.96238e-08
-8.22228e-07
-6.15552e-07
5.15837e-07
1.173e-06
8.51357e-09
-1.32667e-06
-1.66362e-06
5.90452e-07
1.8718e-06
-1.18128e-06
5.40539e-07
3.88643e-07
-7.86055e-07
1.12264e-06
-2.08171e-06
2.95353e-07
-1.05796e-06
-7.41334e-07
-1.27335e-06
3.01848e-07
2.0564e-06
-2.34784e-06
2.61803e-07
-1.70697e-06
1.35371e-06
2.15119e-06
-2.8965e-06
1.39316e-06
2.88203e-06
-1.1737e-06
1.28146e-06
5.5836e-07
-1.71529e-06
5.00688e-07
-1.19265e-06
-1.76958e-06
1.2054e-06
2.50815e-06
-2.28969e-06
1.24679e-06
8.78463e-07
-1.34224e-06
1.3454e-06
-2.50813e-06
2.23221e-06
8.82695e-07
-1.37804e-06
-4.47966e-06
-7.56599e-07
2.17915e-06
-2.67625e-06
2.30919e-06
7.31528e-07
1.75254e-06
3.60935e-06
-4.0447e-06
1.86411e-06
5.44077e-07
-4.81925e-06
-5.4311e-06
8.5688e-07
5.70877e-06
-3.67887e-06
-2.0636e-06
-4.27117e-06
-1.15493e-07
3.3102e-06
-4.48146e-07
-2.54145e-06
-1.03259e-06
-2.25911e-06
3.32499e-06
2.51203e-07
-1.9772e-06
9.79388e-07
-4.07021e-06
3.34726e-06
-4.93992e-07
-6.97423e-06
-5.01764e-07
7.00115e-06
4.50876e-06
-6.81204e-06
8.40685e-06
-5.53919e-06
1.01879e-06
5.36426e-06
-1.36599e-05
-4.36142e-06
1.14796e-05
9.4326e-06
-4.30189e-06
4.17899e-06
5.06225e-06
3.80072e-06
-8.75641e-06
-2.91473e-06
-3.24859e-06
-5.90395e-06
6.30384e-06
2.28904e-07
-8.16181e-06
-2.86883e-06
-4.63953e-06
5.18237e-06
-4.68291e-07
-5.31592e-06
-9.89886e-06
2.02731e-07
9.08104e-06
-7.97207e-06
1.20053e-07
5.47661e-06
-1.91814e-07
8.9604e-06
-1.11062e-05
-8.36871e-07
1.44252e-06
-4.11152e-06
-5.92003e-06
1.31736e-06
5.16549e-06
-1.07083e-05
-1.10044e-05
2.89426e-06
8.51618e-06
-1.14955e-05
-2.81145e-06
4.30281e-07
-3.79948e-06
-5.92816e-06
2.08412e-06
3.7618e-06
-1.67289e-08
3.35467e-08
-2.62354e-08
-1.12851e-08
-1.77025e-08
2.58804e-08
-3.12553e-08
-5.10837e-08
3.99031e-08
4.10802e-08
-1.91205e-08
3.30997e-08
-2.81488e-08
-7.7337e-09
-2.26901e-08
2.48242e-08
-3.12961e-08
-5.13419e-08
3.97575e-08
3.98593e-08
-2.74761e-08
5.00821e-08
-3.01931e-08
5.92344e-09
-2.28305e-08
1.84794e-08
-3.63594e-08
-4.44682e-08
3.59064e-08
3.90252e-08
-2.11503e-08
4.79527e-08
-5.22906e-08
8.48927e-09
-1.52094e-08
2.16598e-08
-3.76956e-08
-3.75354e-08
2.56789e-08
3.66465e-08
-1.58115e-08
5.64917e-08
-4.3581e-08
1.72893e-08
-1.47422e-08
5.78203e-09
-2.54639e-08
-3.39873e-08
2.58951e-08
2.97196e-08
-2.56419e-08
7.08529e-08
-6.29868e-08
3.26879e-08
-1.01326e-08
1.0008e-08
-2.87788e-08
-4.09216e-08
1.65765e-08
6.79092e-08
-4.68165e-08
9.28263e-08
-5.13357e-08
1.3739e-08
-2.59638e-08
7.25717e-09
-2.50114e-08
-4.99526e-08
1.70912e-08
5.2983e-08
-7.03868e-08
8.51755e-08
-4.42129e-08
-7.72925e-09
-5.19572e-08
7.01529e-08
-1.17191e-08
-6.41133e-08
8.59566e-09
6.33651e-08
-5.11703e-08
7.26013e-08
-4.95567e-08
-2.0326e-08
-6.0384e-08
7.84993e-08
-5.24324e-10
-5.7931e-08
-5.80627e-09
3.98486e-08
2.85638e-08
3.22572e-08
-1.24423e-07
1.59425e-08
-4.94456e-08
1.04736e-07
-1.00753e-08
-3.93947e-08
-1.88812e-08
2.87038e-08
6.9727e-09
1.38997e-08
-8.56494e-08
-2.20453e-08
-9.62602e-08
4.95446e-08
4.1742e-08
-1.8392e-08
-6.61869e-08
9.3662e-08
3.43938e-08
-8.34493e-08
-4.4401e-08
-4.63878e-08
-1.91183e-07
1.78158e-08
1.33322e-07
-3.13385e-08
-5.06237e-08
7.01847e-08
1.64058e-08
-1.2431e-07
-2.91558e-08
7.57906e-09
-2.05387e-07
1.50332e-08
1.18293e-07
-4.80745e-08
1.53736e-08
8.32131e-08
-2.99723e-08
-1.67167e-08
-2.73721e-08
-4.90866e-08
-1.66205e-07
-5.08245e-08
1.40643e-07
-9.07494e-08
2.359e-08
9.63101e-08
1.61705e-08
-5.21466e-08
-2.10857e-07
-1.85746e-08
-5.89838e-08
-2.06944e-07
1.06149e-07
-4.47696e-09
-4.60507e-08
2.28483e-08
8.17569e-08
8.14962e-09
-1.66478e-07
7.65925e-09
-9.89891e-08
-2.34086e-07
8.98597e-08
8.48867e-08
3.03974e-08
-7.37745e-08
-5.80479e-08
-1.24851e-08
-1.67468e-07
4.03664e-08
-9.67093e-08
-1.85634e-07
1.15181e-07
-2.04634e-08
-1.1201e-08
3.53902e-08
-3.82606e-08
6.1464e-08
1.78478e-08
-1.47083e-07
5.2819e-08
-1.41192e-08
-6.32809e-08
-2.56457e-08
1.42767e-07
-3.23537e-09
5.31542e-08
1.24501e-08
-1.02577e-07
-4.27394e-08
9.71517e-08
-5.47089e-08
-9.4292e-11
8.2381e-08
-1.31682e-08
7.99392e-08
-5.75695e-10
1.19077e-08
1.96107e-08
-7.22744e-08
1.7876e-08
-3.02668e-08
-8.5488e-08
2.61234e-07
-4.41726e-08
1.63348e-07
-1.21879e-08
5.91552e-08
-4.74534e-08
-2.3858e-08
-1.60508e-08
-1.07065e-07
3.52817e-08
1.43242e-07
-9.32055e-08
2.68829e-07
1.81938e-07
4.48764e-08
3.39095e-08
2.44212e-08
-2.37068e-09
-2.27058e-07
1.50492e-07
2.85869e-07
2.86366e-08
2.23908e-07
2.11485e-07
7.92651e-09
1.31297e-08
-5.11477e-09
-3.12371e-07
7.11529e-08
1.38106e-07
-7.47555e-08
-7.25175e-09
3.50452e-07
3.19268e-07
1.23715e-07
-1.98665e-07
-1.59366e-07
1.25842e-07
-2.64607e-07
-1.09062e-07
4.88779e-07
-2.51637e-07
8.29528e-08
1.66561e-07
-4.2311e-08
-7.04185e-08
6.36754e-08
-1.42999e-07
-2.14895e-08
-2.43818e-07
2.68413e-07
-7.48806e-08
3.79999e-07
9.16303e-08
6.02253e-09
6.68388e-08
1.18583e-07
1.8109e-10
-2.08778e-07
3.75638e-07
2.63979e-07
-2.65539e-07
4.77119e-07
-2.18589e-07
-2.66283e-07
3.52592e-07
4.23112e-07
-4.08033e-07
3.573e-07
4.13674e-07
-3.43483e-07
4.00054e-07
2.7419e-07
1.68085e-07
3.7683e-07
-3.79093e-07
4.44468e-07
-1.03146e-07
2.10458e-07
-5.61912e-08
6.26187e-08
4.9853e-07
-5.97777e-07
-1.18153e-08
2.2773e-08
-4.93429e-08
3.14648e-07
-1.5977e-07
1.36057e-07
9.33432e-08
4.61815e-08
6.98229e-08
1.24218e-07
-1.62979e-07
-1.64689e-09
-1.09439e-08
3.03083e-07
1.58291e-07
4.75016e-08
4.67412e-08
1.39434e-07
-2.24549e-07
4.34309e-07
1.05756e-07
-1.73793e-07
1.56102e-07
6.20223e-07
1.35026e-08
2.52802e-07
9.25099e-08
-8.09848e-08
-1.86975e-07
1.74439e-07
3.16735e-07
3.27942e-07
9.49776e-08
3.2929e-07
-7.83739e-09
1.88252e-07
7.85574e-08
3.97939e-07
3.20244e-07
-9.67205e-08
-1.98282e-07
-4.97976e-07
1.26986e-07
1.02362e-06
-2.88859e-08
4.8469e-07
1.73611e-07
-8.09518e-07
-8.31009e-09
5.17291e-08
1.93459e-07
8.50747e-07
-4.03309e-07
1.42102e-06
5.74472e-07
9.81862e-07
-5.69229e-08
-3.8616e-07
-4.32284e-07
-5.65738e-07
-1.32946e-06
1.41062e-06
5.8044e-07
3.09374e-07
7.22879e-07
6.75591e-07
-8.12453e-07
3.52615e-08
2.00143e-07
-1.65431e-07
1.03156e-06
-4.02361e-07
6.361e-07
7.26422e-07
-3.9248e-07
1.08957e-06
1.95081e-07
-5.93409e-07
-8.63093e-07
3.82505e-07
1.01771e-06
4.84145e-08
-5.44029e-07
-9.00277e-07
6.52214e-07
1.69062e-06
-1.30407e-06
8.0586e-07
-8.8908e-08
-3.53914e-07
1.78954e-06
-1.20509e-06
9.74907e-07
6.10049e-09
-7.2207e-07
1.61947e-06
4.29124e-07
-9.81488e-07
-1.2891e-06
9.6614e-07
-8.41489e-07
1.8781e-07
1.9025e-06
-3.09731e-06
-9.39139e-07
1.74628e-06
-1.32261e-06
6.9064e-07
-2.18926e-07
-1.72548e-07
-2.38521e-07
-1.24446e-06
1.77811e-06
-1.799e-06
-1.62519e-06
1.09294e-06
2.01766e-06
1.07045e-06
-2.27441e-06
1.22278e-06
-2.80497e-06
2.04755e-06
3.7184e-06
-1.42747e-06
-1.42559e-06
1.99233e-06
3.18389e-06
-1.87218e-06
1.53518e-06
2.41391e-06
1.05607e-08
3.72469e-06
-2.25357e-06
1.41584e-06
1.77623e-06
-2.48979e-06
-2.05466e-06
8.56448e-07
2.93655e-06
-4.15841e-06
-2.57847e-06
-6.33454e-07
2.41077e-06
4.0987e-06
-4.21155e-06
5.20858e-07
2.09957e-06
-2.39936e-06
3.14156e-06
8.13879e-07
-2.26859e-08
2.85084e-06
-3.13459e-06
-3.46022e-06
-1.25093e-06
2.14746e-06
-4.89252e-06
-5.14508e-08
3.19193e-06
-5.62277e-07
-3.31291e-06
-5.55157e-06
5.91198e-07
6.28933e-06
-7.22135e-06
-1.09432e-06
3.49549e-06
-1.77627e-06
3.15882e-06
2.70319e-06
1.16292e-05
8.16442e-07
-7.64263e-06
1.06353e-05
-6.60005e-06
-9.06296e-06
2.57797e-06
1.15969e-05
-4.27009e-06
-5.22821e-06
-2.82909e-06
-5.15708e-06
4.00231e-07
6.30542e-06
-7.98254e-06
9.92148e-07
1.05573e-05
-6.11746e-06
1.2307e-07
9.95524e-07
3.91736e-06
7.3488e-06
-9.35944e-06
3.12915e-06
5.46471e-06
-6.81583e-06
5.92422e-06
1.52787e-06
-7.57312e-06
-6.89405e-06
-6.32945e-06
5.04333e-06
-5.38524e-07
-3.78274e-06
-1.11337e-06
4.332e-06
7.69296e-06
-7.56836e-06
1.63213e-06
2.33134e-06
4.01863e-06
-5.23582e-06
5.11564e-06
5.70491e-06
-1.08258e-05
1.55827e-08
4.55513e-06
4.70097e-06
-8.20961e-06
2.96468e-06
-5.31641e-08
1.24765e-08
-3.07145e-08
-8.21307e-09
1.1784e-08
6.95757e-09
2.73602e-09
-1.4783e-08
5.30241e-08
6.13622e-09
-5.63993e-08
2.27001e-08
-2.5446e-08
-7.10796e-09
1.10679e-08
8.6161e-09
3.57703e-09
-1.58006e-08
5.38394e-08
1.10586e-08
-5.79013e-08
1.75125e-08
-2.98997e-08
7.37348e-09
6.85855e-09
4.74053e-09
-3.61645e-09
-8.80077e-09
4.29467e-08
8.22454e-09
-3.85901e-08
2.19195e-08
-3.0042e-08
2.40297e-08
2.20626e-08
5.51168e-09
9.22245e-09
9.81333e-09
1.64011e-08
6.98307e-09
-3.03178e-08
2.77214e-08
-4.80394e-08
4.54973e-08
3.27907e-08
-1.177e-08
1.43387e-08
1.08211e-08
4.89226e-09
3.38097e-09
-4.04017e-08
2.52322e-08
-3.61587e-08
4.68375e-08
2.38839e-08
-8.17531e-09
1.37908e-08
1.42701e-08
3.16897e-08
-2.9104e-08
-3.81077e-08
3.13751e-08
-4.73152e-08
4.51895e-08
4.16283e-08
1.45324e-08
-4.08967e-08
1.62752e-08
3.23327e-08
-1.55454e-08
-2.35622e-08
5.45546e-08
-4.45308e-08
3.99502e-08
6.64669e-08
6.04479e-08
-9.7525e-08
-5.38759e-09
4.88589e-08
8.16832e-10
-5.56642e-08
6.07082e-08
-4.41783e-08
2.38974e-09
7.52108e-08
7.65365e-08
-1.33217e-07
-3.51273e-08
4.78362e-08
1.95307e-08
-1.45692e-08
1.78172e-08
-8.1858e-08
6.61653e-08
6.27102e-08
7.05153e-08
-1.45568e-07
-6.01647e-08
-1.20617e-08
5.9012e-08
-4.5377e-08
7.7605e-09
-2.59976e-08
4.14746e-08
1.55451e-08
5.35209e-08
-7.88484e-08
-4.65742e-08
6.08767e-09
6.12462e-08
-8.91117e-08
-2.93766e-08
-1.53694e-09
-9.37623e-09
1.90284e-08
8.41024e-08
-4.52483e-08
-6.6651e-08
-3.4245e-08
3.71172e-08
-5.87648e-08
-1.23036e-07
1.22909e-07
5.97567e-08
-8.71575e-08
1.61222e-07
2.33361e-08
-5.03076e-08
-4.68327e-08
6.22737e-08
1.43049e-08
-1.89967e-07
1.16117e-07
3.4955e-08
-5.51429e-08
1.04131e-07
3.88391e-09
-1.61148e-08
-5.67219e-08
6.06906e-08
5.60517e-08
-2.20269e-07
1.90173e-07
6.45046e-08
-7.8729e-08
9.92788e-08
2.06239e-08
1.0657e-08
-1.57357e-07
7.68234e-08
7.12973e-08
-2.05075e-07
1.66137e-07
8.78177e-08
-1.33987e-07
8.9094e-08
4.90228e-10
5.22797e-08
-1.94725e-07
3.015e-08
1.01031e-07
-3.05482e-08
1.19158e-07
3.46762e-08
3.56407e-08
5.15923e-08
-4.83419e-08
8.14395e-08
-1.47893e-08
-1.75372e-07
3.39766e-09
9.00638e-09
8.72116e-08
-1.0005e-07
1.09437e-07
-1.22172e-08
-1.60172e-07
9.15325e-08
-2.50909e-08
-6.22748e-08
1.10995e-07
-1.67743e-09
8.34035e-08
1.3299e-07
5.69219e-08
-2.0682e-07
-5.2257e-08
1.31799e-07
-6.97747e-09
-1.33136e-07
7.25178e-08
-6.84942e-08
9.24272e-08
2.01927e-08
-4.11507e-08
-3.11042e-08
-7.61537e-08
2.0298e-07
-1.09024e-07
-8.42885e-08
2.6234e-07
3.24623e-08
9.75012e-08
8.51736e-08
4.12748e-08
4.90153e-08
1.52785e-08
1.93921e-07
1.11635e-07
-1.89219e-07
1.59692e-07
-9.32978e-08
1.38701e-07
3.04281e-08
-1.15706e-07
6.69088e-08
2.66402e-08
1.77711e-07
5.26206e-08
-4.24937e-08
2.19085e-07
-2.17678e-07
4.2384e-07
1.68367e-07
-2.81539e-07
3.24721e-07
1.53044e-07
2.26573e-07
1.63578e-07
2.95343e-08
1.26893e-07
-6.27631e-08
9.56709e-08
2.093e-08
-8.37511e-08
4.58484e-08
7.2115e-08
3.37421e-07
9.84042e-09
1.75024e-08
4.79203e-07
6.29275e-08
-9.10191e-10
1.36823e-07
3.38981e-09
-1.43923e-07
-1.14034e-07
5.65825e-07
1.93324e-08
8.57434e-08
-1.87266e-08
1.08553e-08
5.3323e-08
1.05453e-07
-1.00884e-07
-1.00547e-07
3.43432e-07
4.81393e-07
-1.02079e-07
-9.37108e-08
-8.8106e-08
2.27936e-07
1.85518e-07
1.16736e-07
-7.58851e-09
-5.29786e-07
3.17672e-07
2.54857e-08
1.88408e-07
-2.03963e-08
-5.42763e-07
3.54509e-07
4.00526e-07
-2.29695e-08
-1.75417e-07
-2.56869e-07
4.40359e-07
-5.74277e-07
2.73567e-07
1.63727e-07
3.18965e-07
4.54064e-07
1.09029e-07
-8.62646e-08
3.99713e-07
-9.10858e-07
1.54789e-07
7.5335e-08
-4.21308e-07
5.76742e-08
-2.69889e-07
6.24783e-07
4.82307e-07
-5.18807e-07
5.09977e-07
1.0218e-07
-6.68293e-07
2.10393e-07
2.10415e-07
-6.38987e-07
3.00676e-07
4.95099e-07
9.82689e-08
-7.70131e-08
3.12501e-07
8.96132e-08
-5.35273e-07
1.6285e-07
2.16102e-07
-4.22901e-07
4.88305e-07
1.37364e-07
7.82545e-07
7.06594e-07
2.45369e-07
-6.57987e-07
-9.91096e-07
-3.53144e-07
-1.68253e-07
-1.56302e-07
5.69812e-07
5.48337e-07
-5.35607e-07
2.92832e-07
8.10454e-07
-3.23146e-07
-3.06751e-07
3.20898e-07
1.80164e-07
-3.68538e-07
-4.12347e-07
1.9592e-06
-9.04366e-07
-4.41047e-07
1.81122e-06
-2.55638e-07
-1.58336e-07
7.56051e-07
-6.19562e-07
2.10847e-08
2.88753e-07
9.70961e-08
-9.52731e-07
9.66349e-08
1.34551e-06
-4.86163e-07
-1.14114e-07
7.29051e-07
-1.02495e-06
7.73568e-08
8.72792e-07
2.99764e-07
-3.77085e-07
-7.24536e-07
4.88223e-07
9.72052e-07
-1.11861e-06
8.28758e-07
-4.06638e-07
-5.03377e-07
1.82835e-06
-1.12557e-06
4.62302e-07
-5.09416e-07
-8.32997e-07
7.5958e-07
-6.45972e-07
-1.45103e-07
-1.47293e-06
8.19046e-08
1.30749e-06
2.58442e-07
-6.95583e-07
-2.46361e-06
-1.15003e-07
1.70164e-06
-1.42052e-06
6.34786e-07
8.2652e-07
-7.1227e-07
2.05643e-06
-6.81633e-07
1.17406e-06
-2.10718e-07
-1.68905e-06
-1.23713e-06
3.82582e-07
1.84301e-06
-2.34868e-06
6.49429e-07
-1.84681e-06
1.72188e-07
1.77944e-06
-2.85129e-06
-1.74919e-06
3.22209e-07
-1.17512e-06
1.136e-06
-2.41269e-07
-6.76944e-07
-8.99899e-08
-3.09487e-06
-8.93694e-07
2.51e-06
3.67085e-07
-2.10673e-06
1.41656e-06
1.15881e-06
-1.63972e-06
1.81799e-06
-3.26172e-06
1.66778e-06
1.21572e-06
-1.25159e-06
-4.53179e-06
3.94303e-07
2.01967e-06
-2.23665e-06
1.60947e-06
9.70702e-07
-9.50616e-07
1.13172e-06
-1.86661e-06
3.62041e-06
5.03036e-07
-3.33986e-06
-4.82135e-06
-2.37725e-07
3.22663e-06
1.0193e-06
2.92862e-06
-3.70211e-06
1.76898e-06
7.1696e-06
-1.01551e-05
-8.99257e-08
4.31526e-06
-2.72354e-06
-1.39056e-06
1.78042e-06
2.60329e-06
3.21109e-06
-3.72002e-06
5.69676e-06
1.58886e-06
-5.02841e-06
-1.29845e-06
4.72968e-06
4.29133e-06
-6.50624e-06
4.44106e-06
3.67415e-06
-8.01888e-06
6.8206e-06
-7.30198e-07
-1.00658e-05
-1.79661e-06
6.65272e-06
8.17499e-07
-1.03841e-05
1.86742e-06
9.19655e-06
-4.41812e-06
5.58648e-06
3.41217e-06
-4.40791e-06
7.09875e-06
3.96482e-06
-4.84875e-06
-7.12687e-06
-4.88788e-06
7.63953e-06
7.26969e-07
-2.54194e-06
-5.91994e-07
2.42528e-06
6.56313e-06
-8.42676e-06
5.63394e-07
-1.08339e-07
1.0668e-06
9.25336e-06
-8.24285e-06
5.99228e-06
1.57199e-05
-2.07e-06
-4.55007e-06
3.6161e-06
7.11341e-06
-9.30738e-06
1.13105e-06
1.14117e-05
-6.4434e-07
-1.66742e-06
2.28072e-06
1.39473e-06
2.08567e-06
-1.1802e-06
-6.10642e-07
2.11132e-07
2.8142e-08
5.17899e-08
3.32269e-09
-4.24749e-08
8.30858e-08
-5.78134e-09
5.80145e-08
5.30237e-08
-2.69712e-08
-3.90901e-08
3.2363e-08
5.34172e-08
2.99675e-09
-4.55614e-08
8.79895e-08
-4.99372e-09
6.58823e-08
5.46134e-08
-3.22703e-08
-3.63389e-08
5.2986e-08
4.93038e-08
-3.58917e-09
-4.17845e-08
7.61693e-08
-3.77626e-09
7.57736e-08
5.34876e-08
-4.3901e-08
-4.45603e-08
6.38454e-08
3.95441e-08
-1.81551e-08
-1.03656e-08
7.10078e-08
-1.68723e-08
9.32162e-08
5.11596e-08
-5.73648e-08
-3.91335e-08
7.34685e-08
2.41882e-08
-4.14604e-08
3.83984e-09
4.9087e-08
-3.11267e-08
1.18654e-07
5.63115e-08
-5.77585e-08
-2.73596e-08
6.68481e-08
-1.01185e-11
-3.99721e-08
1.78364e-08
2.67069e-08
-2.15948e-08
1.14811e-07
5.36815e-08
-3.85419e-08
-7.77003e-08
6.17644e-08
-9.22685e-09
-4.19025e-08
2.17762e-08
6.5025e-10
-6.15854e-08
1.27267e-07
6.41812e-08
-1.92723e-08
-8.85405e-08
6.08576e-08
-6.04035e-09
-5.4435e-08
4.74952e-08
-9.84898e-10
-5.22644e-08
1.00285e-07
4.76373e-08
-1.05315e-09
-6.9668e-08
4.71529e-08
1.6471e-09
-5.58259e-08
6.59208e-08
-1.69922e-08
-3.59588e-08
1.07133e-07
3.77515e-08
1.55657e-08
-6.16061e-08
-5.91908e-09
-5.66652e-08
3.67718e-08
4.56386e-08
-3.9432e-08
-3.93942e-08
1.39681e-07
1.4711e-08
5.59051e-08
1.40852e-08
-9.02075e-09
-8.7754e-08
8.1472e-08
7.15983e-09
-1.37056e-08
1.18544e-08
1.02442e-07
2.88834e-08
4.42367e-08
1.72621e-09
1.65085e-08
-8.03978e-08
6.72435e-08
1.32972e-08
4.97151e-08
1.09108e-07
9.80053e-08
-1.39932e-08
4.75522e-08
4.24547e-08
2.56159e-08
-8.35275e-08
1.14073e-07
-3.34392e-08
4.87038e-09
8.74962e-08
5.88794e-08
4.02561e-08
8.57339e-09
5.10519e-08
5.869e-08
-1.06379e-07
1.58646e-07
-3.24112e-08
5.93713e-09
1.24764e-07
5.91301e-08
6.48652e-08
-3.60312e-08
3.35468e-08
5.7293e-08
-1.95766e-07
2.15593e-07
-3.68788e-08
2.55866e-08
1.31074e-07
1.41892e-07
6.7094e-08
-1.46248e-07
1.66778e-07
2.81184e-08
-1.92327e-07
2.0087e-07
-6.43119e-08
-4.09376e-08
1.67595e-07
1.79399e-07
1.83014e-08
-1.73188e-07
1.82135e-07
3.89267e-08
-4.27463e-08
7.69356e-08
-1.54359e-07
1.27476e-07
8.54868e-08
1.30354e-07
4.06553e-08
-8.73493e-08
8.39466e-08
2.38126e-08
6.65125e-08
-1.12764e-07
3.83243e-08
1.08411e-07
-7.48452e-08
1.43657e-07
3.89424e-08
-4.48844e-08
3.03906e-08
3.43163e-08
-3.42115e-08
-4.59178e-08
-6.99406e-08
-4.16338e-08
1.68222e-07
1.91958e-08
-3.92968e-09
-1.02465e-07
-9.80856e-08
-7.08502e-08
6.16384e-08
4.96428e-08
-2.07217e-07
9.40838e-08
9.11918e-08
9.73848e-08
-1.75469e-07
7.77342e-08
2.63541e-09
7.29453e-08
-5.91708e-08
-1.09364e-07
-1.79681e-07
-1.86663e-11
2.84787e-08
-2.13381e-09
-5.46987e-08
2.8676e-08
-3.46886e-07
2.46677e-08
-1.30963e-07
3.11616e-08
-8.76138e-08
-4.28765e-08
9.31356e-08
1.89072e-07
-7.96877e-08
1.56125e-08
-1.08311e-07
-5.91405e-08
-6.07781e-08
1.0009e-07
-1.03739e-07
-6.00822e-09
1.1331e-07
5.63669e-08
1.54456e-07
-6.00036e-08
-3.24534e-07
-4.9619e-08
-1.99203e-07
3.70569e-07
-9.23697e-08
-1.20781e-07
3.91604e-07
3.1914e-07
-2.01094e-07
2.9236e-07
3.07157e-08
2.21833e-07
-2.84104e-07
-7.72513e-08
3.70684e-07
1.50717e-07
5.59086e-09
2.51549e-07
1.16462e-07
-1.95796e-07
-4.43896e-07
-1.19355e-08
5.10939e-08
1.20751e-08
1.52448e-07
-1.26289e-07
6.30733e-07
1.26463e-07
-6.16194e-08
4.88915e-07
-5.16461e-07
-6.74246e-08
6.93827e-08
-1.8605e-07
5.97482e-08
5.18515e-08
4.04385e-08
1.73716e-07
-2.86752e-08
5.024e-08
-2.54223e-07
-5.75777e-08
5.8757e-08
-6.36465e-08
2.54835e-08
6.52408e-08
4.69865e-09
3.8395e-07
6.70752e-10
2.61216e-08
-6.21272e-08
-1.46086e-07
2.14955e-07
1.95323e-09
-1.09004e-08
-8.18908e-09
1.575e-07
2.52046e-07
-4.35981e-07
-2.4498e-08
-2.76116e-07
-1.45582e-07
2.31744e-07
-4.26017e-09
6.42432e-08
-7.62501e-08
7.04778e-07
1.05065e-06
-7.60548e-07
9.33297e-08
-7.94834e-08
2.37445e-07
-1.21834e-08
-1.67693e-07
5.66704e-07
-8.44179e-07
6.61274e-07
4.69464e-07
-4.82464e-07
-1.09433e-07
-3.24304e-07
5.17507e-07
5.53305e-07
-8.61516e-07
4.43461e-07
7.28614e-07
7.33813e-07
7.15269e-09
-8.05e-08
3.90269e-07
-1.38608e-06
-1.04295e-09
1.73635e-07
-4.48036e-08
5.99137e-08
1.01243e-07
7.10586e-07
7.42769e-07
-1.30659e-06
5.57966e-07
-5.39675e-08
-3.88523e-07
8.04758e-07
4.66435e-07
-1.37226e-06
9.50346e-07
-4.88087e-07
8.6436e-07
7.17568e-07
5.35063e-07
-8.74277e-07
-2.41914e-07
5.35194e-07
9.87856e-07
-2.13801e-06
1.12067e-06
1.31453e-06
-1.67623e-06
7.54105e-07
6.79327e-07
-4.27357e-07
8.10999e-07
-7.8635e-07
3.16213e-07
1.48824e-06
-1.09441e-07
9.39818e-07
-4.34621e-07
-2.91205e-07
-1.04026e-06
-2.33766e-07
8.91542e-07
1.27986e-08
2.07093e-08
-6.93653e-07
2.46756e-07
1.42898e-06
-1.79809e-06
1.62353e-07
6.75474e-07
-7.22284e-07
1.71019e-06
-9.13351e-07
1.49846e-06
5.53345e-07
-9.8514e-07
1.21861e-06
-3.62195e-08
-1.43707e-06
-1.34614e-06
8.61997e-07
-1.42291e-06
1.81132e-07
2.34232e-06
-1.81099e-06
-2.06324e-07
1.15302e-06
-1.4417e-06
5.11153e-07
-5.77416e-07
-8.28706e-07
2.73242e-06
-6.46055e-07
1.53653e-06
5.21986e-07
-2.03031e-06
-1.22995e-06
1.00937e-06
1.06518e-06
-2.51887e-06
-4.77153e-08
-2.42522e-06
-2.38476e-07
-1.30454e-06
-7.05127e-07
-2.98209e-06
4.61487e-08
2.76102e-06
-2.48472e-06
7.05413e-07
1.72691e-06
7.5186e-07
2.4168e-06
-2.90884e-06
2.25987e-06
2.71722e-06
-1.88944e-06
-2.10026e-06
3.27662e-07
2.14255e-06
-3.97583e-06
3.0779e-06
-4.58476e-06
4.03043e-07
5.12433e-06
-3.95878e-06
-3.38269e-07
2.00744e-06
-3.12249e-06
-3.88933e-06
2.14259e-07
1.50506e-06
1.48207e-06
-2.7338e-06
4.39261e-06
8.99905e-07
-4.25702e-06
-1.71975e-06
2.696e-06
3.2106e-06
-2.98741e-06
-3.43006e-06
-5.19502e-06
9.19376e-07
7.08358e-06
-6.55629e-06
-3.34661e-07
5.51919e-06
-2.03175e-06
4.25505e-06
1.73938e-06
-2.74513e-06
6.40088e-06
-2.29995e-06
7.45315e-06
-1.30269e-06
-6.93533e-06
3.12482e-06
2.8314e-07
5.92301e-06
-6.04389e-06
-7.83015e-06
-3.6407e-06
5.71987e-06
9.30799e-06
-6.50592e-06
1.95214e-06
1.00097e-05
-5.1652e-06
3.83773e-06
9.3872e-06
-1.0278e-06
7.15559e-06
-2.96876e-06
4.60242e-06
8.9087e-06
-2.23151e-06
6.65937e-06
2.73404e-06
-3.9302e-06
-7.94693e-06
-7.32355e-06
3.06616e-06
1.60878e-06
-4.60869e-06
1.38742e-05
1.07083e-05
4.57442e-06
-5.86747e-06
3.72129e-06
3.05605e-06
-1.51596e-06
7.6708e-06
9.29782e-06
-3.63797e-06
2.31397e-06
1.10337e-06
9.67029e-07
3.08556e-06
-3.22507e-06
-1.18634e-05
2.59078e-08
-2.41173e-08
1.96196e-08
6.39148e-09
7.7598e-08
1.2793e-08
1.85864e-10
6.34627e-09
1.95524e-08
4.22876e-09
1.93372e-08
-2.76107e-08
1.75816e-08
1.80942e-09
7.93122e-08
1.27035e-08
-3.77189e-09
-7.27369e-11
2.33629e-08
3.47179e-09
2.92534e-08
-2.94543e-08
2.1677e-08
7.75315e-10
7.6735e-08
1.81158e-08
-2.49678e-09
-1.45961e-08
2.57457e-08
4.46586e-09
1.84075e-08
-4.11849e-08
2.08702e-08
1.24116e-08
6.23126e-08
1.43014e-09
-8.15552e-09
-3.73683e-08
3.3207e-08
1.56891e-08
1.65358e-08
-5.83498e-08
2.12558e-08
6.90106e-10
4.1192e-08
2.28912e-08
-9.5968e-09
-4.6303e-08
2.89564e-08
3.55465e-08
2.35744e-08
-7.21753e-08
4.63144e-08
-3.30543e-09
3.6579e-08
3.41638e-08
-3.20193e-08
-4.37206e-08
8.76211e-09
4.89999e-08
3.41434e-08
-9.21253e-08
3.67878e-08
1.21858e-08
1.73332e-08
5.26973e-08
7.98332e-09
-3.91208e-08
1.45134e-08
5.37407e-08
1.45396e-08
-7.05018e-08
2.67725e-08
2.8415e-08
-1.18806e-08
3.57644e-08
3.06468e-08
-4.63858e-08
3.54943e-08
3.69798e-08
3.16283e-08
-4.60818e-08
2.26293e-08
3.11873e-08
2.38116e-09
7.44687e-08
1.87225e-08
-2.38425e-08
2.81018e-08
1.91634e-08
-2.80185e-08
-2.68566e-08
6.90386e-08
-1.83146e-08
2.07642e-08
9.45473e-08
3.38444e-08
-2.05557e-08
1.53431e-08
5.10859e-08
-9.61682e-08
-4.09126e-08
9.09044e-08
-9.78885e-08
4.07531e-08
9.92249e-08
2.75231e-08
-4.33845e-08
8.74459e-09
1.05933e-07
-6.09704e-08
5.6851e-10
9.81901e-08
-6.6172e-08
5.64547e-08
1.29855e-07
1.62028e-08
-1.41733e-07
7.63632e-08
1.45814e-07
-7.56579e-08
-2.86978e-08
4.01876e-08
-1.03943e-07
3.64574e-08
9.2084e-08
5.11793e-09
-1.06548e-07
-1.52181e-08
6.92078e-08
-1.44887e-07
9.71548e-08
5.25064e-08
-1.05127e-07
7.98285e-08
1.40318e-07
8.86858e-09
-1.58478e-07
7.185e-08
1.16614e-07
-1.42894e-07
1.80797e-07
-3.08279e-08
-5.68093e-08
7.62889e-08
3.41415e-08
4.40854e-08
-1.69801e-07
1.22072e-07
1.11661e-08
-1.73891e-07
1.32914e-07
5.67912e-08
-1.26821e-07
1.09674e-07
8.70384e-08
1.29017e-07
-2.38913e-07
8.95721e-08
1.33706e-07
-2.9122e-08
2.53262e-08
-5.031e-08
1.0217e-07
-3.27218e-08
-2.41775e-08
1.28811e-07
-7.70452e-08
-5.95388e-08
8.05175e-08
5.78589e-08
9.35897e-08
-1.20988e-07
1.43261e-07
6.66844e-08
-9.39463e-08
2.20859e-07
-7.60769e-09
4.89821e-08
-2.67368e-09
-6.3818e-08
1.37468e-09
3.94857e-08
-3.39429e-08
-5.4426e-09
3.97298e-08
-2.98185e-08
-9.3101e-08
-7.00912e-08
-4.46544e-08
-1.52166e-07
2.31207e-07
-6.58197e-09
8.40536e-08
1.05167e-07
1.97089e-08
1.14331e-07
-2.26691e-07
1.23475e-07
8.9516e-08
-9.04303e-08
1.04316e-07
-1.57841e-07
9.71319e-08
1.09499e-07
-1.54204e-07
1.05295e-07
-1.37277e-07
-2.14542e-07
9.55962e-08
1.39552e-09
-1.04897e-07
9.65633e-08
7.10439e-08
-1.17723e-07
1.43224e-07
9.55063e-08
-3.12256e-07
-1.59387e-07
8.08636e-08
-2.47876e-07
2.59413e-07
1.18539e-07
-2.65574e-07
2.25467e-07
1.74754e-07
-2.8186e-07
-2.51367e-07
1.65843e-07
-2.78832e-07
-1.07415e-07
1.57458e-07
1.6178e-08
-7.21213e-08
1.75958e-07
1.44414e-08
-1.86445e-07
-1.57532e-07
8.52905e-08
-2.33535e-07
-4.00727e-07
1.50009e-08
7.38047e-08
-2.44319e-08
1.87497e-07
-1.99921e-08
-1.40388e-07
-1.21654e-07
3.87375e-08
-3.11504e-07
-2.29741e-07
2.88691e-07
-2.5996e-07
-1.76368e-07
6.26126e-07
-2.16178e-07
-2.91815e-07
1.30892e-08
1.79017e-07
-3.75159e-07
-3.37169e-08
-1.03726e-07
-1.78737e-07
-8.05415e-08
1.57995e-07
-5.59005e-08
1.34812e-07
2.81741e-07
-5.53542e-07
1.43674e-07
1.30881e-07
-1.07239e-07
-2.52848e-07
-1.99261e-07
8.91846e-08
-1.49255e-08
-9.48113e-08
4.7735e-07
-1.1384e-07
-1.43245e-07
-7.6473e-07
1.5726e-08
3.26723e-07
-3.67237e-07
-1.04773e-07
3.23162e-07
4.98252e-07
-2.44521e-07
5.82459e-07
1.06892e-07
-2.43857e-07
3.60511e-07
-2.24519e-07
1.18629e-07
-3.88101e-07
-1.65037e-07
6.30655e-07
8.25302e-09
1.46748e-07
-9.00931e-08
2.27533e-07
9.64428e-07
-1.35349e-06
4.90866e-07
3.7838e-07
-5.79935e-07
8.79743e-07
2.73141e-08
9.06346e-07
-8.98341e-07
-1.01444e-06
1.10384e-06
-1.05882e-06
4.82553e-07
-4.42108e-07
7.22849e-07
1.55221e-06
-1.14163e-06
1.1932e-06
4.07887e-07
-6.39845e-08
1.34376e-06
-2.16874e-06
4.46671e-07
9.69606e-07
-8.92638e-07
1.08316e-06
6.76635e-08
9.03113e-07
-1.97674e-07
-5.84919e-07
3.25143e-07
-2.10567e-07
-2.58072e-08
7.00606e-07
1.12785e-06
5.34774e-07
1.4893e-07
2.77965e-06
4.4779e-07
2.52564e-07
-5.43006e-07
-9.34706e-08
1.96276e-07
2.18932e-07
8.23635e-07
1.25222e-07
-3.63984e-07
1.7311e-07
5.73324e-07
7.17684e-07
1.98597e-07
-9.32716e-07
-1.31684e-07
9.85947e-07
1.53903e-06
-1.00655e-06
-2.70328e-07
1.79671e-06
-5.33317e-07
1.58328e-06
-1.38328e-06
-1.23763e-08
2.01269e-06
-3.29354e-07
1.02053e-06
-2.73151e-07
-7.21424e-07
-1.33739e-06
-5.45351e-08
8.72702e-07
-1.21321e-07
-5.72668e-07
-1.13967e-06
1.39145e-07
1.81773e-06
-1.42682e-06
3.3981e-07
-1.17345e-06
-1.21726e-06
2.01818e-06
-1.51605e-06
8.21848e-07
1.00001e-06
-1.16855e-06
-9.66608e-07
7.94313e-07
1.79861e-06
-2.66193e-06
-2.91378e-07
-1.38249e-06
2.00733e-06
1.38395e-06
8.24095e-07
-7.91577e-07
1.55285e-07
-1.31123e-06
9.57516e-07
1.04378e-07
-2.06302e-06
1.12117e-06
-7.97565e-07
-2.96579e-06
1.31438e-06
2.03677e-06
-1.68992e-06
2.1668e-06
1.42437e-06
-1.62912e-06
1.12269e-06
-2.38429e-06
2.06555e-06
1.4136e-07
-2.66385e-06
-1.66769e-06
1.25034e-06
3.63651e-06
-1.94982e-06
1.56247e-06
-7.20451e-07
2.45731e-06
2.9882e-06
-2.72708e-06
3.37116e-06
1.82696e-06
-2.52794e-06
-3.55834e-06
1.41807e-06
4.1624e-06
-7.82312e-06
5.18487e-06
-3.73866e-06
5.05313e-07
5.45127e-06
-5.21882e-06
-4.48161e-07
1.0588e-06
-3.61316e-06
-3.10785e-06
1.35981e-06
1.19246e-06
2.08803e-06
-3.61687e-06
5.98228e-06
1.74895e-06
-4.78875e-06
-1.27562e-06
3.27685e-06
3.27957e-06
-5.58216e-06
3.37476e-06
-1.09773e-05
-4.99488e-06
8.63332e-06
1.42716e-06
-1.20282e-05
3.6377e-06
5.59277e-06
-6.10334e-06
1.34613e-06
7.20328e-06
-1.10352e-06
-5.65621e-06
5.48648e-06
3.03209e-06
-4.98883e-06
6.29792e-06
1.80448e-07
-8.30243e-06
-1.64043e-06
-8.23454e-06
-1.1527e-06
-1.88086e-07
8.95167e-07
-3.2566e-06
2.88777e-06
7.52686e-06
-6.89067e-06
1.04541e-06
5.10872e-06
4.47962e-07
-5.65965e-06
-3.10176e-06
-7.92517e-06
7.12269e-06
8.52385e-06
-8.33001e-06
8.42702e-07
5.09379e-06
4.31328e-07
-2.57636e-06
5.61673e-06
-8.89747e-06
1.74227e-06
5.4338e-06
2.67877e-06
2.87001e-06
3.64142e-06
1.07362e-06
-1.17231e-05
7.09614e-08
-1.79131e-08
2.83629e-08
4.50926e-08
7.51675e-08
7.30613e-08
1.12318e-08
1.07568e-07
7.58776e-08
3.60885e-09
7.5164e-08
-2.1065e-08
2.16965e-08
5.05807e-08
7.58242e-08
7.28881e-08
8.21262e-09
1.06309e-07
8.44237e-08
2.37723e-10
7.44979e-08
-3.54108e-08
3.76021e-08
4.43507e-08
7.80771e-08
6.72471e-08
1.96396e-08
1.09393e-07
8.62179e-08
2.51454e-09
7.58174e-08
-3.80776e-08
5.24088e-08
3.67269e-08
6.56012e-08
7.60147e-08
2.46703e-08
1.15583e-07
8.60093e-08
1.13599e-08
5.9646e-08
-5.125e-08
7.47164e-08
5.29856e-08
6.53159e-08
7.7642e-08
3.78813e-08
1.17142e-07
6.19859e-08
1.89659e-08
6.05896e-08
-4.67782e-08
9.24278e-08
4.48179e-08
6.87566e-08
6.27625e-08
4.28848e-08
1.28351e-07
2.89435e-08
3.00114e-08
3.73271e-08
-1.98945e-08
9.28604e-08
5.30346e-08
8.53649e-08
9.62267e-08
4.06466e-08
1.3425e-07
1.86941e-08
8.72157e-09
1.33112e-08
-1.50405e-08
9.02594e-08
4.6356e-08
1.0496e-07
9.25575e-08
2.35518e-08
1.4685e-07
4.61638e-08
-5.70107e-08
1.13677e-08
-1.87606e-08
5.28339e-08
9.36333e-09
1.71294e-07
6.99175e-08
-1.68735e-08
1.72823e-07
4.7538e-08
-8.17559e-08
1.57767e-08
2.52482e-08
3.79721e-08
-1.811e-09
2.00547e-07
2.56398e-08
7.54397e-09
1.45184e-07
3.00167e-08
-1.09757e-07
1.13436e-08
7.85311e-08
-1.84697e-08
2.7194e-08
2.29904e-07
-4.77297e-08
1.22713e-08
1.16024e-07
4.34442e-08
-1.14445e-07
-6.46276e-08
3.91255e-08
-1.59182e-08
-4.9019e-09
2.16208e-07
-9.87599e-08
-7.58251e-09
1.28192e-07
4.94126e-08
-4.70044e-08
-1.58746e-07
1.02063e-07
4.02341e-08
-4.48671e-08
2.07922e-07
-4.43528e-08
5.59917e-08
-3.19884e-08
1.04125e-07
2.77964e-08
-1.25426e-07
1.1217e-07
-3.91189e-08
-1.25818e-09
1.61946e-07
-1.10271e-07
7.94994e-08
2.39627e-08
2.79204e-08
-1.84477e-09
-8.74504e-08
1.5273e-07
-5.54721e-08
2.77298e-08
1.00872e-07
-5.77264e-08
2.42892e-08
-4.4015e-08
1.20961e-07
-8.8845e-08
-1.59329e-07
1.47767e-07
8.01938e-08
5.46363e-08
1.22339e-07
1.60101e-08
8.74946e-09
-8.08865e-08
1.46067e-07
-9.4961e-09
2.26525e-08
4.05346e-08
3.05563e-08
6.2269e-08
1.30437e-07
-1.08167e-07
-4.73337e-08
6.19733e-08
-4.76518e-08
-5.59579e-08
-3.7905e-08
1.22888e-08
1.54188e-07
-5.62509e-09
2.15351e-08
1.94767e-08
3.36623e-08
2.73706e-08
-9.10644e-08
-1.7147e-08
2.94162e-08
1.42116e-07
3.45411e-08
8.75529e-08
2.18093e-07
-2.44088e-07
1.38275e-07
6.97701e-08
-8.33947e-08
3.3222e-08
-2.44578e-08
9.66886e-08
8.64393e-09
2.10008e-07
7.38894e-08
-1.08414e-07
1.80082e-07
-5.07491e-09
-5.22416e-08
8.03338e-08
3.35772e-08
1.81237e-07
-9.68436e-08
3.99032e-07
1.81141e-07
-1.82251e-07
3.07766e-07
4.35004e-08
-1.15606e-07
2.87368e-07
-1.07047e-07
1.93804e-07
1.00011e-07
2.67918e-07
9.91092e-08
8.00181e-08
8.69094e-08
-5.18912e-08
9.90507e-08
1.18847e-07
-2.80407e-07
2.9988e-07
7.29323e-08
2.60856e-07
1.65665e-07
6.61596e-08
1.23239e-07
-1.33737e-07
2.18313e-07
1.26437e-07
2.76215e-08
3.42894e-07
-2.29263e-07
2.66245e-07
1.72041e-07
2.05592e-07
-2.45295e-07
1.6629e-07
3.25409e-07
-3.07086e-07
-2.4579e-07
3.88945e-07
1.19014e-07
2.04545e-07
-1.12458e-07
2.23483e-07
1.73214e-07
-1.65449e-07
3.01799e-07
7.55832e-08
-1.24972e-08
1.48127e-07
1.10799e-07
-4.44819e-08
3.00978e-07
-8.68734e-08
5.86134e-08
7.2874e-08
6.91274e-08
1.03617e-07
2.96499e-07
-1.23531e-07
9.78398e-08
-4.7203e-08
2.12493e-07
8.23816e-08
1.18361e-07
5.55689e-07
-6.50068e-08
1.7182e-07
-2.42226e-07
-1.81451e-07
4.43726e-07
-1.73803e-07
2.17968e-07
-2.61927e-07
5.81241e-07
3.21374e-09
-2.71097e-08
5.11118e-07
-3.50655e-07
5.14573e-07
-4.50192e-08
2.67022e-08
5.34079e-07
-7.00105e-08
-1.0957e-08
1.01892e-08
6.76621e-07
8.83684e-08
2.84035e-07
-8.06162e-08
-3.8766e-08
5.24874e-07
7.1458e-08
-1.12034e-06
-8.40919e-08
6.78588e-07
1.06696e-07
-3.82383e-08
-1.0701e-06
6.07782e-07
4.02735e-07
-2.49182e-07
7.3802e-08
-3.56934e-07
4.98333e-07
-3.81305e-07
7.77017e-07
6.79763e-07
-4.83653e-07
4.84469e-07
-3.09109e-07
-2.26131e-07
5.33314e-07
-1.29465e-06
2.71731e-07
6.55827e-07
3.4669e-07
3.01502e-07
-1.47474e-06
1.05902e-06
6.32434e-07
-1.58831e-06
8.85345e-07
7.77621e-08
-3.21033e-07
-2.04296e-07
4.31231e-07
9.32507e-07
-3.08078e-07
9.00962e-07
-5.49428e-08
-1.20688e-06
5.10514e-07
-5.49994e-07
-1.09279e-06
2.55664e-07
-3.35013e-08
9.82408e-07
-5.16682e-07
3.23446e-07
5.0763e-07
-1.51727e-06
2.68323e-07
7.40781e-07
-9.65905e-07
2.01243e-07
1.03602e-06
-1.55322e-08
8.75484e-07
-5.91481e-07
7.03947e-07
-7.18379e-07
-3.04651e-07
9.40162e-07
2.13438e-08
-1.23156e-06
-6.29275e-07
5.15825e-07
4.44906e-07
1.95447e-07
-1.18817e-06
-6.06994e-07
6.73986e-07
4.34041e-07
2.3726e-07
-7.93437e-07
5.6579e-08
-1.29931e-06
2.47124e-07
7.35519e-07
-5.59765e-07
3.72303e-07
-1.44354e-06
7.85716e-07
1.49413e-07
-1.03124e-06
-2.21961e-06
-4.7475e-07
-1.06295e-06
9.49658e-07
6.7831e-07
9.22657e-07
-2.68093e-07
2.59987e-07
-7.16953e-07
1.07419e-06
1.47015e-07
-8.72967e-07
2.58144e-07
-2.59898e-07
8.80136e-08
1.68095e-06
9.89651e-07
-2.547e-06
7.9885e-07
1.1053e-06
-2.40178e-06
2.55347e-06
-2.74096e-06
8.04529e-07
6.28073e-07
-5.66024e-07
-3.73047e-06
-8.15565e-07
2.55163e-06
-2.24592e-06
1.2431e-06
2.26827e-06
5.66601e-07
3.31053e-06
-3.00338e-06
1.18506e-06
-2.21344e-07
-2.94386e-06
-1.73889e-06
1.82976e-06
3.96927e-06
-3.78112e-06
-2.31557e-06
-2.77708e-06
1.07911e-06
4.30264e-06
-4.47632e-06
1.2879e-07
2.56634e-06
-1.97124e-06
2.84543e-06
5.2338e-07
1.94255e-06
2.07254e-06
-2.87944e-06
4.08743e-06
1.24157e-06
-2.04511e-06
-1.46453e-06
1.99081e-06
2.94277e-06
-3.30852e-06
-3.49831e-06
-7.85686e-06
-1.02322e-06
6.53623e-06
-5.47089e-06
5.87248e-07
6.42711e-06
-2.09864e-06
3.42426e-06
1.66403e-06
1.87937e-06
1.92178e-06
-6.20878e-06
6.12003e-08
3.72345e-06
-2.09392e-06
1.34914e-06
4.31113e-06
2.39048e-06
-5.70259e-06
-3.6377e-06
-8.43055e-06
-1.06385e-06
8.11368e-06
-5.9844e-06
2.70086e-06
9.48274e-06
-7.23608e-06
-1.49567e-06
-1.98119e-06
2.42226e-06
2.47523e-06
-1.11364e-05
4.78638e-06
8.45285e-06
-6.80447e-07
8.68518e-06
4.37178e-06
-7.09654e-06
-5.42703e-06
6.56054e-06
-1.08958e-05
4.2311e-08
7.01248e-06
-4.37487e-06
6.94874e-06
5.26882e-06
-7.21152e-06
-9.96094e-06
1.55316e-06
-9.20343e-06
4.66419e-06
5.22111e-06
-5.86745e-06
-7.38422e-06
2.97473e-06
1.03798e-05
2.8985e-06
1.85681e-06
-2.56048e-07
7.41249e-08
1.25351e-09
5.10188e-08
5.03304e-08
7.94272e-08
5.07902e-08
3.35105e-08
2.06577e-08
-2.31621e-08
5.25204e-08
7.85847e-08
-6.35782e-09
5.80253e-08
5.374e-08
7.64358e-08
5.0114e-08
4.09948e-08
2.10858e-08
-2.73962e-08
5.48174e-08
7.39305e-08
-2.04425e-08
6.06968e-08
4.70577e-08
7.17178e-08
4.98431e-08
4.84806e-08
1.68838e-08
-2.65447e-08
7.00175e-08
7.55199e-08
-2.26219e-08
6.28547e-08
4.56274e-08
6.24767e-08
5.79268e-08
3.92906e-08
2.34265e-08
-2.05324e-08
6.62084e-08
7.70469e-08
-1.85377e-08
7.66599e-08
6.01593e-08
4.36796e-08
4.74666e-08
5.59503e-08
2.57519e-08
-4.05811e-08
3.95956e-08
8.11294e-08
-6.86871e-09
6.152e-08
5.66679e-08
7.18929e-08
3.31808e-08
6.28805e-08
3.01101e-08
-3.30253e-08
3.39349e-08
8.24957e-08
3.48314e-08
6.18027e-08
6.23761e-08
5.86376e-08
1.82149e-08
4.96749e-08
2.15837e-08
-6.64365e-08
1.41177e-08
1.0246e-07
5.95343e-08
4.22753e-08
4.68682e-08
9.73722e-08
2.21732e-08
-5.66781e-09
9.0553e-08
-6.64142e-08
-5.32735e-09
1.11096e-07
4.33539e-08
1.0266e-07
4.77058e-08
9.96702e-08
-1.04543e-08
2.51576e-08
6.19862e-08
-5.83691e-08
-4.72882e-08
1.185e-07
5.02819e-08
7.91014e-08
3.14313e-08
9.63918e-08
-2.00283e-08
2.95414e-08
4.71408e-08
-5.90329e-09
-6.68788e-08
1.59525e-07
9.84556e-08
1.26904e-08
1.04437e-07
1.28631e-07
-6.15712e-08
6.49572e-08
2.57904e-08
-4.28176e-09
-8.53333e-08
1.03614e-07
1.1353e-07
4.0582e-08
7.0244e-08
1.30717e-07
-5.91774e-08
4.60267e-08
4.8007e-08
-3.30235e-08
-8.63702e-08
4.83343e-08
1.77964e-07
5.00364e-08
2.0975e-08
1.70133e-07
5.06583e-08
1.20227e-08
-2.64695e-08
6.8515e-08
-6.70489e-09
1.07812e-07
1.48632e-07
-3.78094e-08
7.88699e-08
1.43008e-07
5.42106e-08
3.1682e-08
-4.94677e-08
4.97413e-08
-6.6546e-08
1.09954e-08
2.11845e-08
1.04165e-07
3.19804e-08
3.99074e-08
1.136e-07
6.11865e-08
-1.30668e-07
-3.77346e-08
1.01446e-07
8.56777e-08
7.87497e-09
1.52382e-08
1.11334e-07
-1.48673e-08
9.24317e-08
-1.45487e-08
-9.90745e-08
-3.88281e-08
-1.57322e-08
-1.10754e-08
4.25928e-08
8.51772e-08
1.25003e-07
6.22737e-08
6.54773e-08
1.15902e-07
-1.16134e-07
-2.85898e-08
1.46887e-07
1.75667e-07
-5.08665e-08
4.97934e-08
1.46878e-07
1.5264e-07
2.50401e-08
7.03898e-08
5.62229e-08
-2.39043e-07
8.27706e-08
2.08027e-07
-1.83647e-09
-2.42291e-08
2.12684e-07
1.48626e-07
-1.92563e-08
1.7483e-07
8.4666e-08
-1.38038e-07
1.80343e-07
2.5334e-07
1.07232e-07
-1.59057e-07
1.21188e-07
3.08633e-07
-1.25141e-07
7.30919e-08
2.71961e-07
-2.31378e-07
1.15776e-08
8.02461e-08
-1.74531e-08
-1.05106e-07
2.0285e-07
1.13723e-07
-1.03269e-07
1.0734e-07
9.8411e-08
-1.51518e-07
1.27583e-07
3.35099e-08
-4.66516e-09
-1.75564e-08
2.59736e-07
1.58194e-07
-5.18465e-09
1.16143e-07
1.44059e-07
-7.92486e-08
1.5348e-07
1.01701e-07
1.47872e-07
-2.23249e-07
3.16256e-07
2.65589e-07
-2.88912e-07
1.87225e-07
2.81385e-07
-2.71289e-07
2.36282e-07
-1.65874e-07
5.40898e-08
6.89841e-08
-3.11868e-08
2.75055e-07
-1.32832e-08
-1.54904e-07
3.59577e-07
-3.77647e-08
2.93245e-07
3.80271e-07
-1.80807e-07
-1.34372e-07
2.77325e-07
1.72867e-08
-1.11462e-07
3.35706e-07
3.95436e-08
-7.14736e-09
-7.28337e-08
9.75586e-08
-1.09625e-07
1.04891e-07
1.82071e-07
8.15079e-08
-2.31235e-08
-3.57668e-10
1.04625e-08
9.24896e-08
8.18506e-08
1.89114e-07
-4.41225e-07
1.79951e-07
4.3518e-07
2.60292e-07
-6.0809e-08
4.65278e-08
1.29418e-07
-3.77363e-08
9.75035e-09
2.07465e-07
-1.65271e-07
1.41444e-08
2.36537e-07
8.89455e-08
-1.16686e-07
-7.51244e-09
2.12968e-07
-1.50915e-07
1.24309e-07
5.81454e-07
-3.29174e-10
-5.48237e-07
4.71725e-07
4.10934e-07
-4.19299e-07
-3.80444e-07
6.3625e-07
-3.48488e-07
4.19174e-08
2.91019e-07
2.21866e-08
-1.69154e-07
1.20433e-07
7.77399e-08
-1.12921e-07
-7.51706e-08
2.96414e-07
-9.51304e-08
1.21734e-08
4.19852e-08
-3.06127e-08
-8.45943e-08
-2.53675e-08
8.65179e-08
-2.34635e-07
1.45315e-07
3.02668e-07
8.33697e-08
2.41831e-07
-3.62908e-07
-7.94455e-08
3.31792e-07
-4.12591e-07
-1.67157e-07
-6.68894e-08
-4.09828e-07
-1.94918e-07
-1.58311e-08
4.19775e-07
-2.05066e-07
-1.48055e-07
5.05141e-07
-5.84966e-07
-2.624e-07
-2.95393e-08
-3.76312e-07
1.4513e-07
-5.63543e-07
2.96665e-07
-8.16262e-07
-1.03997e-07
1.81081e-06
-2.72216e-06
-4.34099e-07
7.29436e-07
-2.79405e-06
-9.17356e-07
-8.61578e-07
1.06204e-06
4.11182e-07
-3.13884e-07
6.76216e-07
-3.41074e-07
-3.9639e-07
6.37523e-07
-5.08245e-07
-5.67796e-07
-4.58039e-07
3.91577e-07
5.58202e-07
-4.90962e-07
-1.36743e-07
-1.11396e-06
2.39123e-07
1.13589e-06
-1.28459e-06
4.69095e-07
-5.14078e-07
-5.63952e-07
1.18525e-06
-1.27972e-06
5.69878e-07
4.89068e-07
1.33063e-07
-2.32148e-07
-2.99507e-07
1.20797e-06
-1.29031e-06
7.61764e-08
-8.09872e-07
1.74792e-07
1.35095e-06
-1.3036e-06
8.19837e-07
1.2106e-06
-1.33598e-06
6.11619e-07
1.31802e-06
-6.81904e-07
8.59826e-07
-4.18131e-07
-2.28611e-07
5.46986e-07
1.78039e-06
-1.91993e-06
3.59999e-07
2.13134e-06
-2.21016e-06
3.28524e-07
-1.85495e-07
3.48676e-06
3.02156e-06
-8.36251e-07
1.87034e-06
2.23873e-07
-1.19945e-06
1.42076e-06
-1.39887e-06
-1.05359e-06
1.57659e-06
-4.60833e-07
-2.72562e-06
1.15555e-06
2.96344e-06
-2.5617e-06
1.18387e-06
6.44605e-07
-1.94834e-06
1.35725e-06
-1.71123e-06
2.97582e-06
1.57126e-06
-7.63551e-07
-1.97512e-06
1.08811e-06
1.81081e-06
-1.63054e-06
2.38385e-06
7.3572e-07
1.70833e-06
1.80556e-06
-2.82027e-06
2.9435e-06
1.67876e-06
-1.86044e-06
-3.54264e-06
5.54933e-07
4.86781e-06
-3.56505e-06
7.15178e-06
-2.73646e-06
1.12729e-06
5.58556e-06
-5.07863e-06
1.23269e-06
6.38423e-06
-5.58141e-06
-4.24329e-06
1.45027e-06
8.81964e-07
2.10514e-06
-5.41365e-06
3.82935e-06
7.82883e-07
-3.40326e-06
9.12629e-07
4.12695e-06
4.00707e-06
-5.02981e-06
6.69676e-06
-5.02849e-06
1.01077e-06
5.28033e-06
-1.08798e-05
-4.67391e-06
1.32407e-05
7.68393e-06
-6.44993e-06
1.39031e-06
-3.52564e-07
5.88882e-06
-5.98477e-06
4.24199e-06
1.90563e-06
-3.3127e-06
8.35672e-06
1.31553e-06
-4.40918e-06
-5.97244e-06
-6.38342e-06
2.82051e-06
-8.53401e-07
-3.03748e-06
-6.68621e-06
3.05202e-06
9.56571e-06
-5.66801e-06
3.9832e-06
2.47341e-06
2.24965e-06
-6.0694e-06
-8.8069e-06
1.09092e-07
5.40716e-06
9.44386e-06
-6.1061e-06
2.76331e-06
8.09028e-06
-6.24353e-06
-1.87877e-06
-1.51839e-07
-1.89261e-06
1.99258e-06
4.03772e-06
-1.2231e-05
-3.75636e-06
1.04022e-05
1.0049e-05
-8.24781e-08
-2.6072e-08
1.81522e-08
5.71419e-08
2.34839e-08
3.16365e-08
2.74821e-08
1.5354e-08
2.793e-08
-6.3265e-09
5.19327e-08
-2.77975e-08
2.04027e-08
6.43567e-08
1.90893e-08
2.91982e-08
2.98674e-08
1.28367e-08
2.93317e-08
-1.1585e-08
4.87764e-08
-3.45726e-08
2.37399e-08
6.52987e-08
1.57824e-08
3.44092e-08
3.51181e-08
-1.79587e-09
3.38621e-08
-1.34393e-08
4.75765e-08
-4.59231e-08
3.28121e-08
7.92104e-08
-7.59178e-09
4.30719e-08
3.51398e-08
1.51986e-09
3.08978e-08
-1.35016e-08
4.39751e-08
-3.59131e-08
1.41747e-08
8.88681e-08
-3.13632e-08
5.88167e-08
3.95824e-08
-2.78913e-08
3.35032e-08
4.20877e-09
4.13107e-08
-8.64752e-09
-1.49613e-08
9.92817e-08
-3.52158e-08
7.32082e-08
1.07354e-08
-3.65811e-08
5.32516e-08
-5.47595e-09
5.65006e-08
3.21953e-08
-5.57272e-08
1.14242e-07
-2.98742e-08
6.09452e-08
5.74046e-09
-4.96485e-08
6.21064e-08
-1.95975e-09
7.32083e-08
3.05916e-08
-4.55027e-08
1.11182e-07
-4.23113e-08
5.39974e-08
-1.0417e-08
-3.75714e-08
6.55969e-08
-1.78819e-08
1.01228e-07
3.11363e-08
-2.83869e-08
8.485e-08
-2.56921e-08
3.85743e-08
-8.65149e-09
-7.15405e-09
8.02927e-08
-2.68951e-08
1.22325e-07
5.13849e-08
-3.73376e-08
-4.41108e-09
6.16094e-08
5.2895e-08
-1.69343e-08
6.03591e-09
9.99472e-08
-1.17642e-08
9.47206e-08
6.6941e-08
4.69654e-09
-3.07109e-08
6.42504e-08
-2.60071e-08
1.05956e-07
1.62274e-08
1.18569e-07
6.6499e-09
9.54434e-08
7.4441e-08
7.00589e-08
-9.41253e-08
9.41503e-08
-6.40945e-08
1.67667e-07
-3.62703e-09
5.50097e-08
3.8349e-08
1.13641e-07
6.66574e-08
5.53247e-08
-1.0106e-07
8.54305e-08
-4.23137e-09
2.02466e-07
-3.63164e-08
5.20358e-08
6.7782e-08
8.57472e-08
5.01842e-08
4.09053e-08
-1.24826e-07
1.88973e-07
4.11231e-08
2.81254e-07
-1.23186e-07
4.23867e-08
1.26195e-07
6.03852e-08
7.66924e-08
1.21479e-10
-4.98612e-09
1.56252e-07
4.03311e-08
3.70553e-07
-1.74065e-07
5.07096e-08
8.00532e-08
1.62351e-07
-3.70439e-09
1.18502e-07
2.66208e-08
-1.49726e-08
9.71639e-08
3.2297e-07
-2.23962e-07
7.29385e-08
1.60133e-07
1.53667e-07
-9.9914e-08
1.79533e-07
4.69326e-08
1.23566e-07
-7.59944e-08
3.7039e-07
-5.2586e-08
-5.93591e-08
2.08949e-07
1.60717e-07
6.57308e-08
8.74189e-08
-9.19921e-08
1.32724e-07
8.38066e-08
2.59357e-07
-7.11357e-08
1.59834e-08
1.00852e-07
1.56319e-07
2.69649e-08
-3.99403e-08
1.248e-07
3.29225e-09
-4.90471e-08
3.07738e-07
-1.16971e-07
7.89044e-09
-8.98759e-09
1.45584e-07
1.44175e-07
7.21161e-08
-9.67402e-08
1.6381e-07
3.13227e-08
1.02134e-07
-1.23833e-07
8.95731e-08
-5.49287e-08
1.2724e-07
-3.14631e-08
-1.15348e-07
2.74645e-07
-4.8746e-08
-1.64635e-07
3.68337e-07
-2.07522e-07
-1.63191e-07
2.08105e-07
1.99877e-07
1.4174e-07
-2.55244e-07
2.0974e-07
5.91594e-08
-2.35908e-07
2.46693e-07
-1.33634e-07
-1.6674e-07
-7.93207e-09
1.37746e-07
2.53789e-07
2.67691e-08
-1.7053e-07
-5.78539e-08
1.09865e-07
1.6912e-07
-2.83904e-07
4.9224e-08
1.40945e-07
-1.25179e-07
1.31353e-07
-8.4666e-09
1.0964e-07
-4.01188e-09
1.15386e-07
-2.80115e-07
2.53807e-08
-3.1405e-08
-4.4077e-08
-2.14689e-08
9.29806e-08
8.42904e-08
2.45995e-07
-3.27335e-07
-6.71864e-08
-5.51892e-08
-4.00003e-09
-5.11011e-08
1.52663e-08
5.09084e-08
8.73476e-08
-2.21087e-08
3.96207e-07
-3.22516e-07
-7.26743e-08
-1.22056e-07
-2.79471e-08
1.37813e-08
-4.35725e-08
-2.09349e-08
3.21781e-08
4.04003e-07
-3.10327e-07
-2.26196e-07
5.2329e-07
-2.70343e-07
-4.38772e-08
-7.04647e-08
-1.14256e-07
-5.53715e-08
1.1319e-07
-1.15904e-07
-3.91772e-08
-5.35558e-08
1.95936e-07
2.78713e-07
-1.08511e-07
-5.57662e-09
-4.44233e-08
2.08027e-08
4.36089e-07
-4.73378e-07
2.95811e-07
2.30441e-08
-3.45954e-07
1.23639e-07
1.58668e-07
2.76982e-07
-5.01026e-07
1.53066e-07
-1.703e-07
-8.72187e-09
-3.60435e-07
1.22258e-08
-4.24994e-07
9.66222e-07
-2.88312e-07
-1.38931e-07
5.01167e-07
-2.89175e-07
6.31147e-07
-4.75263e-07
7.86928e-09
-3.64689e-08
-4.39769e-09
2.38249e-07
-4.04594e-07
1.01337e-06
-1.5559e-07
-7.70725e-08
-1.31974e-08
-5.67233e-07
-1.10112e-07
2.8665e-08
-3.31073e-08
-2.93299e-07
3.01996e-07
-1.94676e-07
-5.28187e-07
1.8419e-07
-5.87263e-07
-4.61366e-07
5.1854e-07
4.14485e-07
-4.63997e-07
7.29469e-08
-6.99212e-08
3.07254e-09
1.02116e-07
3.63099e-07
-3.43731e-07
-7.34606e-07
3.97312e-07
-2.09008e-07
-5.93861e-07
5.37453e-07
-3.89254e-08
-5.82192e-07
-6.71622e-07
7.66199e-08
-3.97794e-07
-2.84628e-07
6.19714e-07
-5.74032e-07
7.48994e-08
3.87966e-07
2.7508e-07
-2.95833e-07
-4.2844e-07
-3.09213e-07
9.71295e-07
-1.56613e-06
-2.23376e-07
9.27294e-07
-4.22768e-07
1.15804e-06
-2.76052e-07
-2.45979e-07
-1.14723e-06
5.9034e-08
1.24088e-06
-4.89726e-07
-5.30884e-07
-4.4432e-07
1.43513e-06
2.6861e-06
-2.86071e-06
1.7191e-06
1.18828e-06
-3.61977e-08
1.96814e-06
-3.47731e-06
1.57068e-06
3.50859e-07
-2.81462e-07
1.58302e-06
5.29006e-08
-6.668e-07
-9.62489e-07
1.03219e-06
-1.40497e-06
3.63269e-07
3.34493e-06
-3.54092e-06
2.11105e-06
2.45932e-06
-5.54343e-07
1.56724e-06
6.19625e-07
-7.78142e-07
-1.57894e-06
-8.90772e-07
7.90329e-07
1.15437e-06
3.33252e-06
-1.70724e-06
7.81488e-07
1.40446e-06
-2.78398e-06
-1.91117e-06
-2.80508e-06
1.82891e-06
9.5451e-07
-1.40676e-06
-1.72612e-06
1.42221e-07
2.729e-06
-2.41611e-06
9.1011e-07
1.3828e-06
9.85687e-09
3.61586e-06
-2.2357e-06
2.13231e-06
4.33903e-06
-8.47032e-07
-2.94448e-06
7.18355e-07
3.76336e-06
-4.51106e-06
-1.50387e-06
-2.60839e-06
6.45369e-07
4.18152e-06
-3.93879e-06
1.7699e-06
4.35125e-06
-2.52403e-06
2.59602e-06
6.93775e-07
5.06096e-06
6.98801e-06
-1.24488e-06
4.8242e-06
1.3345e-06
-2.66095e-06
4.6698e-06
3.38031e-06
-1.90635e-06
-7.13709e-06
-2.81644e-06
-3.60637e-06
5.16353e-07
5.42498e-06
-6.36025e-06
1.80528e-06
1.0328e-05
-4.62648e-07
3.52678e-06
2.12875e-06
1.37955e-06
1.68992e-06
-4.23006e-06
4.73627e-06
5.46821e-07
-6.70105e-06
3.79437e-06
9.66623e-06
2.23766e-06
-5.86783e-06
-7.90918e-06
-5.0014e-06
3.35633e-06
9.21402e-06
-5.78937e-06
1.54044e-06
9.90705e-06
-6.49563e-06
3.91799e-07
5.02749e-06
2.29732e-06
2.56552e-06
-9.66908e-06
3.72662e-06
4.6627e-06
-3.6078e-06
7.25009e-06
-5.67639e-07
-4.94805e-06
-3.26497e-06
1.19561e-05
-1.05307e-05
-7.59572e-06
1.04773e-05
-1.22153e-05
5.96156e-06
8.7421e-06
-1.41575e-05
-3.52093e-06
8.24457e-06
3.62779e-06
-4.07268e-07
1.51724e-06
1.15603e-06
-1.73869e-06
2.2783e-06
4.16311e-08
-1.32883e-05
-4.45469e-06
1.01529e-05
1.64191e-09
7.01891e-08
6.86272e-08
5.31596e-08
3.09371e-08
-1.86556e-08
3.7607e-08
7.02996e-08
-1.32729e-08
5.96103e-08
2.44844e-10
7.74392e-08
6.32491e-08
5.68646e-08
3.30989e-08
-1.83376e-08
3.07988e-08
7.16273e-08
-1.25447e-08
5.52033e-08
-9.86425e-09
8.97064e-08
6.15149e-08
4.96279e-08
3.83318e-08
-1.55004e-08
3.02954e-08
6.7508e-08
-8.20106e-09
5.66061e-08
-2.42578e-08
1.11635e-07
5.88988e-08
3.40174e-08
6.36646e-08
-1.36861e-08
4.19513e-08
6.84554e-08
-3.14432e-09
5.11706e-08
-2.25995e-08
1.14288e-07
5.27199e-08
1.60683e-08
7.32757e-08
-2.63511e-09
2.88504e-08
6.72483e-08
-4.60694e-09
4.68968e-08
-3.77353e-08
1.02933e-07
4.01164e-08
4.28046e-08
6.51488e-08
3.02894e-09
4.52797e-08
6.83821e-08
-2.35453e-08
3.51917e-08
-4.75435e-08
4.8068e-08
5.12564e-08
5.12071e-08
5.77218e-08
-2.28803e-08
7.65737e-08
7.27106e-08
-5.54317e-08
4.43623e-08
-3.46514e-08
2.80079e-08
6.32246e-08
7.58115e-08
3.44523e-08
-5.75954e-08
1.27532e-07
6.86045e-08
-1.02386e-07
6.13754e-08
-4.45931e-08
2.40669e-08
3.73654e-08
1.05982e-07
2.84891e-08
-6.47016e-08
1.46556e-07
4.04568e-08
-1.19133e-07
9.48656e-08
-2.2581e-08
7.53892e-09
2.94736e-08
1.09007e-07
4.47217e-08
-8.24646e-08
1.61814e-07
7.01682e-08
-1.55189e-07
1.09603e-07
1.33308e-08
-1.94003e-08
-3.08681e-08
1.14167e-07
6.95495e-08
-3.41542e-08
1.4319e-07
8.82652e-08
-1.87804e-07
6.2643e-08
6.9267e-09
-4.44292e-08
-6.4692e-08
1.07931e-07
4.0575e-08
-3.72357e-08
1.30818e-07
8.17654e-08
-1.19588e-07
2.94218e-08
2.22312e-08
4.44206e-08
-9.83771e-08
1.17703e-07
1.10612e-07
-4.52702e-08
1.05405e-07
1.06876e-07
-1.27654e-07
-2.62453e-08
1.04615e-08
-3.61112e-08
-6.06235e-08
7.04459e-08
6.44663e-08
-1.99648e-08
6.94827e-08
1.11584e-07
-1.22947e-07
-3.61068e-08
2.26893e-08
3.50247e-08
-2.91039e-08
1.61806e-08
9.5536e-08
4.03584e-08
-1.2916e-07
1.41944e-07
-3.47016e-08
-3.96373e-08
-1.33076e-07
1.11951e-07
-5.36068e-08
-1.24428e-07
1.24726e-07
6.92846e-08
-4.94193e-08
1.37299e-07
2.97911e-08
-5.23646e-08
-6.46166e-08
6.357e-08
-1.02169e-07
-7.98313e-08
-2.36249e-09
5.30359e-08
-1.33357e-07
4.46954e-08
1.16785e-08
-1.25604e-07
-1.34988e-07
6.03492e-08
6.69892e-08
-8.45494e-08
-1.039e-07
1.15206e-07
-1.17262e-07
-2.57816e-08
4.46253e-08
-1.48057e-07
-5.13375e-08
-2.91195e-08
-5.22578e-08
8.76341e-08
-1.3794e-07
-1.78683e-08
1.27733e-07
5.47275e-08
-1.49834e-07
3.86642e-08
-2.42074e-07
-3.84287e-08
2.65777e-08
-2.55106e-08
-1.80703e-07
6.89816e-08
-2.16333e-09
-1.22521e-07
1.97882e-08
-2.7792e-08
-1.82788e-07
2.13065e-08
2.26947e-07
6.10469e-08
-2.29401e-07
2.02549e-07
-1.49696e-09
-2.30991e-07
2.16684e-07
-1.28139e-08
-1.75337e-07
1.91721e-07
1.78179e-08
-1.15861e-07
9.97817e-08
3.19655e-07
-2.54949e-07
-2.12051e-08
2.97727e-07
-2.18247e-07
2.99764e-08
-2.00972e-07
2.65077e-07
6.79432e-08
-2.52872e-07
2.6899e-07
8.61884e-08
-4.14184e-07
2.4942e-07
-3.5126e-08
-1.25333e-07
1.39169e-07
1.60985e-08
2.32543e-07
-5.93379e-08
6.75371e-08
3.03312e-07
-3.30253e-07
1.47891e-07
-1.0756e-08
-3.47919e-07
4.75891e-07
1.11229e-07
-3.7416e-07
4.22387e-07
9.10704e-08
-3.69941e-08
-1.50727e-07
7.52308e-08
1.06886e-07
5.33944e-08
2.68052e-07
1.42703e-08
-9.99905e-08
2.24123e-07
2.82966e-08
-7.00886e-09
1.44729e-07
-2.52522e-08
-1.6006e-08
1.51496e-07
4.78521e-07
-1.00794e-07
-1.99152e-07
8.83112e-08
-6.02671e-08
-2.04291e-08
-6.45319e-08
1.06617e-07
-1.97261e-09
2.23673e-07
3.27185e-08
4.00337e-08
-7.16122e-09
5.82439e-07
-8.23e-08
-2.15884e-08
-1.30709e-07
-4.07487e-08
-1.32138e-07
4.8872e-08
-3.0775e-07
7.30033e-07
-2.1576e-07
-3.61586e-07
5.82004e-07
-3.55048e-07
-3.55853e-07
6.63592e-07
-6.11264e-07
5.95119e-07
-7.41598e-07
3.72275e-08
1.77066e-07
-7.38449e-07
2.53574e-07
2.94917e-07
-7.00119e-07
7.28698e-08
2.49689e-07
4.07467e-07
-5.83696e-07
8.4662e-07
-4.69342e-07
-5.43721e-07
7.79126e-07
-1.12422e-06
-2.68953e-07
8.5829e-08
-5.42478e-08
8.65352e-07
-5.47398e-07
5.47047e-07
-8.70632e-07
-2.14412e-07
9.52206e-08
-8.65786e-07
-1.50977e-07
3.55137e-08
3.67107e-07
3.24719e-07
-9.1755e-07
1.09059e-06
-2.5462e-07
-5.04593e-07
7.57863e-07
-9.81823e-07
3.51055e-07
-2.68817e-07
5.45455e-08
-1.21321e-07
-2.5415e-07
6.67591e-07
-8.37624e-07
-2.16304e-07
5.82921e-07
-9.61206e-07
1.28695e-07
9.9067e-08
-7.34711e-07
1.55359e-06
-1.04928e-06
2.55576e-07
1.33662e-07
-3.35113e-07
1.74882e-07
-1.53987e-07
4.32328e-07
-4.35782e-07
1.01315e-07
1.1888e-06
-1.41291e-07
-7.97397e-07
-7.17829e-07
3.08641e-07
1.30437e-06
-1.17717e-06
6.31918e-08
1.55343e-06
-4.25432e-07
1.81547e-06
-1.5568e-06
1.90792e-07
3.81102e-07
-4.24034e-07
9.49776e-07
-6.45209e-07
-1.33554e-07
-6.86017e-07
2.86129e-07
1.13026e-06
-4.63865e-07
-3.05901e-07
-1.10321e-06
7.62763e-07
1.61003e-06
-1.26125e-06
8.55276e-07
1.13177e-06
-4.98807e-07
1.43667e-06
-1.00803e-06
1.14326e-06
-1.84655e-07
-3.54597e-08
-2.44467e-07
1.37338e-06
2.3267e-06
-1.88422e-06
8.53413e-07
-1.99548e-06
-4.42673e-07
2.54624e-06
-4.67064e-06
3.60598e-06
2.08832e-06
-6.727e-07
1.94451e-06
6.9426e-07
-1.46538e-06
-1.45499e-07
-8.16793e-07
-2.17498e-06
-5.6365e-07
2.78652e-06
-1.12458e-06
1.9591e-06
1.48589e-06
-1.91949e-06
5.561e-07
-2.77783e-06
2.25094e-06
1.48759e-06
-2.32793e-06
-1.79468e-06
2.3612e-06
4.04158e-06
-1.38901e-06
3.16467e-06
6.7977e-07
1.12758e-06
3.88875e-06
-1.3249e-06
3.17922e-06
7.91253e-07
-1.44805e-06
-1.44688e-06
2.05984e-06
4.70565e-06
-4.83245e-06
-3.48859e-06
-8.76534e-07
4.38557e-06
6.20599e-06
-4.53289e-06
-7.9254e-07
5.73363e-06
4.35513e-06
2.71697e-06
-2.54282e-06
1.82936e-06
4.36956e-06
-2.61385e-06
4.75802e-06
4.85957e-08
-6.48834e-06
2.70588e-06
9.51395e-06
4.0856e-06
-6.22444e-06
6.66138e-06
-6.44139e-06
1.28695e-06
6.54294e-06
-1.20377e-05
-6.36072e-06
7.03857e-06
9.26317e-06
-6.4346e-06
1.07079e-06
1.45821e-06
-2.64619e-06
-6.60792e-06
1.05598e-05
1.09844e-05
-1.78333e-06
8.50023e-06
3.35768e-06
-5.28369e-06
-4.56494e-06
-4.26694e-06
3.41804e-06
-1.7652e-06
-3.21752e-06
-7.85061e-06
7.80837e-07
1.06469e-05
-8.08594e-06
-9.78271e-07
3.60335e-06
1.18291e-05
9.3072e-06
-2.00649e-05
3.33206e-06
1.23253e-05
-2.20764e-06
5.42941e-06
-2.61012e-06
-1.07347e-05
-8.03347e-06
-1.06217e-05
1.99532e-06
6.3138e-06
-8.42082e-06
4.13769e-06
8.41463e-06
1.1314e-06
4.90648e-07
-2.03953e-06
-8.16139e-06
)
;

boundaryField
{
    inlet
    {
        type            cyclic;
    }
    outlet
    {
        type            cyclic;
    }
    sideLeft
    {
        type            cyclic;
    }
    sideRight
    {
        type            cyclic;
    }
    top
    {
        type            symmetryPlane;
    }
    bottomRoughWall
    {
        type            zeroGradient;
    }
}


// ************************************************************************* //
