/*--------------------------------*- C++ -*----------------------------------*\
| =========                 |                                                 |
| \\      /  F ield         | foam-extend: Open Source CFD                    |
|  \\    /   O peration     | Version:     3.2                                |
|   \\  /    A nd           | Web:         http://www.foam-extend.org         |
|    \\/     M anipulation  | For copyright notice see file Copyright         |
\*---------------------------------------------------------------------------*/
FoamFile
{
    version     2.0;
    format      ascii;
    class       volScalarField;
    location    "350000";
    object      Uy;
}
// * * * * * * * * * * * * * * * * * * * * * * * * * * * * * * * * * * * * * //

dimensions      [0 1 -1 0 0 0 0];

internalField   nonuniform List<scalar> 
5000
(
2.40081
2.40081
2.40081
2.40081
2.40081
2.40081
2.40081
2.40081
2.40081
2.40081
3.12634
3.12634
3.12634
3.12634
3.12634
3.12634
3.12634
3.12634
3.12634
3.12634
3.50424
3.50424
3.50424
3.50424
3.50424
3.50424
3.50424
3.50424
3.50424
3.50424
3.74674
3.74674
3.74674
3.74674
3.74674
3.74674
3.74674
3.74674
3.74674
3.74674
3.91626
3.91626
3.91626
3.91626
3.91626
3.91626
3.91626
3.91626
3.91626
3.91626
4.03783
4.03783
4.03783
4.03783
4.03783
4.03783
4.03783
4.03783
4.03783
4.03783
4.12322
4.12322
4.12322
4.12322
4.12322
4.12322
4.12322
4.12322
4.12322
4.12322
4.17851
4.17851
4.17851
4.17851
4.17851
4.17851
4.17851
4.17851
4.17851
4.17851
4.20692
4.20692
4.20692
4.20692
4.20692
4.20692
4.20692
4.20692
4.20692
4.20692
4.21011
4.21011
4.21011
4.21011
4.21011
4.21011
4.21011
4.21011
4.21011
4.21011
4.18887
4.18887
4.18887
4.18887
4.18887
4.18887
4.18887
4.18887
4.18887
4.18887
4.14345
4.14345
4.14345
4.14345
4.14345
4.14345
4.14345
4.14345
4.14345
4.14345
4.07381
4.07381
4.07381
4.07381
4.07381
4.07381
4.07381
4.07381
4.07381
4.07381
3.97979
3.97979
3.97979
3.97979
3.97979
3.97979
3.97979
3.97979
3.97979
3.97979
3.86122
3.86122
3.86122
3.86122
3.86122
3.86122
3.86122
3.86122
3.86122
3.86122
3.71804
3.71804
3.71804
3.71804
3.71804
3.71804
3.71804
3.71804
3.71804
3.71804
3.5504
3.5504
3.5504
3.5504
3.5504
3.5504
3.5504
3.5504
3.5504
3.5504
3.35878
3.35878
3.35878
3.35878
3.35878
3.35878
3.35878
3.35878
3.35878
3.35878
3.14406
3.14406
3.14406
3.14406
3.14406
3.14406
3.14406
3.14406
3.14406
3.14406
2.90768
2.90768
2.90768
2.90768
2.90768
2.90768
2.90768
2.90768
2.90768
2.90768
2.65167
2.65168
2.65168
2.65168
2.65167
2.65167
2.65168
2.65167
2.65167
2.65168
2.37884
2.37884
2.37884
2.37884
2.37884
2.37884
2.37884
2.37884
2.37884
2.37884
2.09277
2.09277
2.09277
2.09277
2.09277
2.09277
2.09277
2.09277
2.09277
2.09277
1.79793
1.79793
1.79793
1.79793
1.79793
1.79793
1.79793
1.79793
1.79793
1.79793
1.49969
1.49969
1.49969
1.49969
1.49969
1.49969
1.49969
1.49969
1.49969
1.49969
1.20428
1.20428
1.20428
1.20428
1.20428
1.20428
1.20428
1.20428
1.20428
1.20428
0.918642
0.918642
0.918642
0.918642
0.918642
0.918642
0.918642
0.918642
0.918642
0.918642
0.650251
0.650251
0.650251
0.650251
0.650251
0.650251
0.650251
0.650251
0.650251
0.650251
0.406733
0.406733
0.406733
0.406733
0.406733
0.406733
0.406733
0.406733
0.406733
0.406733
0.195377
0.195377
0.195377
0.195377
0.195377
0.195377
0.195377
0.195377
0.195377
0.195377
0.0224899
0.02249
0.0224901
0.0224898
0.0224899
0.0224901
0.0224898
0.0224899
0.0224901
0.0224898
-0.107361
-0.107362
-0.107361
-0.107361
-0.107362
-0.107361
-0.107361
-0.107362
-0.107362
-0.107361
-0.192156
-0.192156
-0.192156
-0.192156
-0.192156
-0.192156
-0.192157
-0.192156
-0.192156
-0.192157
-0.233133
-0.233133
-0.233133
-0.233133
-0.233133
-0.233133
-0.233133
-0.233133
-0.233133
-0.233133
-0.235217
-0.235216
-0.235217
-0.235217
-0.235216
-0.235217
-0.235217
-0.235216
-0.235217
-0.235217
-0.206919
-0.206919
-0.206918
-0.206919
-0.206919
-0.206919
-0.206919
-0.206919
-0.206919
-0.206918
-0.159498
-0.159499
-0.159499
-0.159498
-0.159498
-0.159499
-0.159498
-0.159498
-0.159499
-0.159499
-0.105307
-0.105307
-0.105307
-0.105308
-0.105307
-0.105307
-0.105308
-0.105308
-0.105307
-0.105307
-0.0555508
-0.0555499
-0.0555509
-0.0555508
-0.0555501
-0.0555511
-0.0555509
-0.0555502
-0.0555511
-0.0555509
-0.0180502
-0.01805
-0.0180493
-0.0180502
-0.0180498
-0.01805
-0.0180492
-0.0180501
-0.0180499
-0.0180492
0.00415806
0.00415885
0.00415778
0.00415789
0.00415824
0.00415932
0.00415805
0.00415824
0.00415891
0.00415783
0.0127202
0.0127191
0.0127192
0.0127201
0.012719
0.012719
0.0127196
0.0127204
0.0127193
0.0127194
0.0123199
0.0123204
0.0123215
0.0123201
0.0123202
0.0123211
0.0123198
0.0123201
0.0123211
0.0123197
0.00831757
0.00831612
0.00831637
0.00831748
0.00831623
0.00831629
0.00831706
0.00831762
0.00831627
0.00831649
0.00467428
0.0046746
0.00467573
0.00467444
0.00467458
0.00467567
0.00467407
0.00467431
0.00467553
0.00467408
0.00301996
0.0030182
0.00301851
0.00301969
0.00301791
0.00301811
0.00301861
0.00301985
0.00301831
0.00301869
0.00298886
0.00298918
0.00299019
0.00298957
0.00299022
0.00299112
0.00298919
0.00298928
0.00299039
0.00298862
0.0035447
0.00354295
0.00354308
0.00354446
0.00354236
0.00354278
0.00354414
0.00354235
0.00354241
0.00354289
0.00401368
0.00401504
0.00401309
0.00401372
0.00401466
0.00401518
0.004013
0.00401335
0.0040155
0.00401344
0.00426639
0.00426677
0.00426808
0.00426594
0.00426629
0.0042677
0.00426836
0.00426606
0.00426654
0.00426863
2.40081
2.40081
2.40081
2.40081
2.40081
2.40081
2.40081
2.40081
2.40081
2.40081
3.12634
3.12634
3.12634
3.12634
3.12634
3.12634
3.12634
3.12634
3.12634
3.12634
3.50424
3.50424
3.50424
3.50424
3.50424
3.50424
3.50424
3.50424
3.50424
3.50424
3.74674
3.74674
3.74674
3.74674
3.74674
3.74674
3.74674
3.74674
3.74674
3.74674
3.91626
3.91626
3.91626
3.91626
3.91626
3.91626
3.91626
3.91626
3.91626
3.91626
4.03783
4.03783
4.03783
4.03783
4.03783
4.03783
4.03783
4.03783
4.03783
4.03783
4.12322
4.12322
4.12322
4.12322
4.12322
4.12322
4.12322
4.12322
4.12322
4.12322
4.17851
4.17851
4.17851
4.17851
4.17851
4.17851
4.17851
4.17851
4.17851
4.17851
4.20692
4.20692
4.20692
4.20692
4.20692
4.20692
4.20692
4.20692
4.20692
4.20692
4.21011
4.21011
4.21011
4.21011
4.21011
4.21011
4.21011
4.21011
4.21011
4.21011
4.18887
4.18887
4.18887
4.18887
4.18887
4.18887
4.18887
4.18887
4.18887
4.18887
4.14345
4.14345
4.14345
4.14345
4.14345
4.14345
4.14345
4.14345
4.14345
4.14345
4.07381
4.07381
4.07381
4.07381
4.07381
4.07381
4.07381
4.07381
4.07381
4.07381
3.97979
3.97979
3.97979
3.97979
3.97979
3.97979
3.97979
3.97979
3.97979
3.97979
3.86122
3.86122
3.86122
3.86122
3.86122
3.86122
3.86122
3.86122
3.86122
3.86122
3.71804
3.71804
3.71804
3.71804
3.71804
3.71804
3.71804
3.71804
3.71804
3.71804
3.5504
3.5504
3.5504
3.5504
3.5504
3.5504
3.5504
3.5504
3.5504
3.5504
3.35878
3.35878
3.35878
3.35878
3.35878
3.35878
3.35878
3.35878
3.35878
3.35878
3.14406
3.14406
3.14406
3.14406
3.14406
3.14406
3.14406
3.14406
3.14406
3.14406
2.90768
2.90768
2.90768
2.90768
2.90768
2.90768
2.90768
2.90768
2.90768
2.90768
2.65168
2.65168
2.65168
2.65167
2.65168
2.65168
2.65167
2.65168
2.65168
2.65167
2.37884
2.37884
2.37884
2.37884
2.37884
2.37884
2.37884
2.37884
2.37884
2.37884
2.09277
2.09277
2.09277
2.09277
2.09277
2.09277
2.09277
2.09277
2.09277
2.09277
1.79793
1.79793
1.79793
1.79793
1.79793
1.79793
1.79793
1.79793
1.79793
1.79793
1.49969
1.49969
1.49969
1.49969
1.49969
1.49969
1.49969
1.49969
1.49969
1.49969
1.20428
1.20428
1.20428
1.20428
1.20428
1.20428
1.20428
1.20428
1.20428
1.20428
0.918642
0.918642
0.918641
0.918642
0.918642
0.918641
0.918642
0.918642
0.918641
0.918642
0.650251
0.650251
0.650251
0.650251
0.650251
0.650251
0.650251
0.650251
0.650251
0.650251
0.406733
0.406733
0.406733
0.406733
0.406733
0.406733
0.406733
0.406733
0.406733
0.406733
0.195377
0.195377
0.195377
0.195377
0.195377
0.195377
0.195377
0.195377
0.195377
0.195377
0.0224904
0.02249
0.02249
0.0224902
0.0224905
0.02249
0.0224901
0.0224904
0.02249
0.0224901
-0.107362
-0.107362
-0.107361
-0.107362
-0.107362
-0.107361
-0.107362
-0.107362
-0.107362
-0.107361
-0.192156
-0.192157
-0.192157
-0.192156
-0.192157
-0.192157
-0.192157
-0.192156
-0.192157
-0.192157
-0.233133
-0.233133
-0.233133
-0.233133
-0.233133
-0.233133
-0.233133
-0.233133
-0.233133
-0.233133
-0.235216
-0.235217
-0.235216
-0.235216
-0.235217
-0.235217
-0.235216
-0.235217
-0.235217
-0.235216
-0.206919
-0.206919
-0.206919
-0.206919
-0.206918
-0.206919
-0.206919
-0.206918
-0.206919
-0.206919
-0.159499
-0.159499
-0.159498
-0.159499
-0.159499
-0.159498
-0.159499
-0.159499
-0.159499
-0.159498
-0.105307
-0.105308
-0.105308
-0.105307
-0.105307
-0.105308
-0.105308
-0.105307
-0.105308
-0.105308
-0.0555506
-0.0555504
-0.0555498
-0.0555507
-0.0555505
-0.0555504
-0.0555494
-0.0555504
-0.0555503
-0.0555496
-0.0180503
-0.0180496
-0.0180506
-0.0180504
-0.0180497
-0.0180507
-0.0180505
-0.0180498
-0.0180508
-0.0180507
0.00415758
0.00415765
0.00415791
0.0041588
0.00415776
0.00415801
0.00415875
0.00415765
0.00415788
0.00415867
0.012719
0.0127199
0.0127187
0.0127189
0.0127191
0.0127203
0.0127189
0.0127191
0.0127199
0.0127187
0.0123194
0.012318
0.0123183
0.0123191
0.0123179
0.0123182
0.0123187
0.0123198
0.0123183
0.0123184
0.00831421
0.00831431
0.00831581
0.00831414
0.00831423
0.00831556
0.00831394
0.00831415
0.00831511
0.00831396
0.00467025
0.0046686
0.00466891
0.00467007
0.00466847
0.00466852
0.00466947
0.00467017
0.00466876
0.00466904
0.00302318
0.00302319
0.00302436
0.00302296
0.00302269
0.00302382
0.00302481
0.00302336
0.00302326
0.00302457
0.00298767
0.00298578
0.00298622
0.00298793
0.00298593
0.00298618
0.00298754
0.00298576
0.00298583
0.00298684
0.00354647
0.00354779
0.00354592
0.00354623
0.00354652
0.0035486
0.00354639
0.00354652
0.00354799
0.00354601
0.00401877
0.00401684
0.00401699
0.00401871
0.00401637
0.00401664
0.00401729
0.00401899
0.00401705
0.00401735
0.00426758
0.0042692
0.00426708
0.00426736
0.00426894
0.00426714
0.00426705
0.00426755
0.00426904
0.00426718
2.40081
2.40081
2.40081
2.40081
2.40081
2.40081
2.40081
2.40081
2.40081
2.40081
3.12634
3.12634
3.12634
3.12634
3.12634
3.12634
3.12634
3.12634
3.12634
3.12634
3.50424
3.50424
3.50424
3.50424
3.50424
3.50424
3.50424
3.50424
3.50424
3.50424
3.74674
3.74674
3.74674
3.74674
3.74674
3.74674
3.74674
3.74674
3.74674
3.74674
3.91626
3.91626
3.91626
3.91626
3.91626
3.91626
3.91626
3.91626
3.91626
3.91626
4.03783
4.03783
4.03783
4.03783
4.03783
4.03783
4.03783
4.03783
4.03783
4.03783
4.12322
4.12322
4.12322
4.12322
4.12322
4.12322
4.12322
4.12322
4.12322
4.12322
4.17851
4.17851
4.17851
4.17851
4.17851
4.17851
4.17851
4.17851
4.17851
4.17851
4.20692
4.20692
4.20692
4.20692
4.20692
4.20692
4.20692
4.20692
4.20692
4.20692
4.21011
4.21011
4.21011
4.21011
4.21011
4.21011
4.21011
4.21011
4.21011
4.21011
4.18887
4.18887
4.18887
4.18887
4.18887
4.18887
4.18887
4.18887
4.18887
4.18887
4.14345
4.14345
4.14345
4.14345
4.14345
4.14345
4.14345
4.14345
4.14345
4.14345
4.07381
4.07381
4.07381
4.07381
4.07381
4.07381
4.07381
4.07381
4.07381
4.07381
3.97979
3.97979
3.97979
3.97979
3.97979
3.97979
3.97979
3.97979
3.97979
3.97979
3.86122
3.86122
3.86122
3.86122
3.86122
3.86122
3.86122
3.86122
3.86122
3.86122
3.71804
3.71804
3.71804
3.71804
3.71804
3.71804
3.71804
3.71804
3.71804
3.71804
3.5504
3.5504
3.5504
3.5504
3.5504
3.5504
3.5504
3.5504
3.5504
3.5504
3.35878
3.35878
3.35878
3.35878
3.35878
3.35878
3.35878
3.35878
3.35878
3.35878
3.14406
3.14406
3.14406
3.14406
3.14406
3.14406
3.14406
3.14406
3.14406
3.14406
2.90768
2.90768
2.90768
2.90768
2.90768
2.90768
2.90768
2.90768
2.90768
2.90768
2.65168
2.65168
2.65168
2.65167
2.65168
2.65168
2.65167
2.65167
2.65168
2.65168
2.37884
2.37884
2.37884
2.37884
2.37884
2.37884
2.37884
2.37884
2.37884
2.37884
2.09277
2.09277
2.09277
2.09277
2.09277
2.09277
2.09277
2.09277
2.09277
2.09277
1.79793
1.79793
1.79793
1.79793
1.79793
1.79793
1.79793
1.79793
1.79793
1.79793
1.49969
1.49969
1.49969
1.49969
1.49969
1.49969
1.49969
1.49969
1.49969
1.49969
1.20428
1.20428
1.20428
1.20428
1.20428
1.20428
1.20428
1.20428
1.20428
1.20428
0.918642
0.918642
0.918641
0.918642
0.918642
0.918642
0.918642
0.918642
0.918642
0.918641
0.650251
0.650251
0.650251
0.650251
0.650251
0.650251
0.650251
0.650251
0.650251
0.650251
0.406733
0.406733
0.406733
0.406733
0.406733
0.406733
0.406733
0.406733
0.406733
0.406733
0.195377
0.195377
0.195377
0.195377
0.195377
0.195377
0.195377
0.195377
0.195377
0.195377
0.0224898
0.0224899
0.0224902
0.0224898
0.0224899
0.0224901
0.0224898
0.0224898
0.0224899
0.0224902
-0.107361
-0.107361
-0.107361
-0.107361
-0.107361
-0.107361
-0.107361
-0.107361
-0.107361
-0.107361
-0.192157
-0.192156
-0.192156
-0.192157
-0.192156
-0.192156
-0.192157
-0.192157
-0.192156
-0.192157
-0.233133
-0.233133
-0.233133
-0.233133
-0.233133
-0.233133
-0.233133
-0.233133
-0.233133
-0.233133
-0.235217
-0.235216
-0.235217
-0.235217
-0.235216
-0.235217
-0.235217
-0.235216
-0.235217
-0.235217
-0.206919
-0.206919
-0.206919
-0.206919
-0.206919
-0.206919
-0.206919
-0.206919
-0.206919
-0.206918
-0.159498
-0.159499
-0.159499
-0.159498
-0.159498
-0.159499
-0.159499
-0.159498
-0.159499
-0.159499
-0.105307
-0.105307
-0.105307
-0.105307
-0.105307
-0.105307
-0.105307
-0.105307
-0.105307
-0.105307
-0.0555503
-0.0555495
-0.0555503
-0.0555501
-0.0555495
-0.0555504
-0.0555502
-0.0555496
-0.0555505
-0.0555503
-0.0180504
-0.0180502
-0.0180495
-0.0180505
-0.0180499
-0.01805
-0.0180494
-0.0180503
-0.0180501
-0.0180494
0.00415885
0.0041596
0.00415861
0.00415881
0.00415902
0.00415981
0.00415868
0.00415891
0.00415966
0.00415863
0.0127207
0.0127195
0.0127197
0.0127205
0.0127194
0.0127194
0.0127198
0.0127205
0.0127196
0.0127198
0.0123176
0.0123177
0.0123186
0.0123175
0.0123176
0.0123185
0.0123172
0.0123175
0.0123184
0.0123173
0.00831122
0.00830981
0.00830995
0.00831042
0.00831135
0.00830983
0.00831017
0.00831114
0.00830965
0.00830994
0.00466634
0.0046669
0.00466812
0.00466678
0.00466693
0.00466818
0.0046666
0.00466685
0.00466798
0.0046665
0.00301968
0.00301829
0.00301848
0.00301935
0.00301772
0.00301865
0.00301829
0.00301889
0.00301849
0.00301906
0.00298893
0.00298966
0.00299124
0.00298949
0.00298976
0.00299104
0.0029893
0.00298941
0.00299076
0.00298885
0.00354864
0.00354703
0.00354722
0.00354872
0.00354671
0.00354712
0.00354826
0.00354651
0.00354655
0.00354729
0.00402222
0.00402366
0.00402146
0.00402226
0.00402249
0.00402406
0.00402214
0.00402233
0.00402384
0.0040217
0.00426588
0.00426668
0.00426773
0.00426567
0.00426571
0.00426653
0.0042684
0.00426643
0.0042666
0.00426788
2.40081
2.40081
2.40081
2.40081
2.40081
2.40081
2.40081
2.40081
2.40081
2.40081
3.12634
3.12634
3.12634
3.12634
3.12634
3.12634
3.12634
3.12634
3.12634
3.12634
3.50424
3.50424
3.50424
3.50424
3.50424
3.50424
3.50424
3.50424
3.50424
3.50424
3.74674
3.74674
3.74674
3.74674
3.74674
3.74674
3.74674
3.74674
3.74674
3.74674
3.91626
3.91626
3.91626
3.91626
3.91626
3.91626
3.91626
3.91626
3.91626
3.91626
4.03783
4.03783
4.03783
4.03783
4.03783
4.03783
4.03783
4.03783
4.03783
4.03783
4.12322
4.12322
4.12322
4.12322
4.12322
4.12322
4.12322
4.12322
4.12322
4.12322
4.17851
4.17851
4.17851
4.17851
4.17851
4.17851
4.17851
4.17851
4.17851
4.17851
4.20692
4.20692
4.20692
4.20692
4.20692
4.20692
4.20692
4.20692
4.20692
4.20692
4.21011
4.21011
4.21011
4.21011
4.21011
4.21011
4.21011
4.21011
4.21011
4.21011
4.18887
4.18887
4.18887
4.18887
4.18887
4.18887
4.18887
4.18887
4.18887
4.18887
4.14345
4.14345
4.14345
4.14345
4.14345
4.14345
4.14345
4.14345
4.14345
4.14345
4.07381
4.07381
4.07381
4.07381
4.07381
4.07381
4.07381
4.07381
4.07381
4.07381
3.97979
3.97979
3.97979
3.97979
3.97979
3.97979
3.97979
3.97979
3.97979
3.97979
3.86122
3.86122
3.86122
3.86122
3.86122
3.86122
3.86122
3.86122
3.86122
3.86122
3.71804
3.71804
3.71804
3.71804
3.71804
3.71804
3.71804
3.71804
3.71804
3.71804
3.5504
3.5504
3.5504
3.5504
3.5504
3.5504
3.5504
3.5504
3.5504
3.5504
3.35878
3.35878
3.35878
3.35878
3.35878
3.35878
3.35878
3.35878
3.35878
3.35878
3.14406
3.14406
3.14406
3.14406
3.14406
3.14406
3.14406
3.14406
3.14406
3.14406
2.90768
2.90768
2.90768
2.90768
2.90768
2.90768
2.90768
2.90768
2.90768
2.90768
2.65167
2.65167
2.65168
2.65167
2.65167
2.65168
2.65167
2.65167
2.65168
2.65168
2.37884
2.37884
2.37884
2.37884
2.37884
2.37884
2.37884
2.37884
2.37884
2.37884
2.09277
2.09277
2.09277
2.09277
2.09277
2.09277
2.09277
2.09277
2.09277
2.09277
1.79793
1.79793
1.79793
1.79793
1.79793
1.79793
1.79793
1.79793
1.79793
1.79793
1.49969
1.49969
1.49969
1.49969
1.49969
1.49969
1.49969
1.49969
1.49969
1.49969
1.20428
1.20428
1.20428
1.20428
1.20428
1.20428
1.20428
1.20428
1.20428
1.20428
0.918641
0.918641
0.918642
0.918642
0.918642
0.918642
0.918642
0.918642
0.918642
0.918642
0.650251
0.650251
0.650251
0.650251
0.650251
0.650251
0.650251
0.650251
0.650251
0.650251
0.406733
0.406733
0.406733
0.406733
0.406733
0.406733
0.406733
0.406733
0.406733
0.406733
0.195377
0.195377
0.195377
0.195377
0.195377
0.195377
0.195377
0.195377
0.195377
0.195377
0.0224902
0.0224897
0.0224899
0.02249
0.0224903
0.0224899
0.0224899
0.0224902
0.0224898
0.0224899
-0.107362
-0.107362
-0.107361
-0.107362
-0.107362
-0.107361
-0.107362
-0.107362
-0.107361
-0.107361
-0.192156
-0.192157
-0.192157
-0.192156
-0.192157
-0.192157
-0.192157
-0.192156
-0.192157
-0.192157
-0.233133
-0.233132
-0.233133
-0.233133
-0.233133
-0.233132
-0.233133
-0.233133
-0.233132
-0.233133
-0.235217
-0.235216
-0.235216
-0.235216
-0.235216
-0.235216
-0.235216
-0.235217
-0.235216
-0.235216
-0.206919
-0.206919
-0.206919
-0.206919
-0.206918
-0.206919
-0.206919
-0.206918
-0.206919
-0.206919
-0.159499
-0.159498
-0.159498
-0.159499
-0.159499
-0.159498
-0.159499
-0.159499
-0.159499
-0.159498
-0.105306
-0.105307
-0.105307
-0.105307
-0.105306
-0.105307
-0.105307
-0.105306
-0.105307
-0.105307
-0.0555499
-0.0555497
-0.0555491
-0.05555
-0.05555
-0.0555497
-0.0555489
-0.0555497
-0.0555496
-0.055549
-0.0180491
-0.0180482
-0.0180492
-0.018049
-0.0180483
-0.0180493
-0.0180491
-0.0180484
-0.0180494
-0.0180491
0.00415895
0.00415935
0.00415987
0.00416025
0.00415924
0.00415945
0.00416025
0.0041591
0.00415931
0.00416006
0.0127196
0.0127204
0.0127192
0.0127194
0.0127198
0.0127208
0.0127193
0.0127196
0.0127205
0.0127193
0.0123181
0.0123167
0.012317
0.0123179
0.0123165
0.0123168
0.0123174
0.0123185
0.0123168
0.012317
0.00830831
0.00830848
0.00830959
0.00830838
0.00830845
0.00830927
0.00830803
0.008308
0.00830871
0.0083096
0.00465811
0.00465661
0.004657
0.00465821
0.00465678
0.00465678
0.00465728
0.00465815
0.00465674
0.00465693
0.00301404
0.00301253
0.00301306
0.00301407
0.00301228
0.00301272
0.00301364
0.00301459
0.00301289
0.00301329
0.00298755
0.00298554
0.00298602
0.00298727
0.00298549
0.00298591
0.00298722
0.00298524
0.0029855
0.00298612
0.00355764
0.00355904
0.00355716
0.00355749
0.00355762
0.00355904
0.00355747
0.00355775
0.00355931
0.00355726
0.00403353
0.00403155
0.00403173
0.00403334
0.00403185
0.00403187
0.0040324
0.0040338
0.00403187
0.00403199
0.00426356
0.00426537
0.0042633
0.00426338
0.00426434
0.0042662
0.00426364
0.00426391
0.00426546
0.00426306
2.40081
2.40081
2.40081
2.40081
2.40081
2.40081
2.40081
2.40081
2.40081
2.40081
3.12634
3.12634
3.12634
3.12634
3.12634
3.12634
3.12634
3.12634
3.12634
3.12634
3.50424
3.50424
3.50424
3.50424
3.50424
3.50424
3.50424
3.50424
3.50424
3.50424
3.74674
3.74674
3.74674
3.74674
3.74674
3.74674
3.74674
3.74674
3.74674
3.74674
3.91626
3.91626
3.91626
3.91626
3.91626
3.91626
3.91626
3.91626
3.91626
3.91626
4.03783
4.03783
4.03783
4.03783
4.03783
4.03783
4.03783
4.03783
4.03783
4.03783
4.12322
4.12322
4.12322
4.12322
4.12322
4.12322
4.12322
4.12322
4.12322
4.12322
4.17851
4.17851
4.17851
4.17851
4.17851
4.17851
4.17851
4.17851
4.17851
4.17851
4.20692
4.20692
4.20692
4.20692
4.20692
4.20692
4.20692
4.20692
4.20692
4.20692
4.21011
4.21011
4.21011
4.21011
4.21011
4.21011
4.21011
4.21011
4.21011
4.21011
4.18887
4.18887
4.18887
4.18887
4.18887
4.18887
4.18887
4.18887
4.18887
4.18887
4.14345
4.14345
4.14345
4.14345
4.14345
4.14345
4.14345
4.14345
4.14345
4.14345
4.07381
4.07381
4.07381
4.07381
4.07381
4.07381
4.07381
4.07381
4.07381
4.07381
3.97979
3.97979
3.97979
3.97979
3.97979
3.97979
3.97979
3.97979
3.97979
3.97979
3.86122
3.86122
3.86122
3.86122
3.86122
3.86122
3.86122
3.86122
3.86122
3.86122
3.71804
3.71804
3.71804
3.71804
3.71804
3.71804
3.71804
3.71804
3.71804
3.71804
3.5504
3.5504
3.5504
3.5504
3.5504
3.5504
3.5504
3.5504
3.5504
3.5504
3.35878
3.35878
3.35878
3.35878
3.35878
3.35878
3.35878
3.35878
3.35878
3.35878
3.14406
3.14406
3.14406
3.14406
3.14406
3.14406
3.14406
3.14406
3.14406
3.14406
2.90768
2.90768
2.90768
2.90768
2.90768
2.90768
2.90768
2.90768
2.90768
2.90768
2.65167
2.65168
2.65168
2.65167
2.65167
2.65168
2.65167
2.65167
2.65168
2.65167
2.37884
2.37884
2.37884
2.37884
2.37884
2.37884
2.37884
2.37884
2.37884
2.37884
2.09277
2.09277
2.09277
2.09277
2.09277
2.09277
2.09277
2.09277
2.09277
2.09277
1.79793
1.79793
1.79793
1.79793
1.79793
1.79793
1.79793
1.79793
1.79793
1.79793
1.49969
1.49969
1.49969
1.49969
1.49969
1.49969
1.49969
1.49969
1.49969
1.49969
1.20428
1.20428
1.20428
1.20428
1.20428
1.20428
1.20428
1.20428
1.20428
1.20428
0.918642
0.918642
0.918642
0.918642
0.918642
0.918642
0.918642
0.918642
0.918642
0.918642
0.650251
0.650251
0.650251
0.650251
0.650251
0.650251
0.650251
0.650251
0.650251
0.650251
0.406733
0.406733
0.406733
0.406733
0.406733
0.406733
0.406733
0.406733
0.406733
0.406733
0.195377
0.195377
0.195377
0.195377
0.195377
0.195377
0.195377
0.195377
0.195377
0.195377
0.0224896
0.0224897
0.0224899
0.0224896
0.0224897
0.0224899
0.0224896
0.0224897
0.0224898
0.02249
-0.107361
-0.107362
-0.107361
-0.107362
-0.107361
-0.107362
-0.107362
-0.107361
-0.107362
-0.107362
-0.192156
-0.192156
-0.192156
-0.192156
-0.192156
-0.192156
-0.192156
-0.192156
-0.192156
-0.192157
-0.233133
-0.233132
-0.233133
-0.233133
-0.233133
-0.233133
-0.233133
-0.233133
-0.233133
-0.233133
-0.235217
-0.235216
-0.235217
-0.235217
-0.235216
-0.235217
-0.235217
-0.235216
-0.235217
-0.235217
-0.206919
-0.206919
-0.206918
-0.206919
-0.206919
-0.206918
-0.206919
-0.206919
-0.206919
-0.206918
-0.159498
-0.159498
-0.159498
-0.159498
-0.159498
-0.159498
-0.159498
-0.159498
-0.159498
-0.159498
-0.105307
-0.105307
-0.105306
-0.105307
-0.105307
-0.105306
-0.105307
-0.105307
-0.105306
-0.105306
-0.0555492
-0.0555482
-0.0555492
-0.0555491
-0.0555484
-0.0555493
-0.0555492
-0.0555485
-0.0555494
-0.0555492
-0.0180489
-0.0180487
-0.018048
-0.0180489
-0.0180487
-0.0180487
-0.0180479
-0.0180488
-0.0180486
-0.0180479
0.00415949
0.00416038
0.00415929
0.00415943
0.00415961
0.00416064
0.0041594
0.00415958
0.00416035
0.00415927
0.0127201
0.0127189
0.0127192
0.01272
0.0127189
0.012719
0.012719
0.0127201
0.0127191
0.0127193
0.0123155
0.0123157
0.0123167
0.0123155
0.0123156
0.0123166
0.0123153
0.0123155
0.0123161
0.0123169
0.00830841
0.00830692
0.00830727
0.00830824
0.00830704
0.0083069
0.00830769
0.00830839
0.00830706
0.00830729
0.00465927
0.00465968
0.00466116
0.00465959
0.00465973
0.00466086
0.00465928
0.00465955
0.00466065
0.00465916
0.00300648
0.00300434
0.00300475
0.00300607
0.0030043
0.00300553
0.00300545
0.00300626
0.00300457
0.00300506
0.00298357
0.00298446
0.00298561
0.00298406
0.00298423
0.00298563
0.00298384
0.00298398
0.0029853
0.00298372
0.00355873
0.00355657
0.00355679
0.00355827
0.00355628
0.00355676
0.00355831
0.00355642
0.0035565
0.00355695
0.00403792
0.00403897
0.00403723
0.0040382
0.00403793
0.00403979
0.00403773
0.00403802
0.0040393
0.00403745
0.0042666
0.00426696
0.00426491
0.00426537
0.00426739
0.0042652
0.00426567
0.00426716
0.00426505
0.00426532
2.40081
2.40081
2.40081
2.40081
2.40081
2.40081
2.40081
2.40081
2.40081
2.40081
3.12634
3.12634
3.12634
3.12634
3.12634
3.12634
3.12634
3.12634
3.12634
3.12634
3.50424
3.50424
3.50424
3.50424
3.50424
3.50424
3.50424
3.50424
3.50424
3.50424
3.74674
3.74674
3.74674
3.74674
3.74674
3.74674
3.74674
3.74674
3.74674
3.74674
3.91626
3.91626
3.91626
3.91626
3.91626
3.91626
3.91626
3.91626
3.91626
3.91626
4.03783
4.03783
4.03783
4.03783
4.03783
4.03783
4.03783
4.03783
4.03783
4.03783
4.12322
4.12322
4.12322
4.12322
4.12322
4.12322
4.12322
4.12322
4.12322
4.12322
4.17851
4.17851
4.17851
4.17851
4.17851
4.17851
4.17851
4.17851
4.17851
4.17851
4.20692
4.20692
4.20692
4.20692
4.20692
4.20692
4.20692
4.20692
4.20692
4.20692
4.21011
4.21011
4.21011
4.21011
4.21011
4.21011
4.21011
4.21011
4.21011
4.21011
4.18887
4.18887
4.18887
4.18887
4.18887
4.18887
4.18887
4.18887
4.18887
4.18887
4.14345
4.14345
4.14345
4.14345
4.14345
4.14345
4.14345
4.14345
4.14345
4.14345
4.07381
4.07381
4.07381
4.07381
4.07381
4.07381
4.07381
4.07381
4.07381
4.07381
3.97979
3.97979
3.97979
3.97979
3.97979
3.97979
3.97979
3.97979
3.97979
3.97979
3.86122
3.86122
3.86122
3.86122
3.86122
3.86122
3.86122
3.86122
3.86122
3.86122
3.71804
3.71804
3.71804
3.71804
3.71804
3.71804
3.71804
3.71804
3.71804
3.71804
3.5504
3.5504
3.5504
3.5504
3.5504
3.5504
3.5504
3.5504
3.5504
3.5504
3.35878
3.35878
3.35878
3.35878
3.35878
3.35878
3.35878
3.35878
3.35878
3.35878
3.14406
3.14406
3.14406
3.14406
3.14406
3.14406
3.14406
3.14406
3.14406
3.14406
2.90768
2.90768
2.90768
2.90768
2.90768
2.90768
2.90768
2.90768
2.90768
2.90768
2.65167
2.65167
2.65168
2.65167
2.65167
2.65168
2.65167
2.65167
2.65168
2.65167
2.37884
2.37884
2.37884
2.37884
2.37884
2.37884
2.37884
2.37884
2.37884
2.37884
2.09277
2.09277
2.09277
2.09277
2.09277
2.09277
2.09277
2.09277
2.09277
2.09277
1.79793
1.79793
1.79793
1.79793
1.79793
1.79793
1.79793
1.79793
1.79793
1.79793
1.49969
1.49969
1.49969
1.49969
1.49969
1.49969
1.49969
1.49969
1.49969
1.49969
1.20428
1.20428
1.20428
1.20428
1.20428
1.20428
1.20428
1.20428
1.20428
1.20428
0.918642
0.918642
0.918642
0.918642
0.918642
0.918642
0.918642
0.918642
0.918642
0.918642
0.650251
0.650251
0.650251
0.650251
0.650251
0.650251
0.650251
0.650251
0.650251
0.650251
0.406733
0.406733
0.406733
0.406733
0.406733
0.406733
0.406733
0.406733
0.406733
0.406733
0.195377
0.195377
0.195377
0.195377
0.195377
0.195377
0.195377
0.195377
0.195377
0.195377
0.02249
0.0224896
0.0224897
0.02249
0.0224896
0.0224897
0.0224898
0.02249
0.0224896
0.0224897
-0.107362
-0.107361
-0.107362
-0.107362
-0.107362
-0.107361
-0.107362
-0.107362
-0.107361
-0.107362
-0.192156
-0.192157
-0.192156
-0.192156
-0.192157
-0.192156
-0.192156
-0.192157
-0.192157
-0.192156
-0.233133
-0.233132
-0.233133
-0.233133
-0.233132
-0.233133
-0.233133
-0.233133
-0.233132
-0.233133
-0.235217
-0.235217
-0.235216
-0.235217
-0.235217
-0.235216
-0.235217
-0.235217
-0.235216
-0.235216
-0.206919
-0.206919
-0.206919
-0.206919
-0.206919
-0.206919
-0.206919
-0.206919
-0.206919
-0.206919
-0.159498
-0.159498
-0.159497
-0.159498
-0.159498
-0.159498
-0.159498
-0.159498
-0.159498
-0.159497
-0.105306
-0.105307
-0.105307
-0.105306
-0.105306
-0.105307
-0.105306
-0.105306
-0.105307
-0.105307
-0.0555506
-0.0555504
-0.0555498
-0.0555506
-0.0555505
-0.0555504
-0.0555497
-0.0555504
-0.0555503
-0.0555496
-0.0180484
-0.0180477
-0.0180489
-0.0180487
-0.0180479
-0.018049
-0.0180487
-0.018048
-0.018049
-0.0180489
0.00416013
0.00416026
0.00416044
0.00416144
0.00416034
0.00416054
0.00416135
0.00416022
0.00416043
0.00416121
0.0127186
0.0127194
0.0127183
0.0127184
0.012719
0.0127195
0.0127184
0.0127188
0.0127196
0.0127183
0.0123151
0.0123138
0.0123141
0.012315
0.0123138
0.0123139
0.0123144
0.0123157
0.0123143
0.0123145
0.00830673
0.00830688
0.00830791
0.00830657
0.0083067
0.00830785
0.0083065
0.00830639
0.0083071
0.00830809
0.00465715
0.00465545
0.00465579
0.00465694
0.00465548
0.00465559
0.00465598
0.00465712
0.00465577
0.00465599
0.00301364
0.00301369
0.00301479
0.00301528
0.00301366
0.00301409
0.00301537
0.00301395
0.00301405
0.00301517
0.00298928
0.00298752
0.00298787
0.00298933
0.00298744
0.00298791
0.00298923
0.00298741
0.00298761
0.00298866
0.00356181
0.00356296
0.00356172
0.00356123
0.00356129
0.00356325
0.00356148
0.00356179
0.00356328
0.00356134
0.0040403
0.00403764
0.00403893
0.00403897
0.0040404
0.00403865
0.00403885
0.00404015
0.0040378
0.00403825
0.00425669
0.00425508
0.00425521
0.0042569
0.00425464
0.00425524
0.00425717
0.00425501
0.00425504
0.00425568
2.40081
2.40081
2.40081
2.40081
2.40081
2.40081
2.40081
2.40081
2.40081
2.40081
3.12634
3.12634
3.12634
3.12634
3.12634
3.12634
3.12634
3.12634
3.12634
3.12634
3.50424
3.50424
3.50424
3.50424
3.50424
3.50424
3.50424
3.50424
3.50424
3.50424
3.74674
3.74674
3.74674
3.74674
3.74674
3.74674
3.74674
3.74674
3.74674
3.74674
3.91626
3.91626
3.91626
3.91626
3.91626
3.91626
3.91626
3.91626
3.91626
3.91626
4.03783
4.03783
4.03783
4.03783
4.03783
4.03783
4.03783
4.03783
4.03783
4.03783
4.12322
4.12322
4.12322
4.12322
4.12322
4.12322
4.12322
4.12322
4.12322
4.12322
4.17851
4.17851
4.17851
4.17851
4.17851
4.17851
4.17851
4.17851
4.17851
4.17851
4.20692
4.20692
4.20692
4.20692
4.20692
4.20692
4.20692
4.20692
4.20692
4.20692
4.21011
4.21011
4.21011
4.21011
4.21011
4.21011
4.21011
4.21011
4.21011
4.21011
4.18887
4.18887
4.18887
4.18887
4.18887
4.18887
4.18887
4.18887
4.18887
4.18887
4.14345
4.14345
4.14345
4.14345
4.14345
4.14345
4.14345
4.14345
4.14345
4.14345
4.07381
4.07381
4.07381
4.07381
4.07381
4.07381
4.07381
4.07381
4.07381
4.07381
3.97979
3.97979
3.97979
3.97979
3.97979
3.97979
3.97979
3.97979
3.97979
3.97979
3.86122
3.86122
3.86122
3.86122
3.86122
3.86122
3.86122
3.86122
3.86122
3.86122
3.71804
3.71804
3.71804
3.71804
3.71804
3.71804
3.71804
3.71804
3.71804
3.71804
3.5504
3.5504
3.5504
3.5504
3.5504
3.5504
3.5504
3.5504
3.5504
3.5504
3.35878
3.35878
3.35878
3.35878
3.35878
3.35878
3.35878
3.35878
3.35878
3.35878
3.14406
3.14406
3.14406
3.14406
3.14406
3.14406
3.14406
3.14406
3.14406
3.14406
2.90768
2.90768
2.90768
2.90768
2.90768
2.90768
2.90768
2.90768
2.90768
2.90768
2.65168
2.65168
2.65167
2.65168
2.65168
2.65167
2.65168
2.65168
2.65167
2.65168
2.37884
2.37884
2.37884
2.37884
2.37884
2.37884
2.37884
2.37884
2.37884
2.37884
2.09277
2.09277
2.09277
2.09277
2.09277
2.09277
2.09277
2.09277
2.09277
2.09277
1.79793
1.79793
1.79793
1.79793
1.79793
1.79793
1.79793
1.79793
1.79793
1.79793
1.49969
1.49969
1.49969
1.49969
1.49969
1.49969
1.49969
1.49969
1.49969
1.49969
1.20428
1.20428
1.20428
1.20428
1.20428
1.20428
1.20428
1.20428
1.20428
1.20428
0.918642
0.918642
0.918641
0.918642
0.918642
0.918641
0.918642
0.918642
0.918642
0.918642
0.650251
0.650251
0.650251
0.650251
0.650251
0.650251
0.650251
0.650251
0.650251
0.650251
0.406733
0.406733
0.406733
0.406733
0.406733
0.406733
0.406733
0.406733
0.406733
0.406733
0.195377
0.195377
0.195377
0.195377
0.195377
0.195377
0.195377
0.195377
0.195377
0.195377
0.0224899
0.0224901
0.0224898
0.0224899
0.0224901
0.0224898
0.0224898
0.0224899
0.0224901
0.0224898
-0.107362
-0.107362
-0.107362
-0.107361
-0.107362
-0.107361
-0.107361
-0.107362
-0.107362
-0.107361
-0.192156
-0.192156
-0.192156
-0.192156
-0.192156
-0.192157
-0.192156
-0.192156
-0.192156
-0.192156
-0.233132
-0.233132
-0.233133
-0.233132
-0.233133
-0.233133
-0.233132
-0.233132
-0.233132
-0.233133
-0.235217
-0.235216
-0.235217
-0.235217
-0.235216
-0.235217
-0.235217
-0.235216
-0.235217
-0.235217
-0.206919
-0.206919
-0.206918
-0.206919
-0.206919
-0.206919
-0.206919
-0.206919
-0.206919
-0.206918
-0.159498
-0.159498
-0.159498
-0.159498
-0.159498
-0.159498
-0.159498
-0.159498
-0.159498
-0.159498
-0.105307
-0.105306
-0.105306
-0.105307
-0.105306
-0.105306
-0.105307
-0.105307
-0.105306
-0.105306
-0.05555
-0.0555494
-0.0555503
-0.0555501
-0.0555494
-0.0555503
-0.0555501
-0.0555495
-0.0555504
-0.0555503
-0.0180496
-0.0180493
-0.0180492
-0.0180487
-0.0180495
-0.0180493
-0.0180485
-0.0180495
-0.0180493
-0.0180486
0.00415971
0.00416047
0.00415941
0.00415962
0.00415971
0.00416094
0.00415966
0.00415984
0.0041606
0.00415951
0.0127202
0.012719
0.0127192
0.01272
0.0127189
0.0127188
0.0127193
0.0127202
0.0127192
0.0127194
0.0123177
0.0123181
0.0123191
0.012318
0.0123181
0.0123191
0.0123178
0.012318
0.0123189
0.0123178
0.00831187
0.00831033
0.00831066
0.0083117
0.00831029
0.0083104
0.00831084
0.00831182
0.00831051
0.00831072
0.00466335
0.0046637
0.00466525
0.0046636
0.00466367
0.00466492
0.0046634
0.00466366
0.00466473
0.0046632
0.00300798
0.00300624
0.00300668
0.00300792
0.00300592
0.00300619
0.00300672
0.00300791
0.00300628
0.00300656
0.00298641
0.00298664
0.00298847
0.00298676
0.00298687
0.00298836
0.00298661
0.00298669
0.00298816
0.00298634
0.00355961
0.00355785
0.00355807
0.0035596
0.00355767
0.00355816
0.0035597
0.00355777
0.00355775
0.00355857
0.00403259
0.00403279
0.00403413
0.00403221
0.00403263
0.00403405
0.00403205
0.00403224
0.00403307
0.0040348
0.00425883
0.00426003
0.00425831
0.00425844
0.004259
0.00426048
0.00425802
0.00425846
0.00426022
0.00425837
2.40081
2.40081
2.40081
2.40081
2.40081
2.40081
2.40081
2.40081
2.40081
2.40081
3.12634
3.12634
3.12634
3.12634
3.12634
3.12634
3.12634
3.12634
3.12634
3.12634
3.50424
3.50424
3.50424
3.50424
3.50424
3.50424
3.50424
3.50424
3.50424
3.50424
3.74674
3.74674
3.74674
3.74674
3.74674
3.74674
3.74674
3.74674
3.74674
3.74674
3.91626
3.91626
3.91626
3.91626
3.91626
3.91626
3.91626
3.91626
3.91626
3.91626
4.03783
4.03783
4.03783
4.03783
4.03783
4.03783
4.03783
4.03783
4.03783
4.03783
4.12322
4.12322
4.12322
4.12322
4.12322
4.12322
4.12322
4.12322
4.12322
4.12322
4.17851
4.17851
4.17851
4.17851
4.17851
4.17851
4.17851
4.17851
4.17851
4.17851
4.20692
4.20692
4.20692
4.20692
4.20692
4.20692
4.20692
4.20692
4.20692
4.20692
4.21011
4.21011
4.21011
4.21011
4.21011
4.21011
4.21011
4.21011
4.21011
4.21011
4.18887
4.18887
4.18887
4.18887
4.18887
4.18887
4.18887
4.18887
4.18887
4.18887
4.14345
4.14345
4.14345
4.14345
4.14345
4.14345
4.14345
4.14345
4.14345
4.14345
4.07381
4.07381
4.07381
4.07381
4.07381
4.07381
4.07381
4.07381
4.07381
4.07381
3.97979
3.97979
3.97979
3.97979
3.97979
3.97979
3.97979
3.97979
3.97979
3.97979
3.86122
3.86122
3.86122
3.86122
3.86122
3.86122
3.86122
3.86122
3.86122
3.86122
3.71804
3.71804
3.71804
3.71804
3.71804
3.71804
3.71804
3.71804
3.71804
3.71804
3.5504
3.5504
3.5504
3.5504
3.5504
3.5504
3.5504
3.5504
3.5504
3.5504
3.35878
3.35878
3.35878
3.35878
3.35878
3.35878
3.35878
3.35878
3.35878
3.35878
3.14406
3.14406
3.14406
3.14406
3.14406
3.14406
3.14406
3.14406
3.14406
3.14406
2.90768
2.90768
2.90768
2.90768
2.90768
2.90768
2.90768
2.90768
2.90768
2.90768
2.65167
2.65168
2.65167
2.65167
2.65168
2.65167
2.65167
2.65168
2.65167
2.65167
2.37884
2.37884
2.37884
2.37884
2.37884
2.37884
2.37884
2.37884
2.37884
2.37884
2.09277
2.09277
2.09277
2.09277
2.09277
2.09277
2.09277
2.09277
2.09277
2.09277
1.79793
1.79793
1.79793
1.79793
1.79793
1.79793
1.79793
1.79793
1.79793
1.79793
1.49969
1.49969
1.49969
1.49969
1.49969
1.49969
1.49969
1.49969
1.49969
1.49969
1.20428
1.20428
1.20428
1.20428
1.20428
1.20428
1.20428
1.20428
1.20428
1.20428
0.918642
0.918642
0.918642
0.918642
0.918642
0.918642
0.918642
0.918642
0.918642
0.918642
0.650251
0.650251
0.650251
0.650251
0.650251
0.650251
0.650251
0.650251
0.650251
0.650251
0.406733
0.406733
0.406733
0.406733
0.406733
0.406733
0.406733
0.406733
0.406733
0.406733
0.195377
0.195377
0.195377
0.195377
0.195377
0.195377
0.195377
0.195377
0.195377
0.195377
0.0224898
0.0224898
0.0224899
0.0224901
0.0224898
0.0224899
0.0224902
0.0224898
0.0224899
0.0224901
-0.107361
-0.107361
-0.107362
-0.107361
-0.107361
-0.107362
-0.107362
-0.107361
-0.107361
-0.107361
-0.192156
-0.192156
-0.192156
-0.192156
-0.192156
-0.192156
-0.192156
-0.192156
-0.192156
-0.192156
-0.233133
-0.233132
-0.233133
-0.233133
-0.233133
-0.233133
-0.233133
-0.233133
-0.233133
-0.233133
-0.235217
-0.235216
-0.235216
-0.235217
-0.235217
-0.235216
-0.235217
-0.235217
-0.235216
-0.235216
-0.206918
-0.206919
-0.206919
-0.206919
-0.206918
-0.206919
-0.206919
-0.206918
-0.206919
-0.206919
-0.159498
-0.159498
-0.159498
-0.159499
-0.159498
-0.159498
-0.159498
-0.159498
-0.159498
-0.159498
-0.105307
-0.105307
-0.105308
-0.105307
-0.105307
-0.105308
-0.105307
-0.105307
-0.105308
-0.105307
-0.0555511
-0.055551
-0.0555507
-0.0555503
-0.055551
-0.0555508
-0.0555502
-0.055551
-0.0555509
-0.0555502
-0.0180489
-0.0180482
-0.0180492
-0.018049
-0.0180483
-0.0180493
-0.0180491
-0.0180484
-0.0180494
-0.0180488
0.00415932
0.00415942
0.00415977
0.00416079
0.00415958
0.0041598
0.0041605
0.00415941
0.00415964
0.00416042
0.0127183
0.0127191
0.012718
0.012718
0.0127184
0.0127194
0.0127183
0.0127185
0.0127194
0.012718
0.0123177
0.0123164
0.0123168
0.0123177
0.0123164
0.0123166
0.0123171
0.0123183
0.0123167
0.0123169
0.00831404
0.00831425
0.00831542
0.00831414
0.00831426
0.00831535
0.00831421
0.00831428
0.00831436
0.00831562
0.00466681
0.00466515
0.00466549
0.00466649
0.00466504
0.00466508
0.00466565
0.00466668
0.00466533
0.00466558
0.00301786
0.00301798
0.00301921
0.00301776
0.00301761
0.0030187
0.00301971
0.00301823
0.00301835
0.00301954
0.00298897
0.0029874
0.00298779
0.00298894
0.00298703
0.0029875
0.00298884
0.00298716
0.00298722
0.00298759
0.00355331
0.00355476
0.00355287
0.00355318
0.00355344
0.00355557
0.00355339
0.0035535
0.00355495
0.00355289
0.00402696
0.00402485
0.00402596
0.00402587
0.00402728
0.00402526
0.00402574
0.00402707
0.00402491
0.00402532
0.00426016
0.00425815
0.0042584
0.00426026
0.0042584
0.00425817
0.00425937
0.00425999
0.00425752
0.00425809
2.40081
2.40081
2.40081
2.40081
2.40081
2.40081
2.40081
2.40081
2.40081
2.40081
3.12634
3.12634
3.12634
3.12634
3.12634
3.12634
3.12634
3.12634
3.12634
3.12634
3.50424
3.50424
3.50424
3.50424
3.50424
3.50424
3.50424
3.50424
3.50424
3.50424
3.74674
3.74674
3.74674
3.74674
3.74674
3.74674
3.74674
3.74674
3.74674
3.74674
3.91626
3.91626
3.91626
3.91626
3.91626
3.91626
3.91626
3.91626
3.91626
3.91626
4.03783
4.03783
4.03783
4.03783
4.03783
4.03783
4.03783
4.03783
4.03783
4.03783
4.12322
4.12322
4.12322
4.12322
4.12322
4.12322
4.12322
4.12322
4.12322
4.12322
4.17851
4.17851
4.17851
4.17851
4.17851
4.17851
4.17851
4.17851
4.17851
4.17851
4.20692
4.20692
4.20692
4.20692
4.20692
4.20692
4.20692
4.20692
4.20692
4.20692
4.21011
4.21011
4.21011
4.21011
4.21011
4.21011
4.21011
4.21011
4.21011
4.21011
4.18887
4.18887
4.18887
4.18887
4.18887
4.18887
4.18887
4.18887
4.18887
4.18887
4.14345
4.14345
4.14345
4.14345
4.14345
4.14345
4.14345
4.14345
4.14345
4.14345
4.07381
4.07381
4.07381
4.07381
4.07381
4.07381
4.07381
4.07381
4.07381
4.07381
3.97979
3.97979
3.97979
3.97979
3.97979
3.97979
3.97979
3.97979
3.97979
3.97979
3.86122
3.86122
3.86122
3.86122
3.86122
3.86122
3.86122
3.86122
3.86122
3.86122
3.71804
3.71804
3.71804
3.71804
3.71804
3.71804
3.71804
3.71804
3.71804
3.71804
3.5504
3.5504
3.5504
3.5504
3.5504
3.5504
3.5504
3.5504
3.5504
3.5504
3.35878
3.35878
3.35878
3.35878
3.35878
3.35878
3.35878
3.35878
3.35878
3.35878
3.14406
3.14406
3.14406
3.14406
3.14406
3.14406
3.14406
3.14406
3.14406
3.14406
2.90768
2.90768
2.90768
2.90768
2.90768
2.90768
2.90768
2.90768
2.90768
2.90768
2.65167
2.65168
2.65167
2.65167
2.65168
2.65167
2.65167
2.65168
2.65167
2.65167
2.37884
2.37884
2.37884
2.37884
2.37884
2.37884
2.37884
2.37884
2.37884
2.37884
2.09277
2.09277
2.09277
2.09277
2.09277
2.09277
2.09277
2.09277
2.09277
2.09277
1.79793
1.79793
1.79793
1.79793
1.79793
1.79793
1.79793
1.79793
1.79793
1.79793
1.49969
1.49969
1.49969
1.49969
1.49969
1.49969
1.49969
1.49969
1.49969
1.49969
1.20428
1.20428
1.20428
1.20428
1.20428
1.20428
1.20428
1.20428
1.20428
1.20428
0.918642
0.918642
0.918642
0.918642
0.918642
0.918642
0.918642
0.918642
0.918642
0.918642
0.650251
0.650251
0.650251
0.650251
0.650251
0.650251
0.650251
0.650251
0.650251
0.650251
0.406733
0.406733
0.406733
0.406733
0.406733
0.406733
0.406733
0.406733
0.406733
0.406733
0.195377
0.195377
0.195377
0.195377
0.195377
0.195377
0.195377
0.195377
0.195377
0.195377
0.02249
0.0224903
0.0224899
0.02249
0.0224903
0.0224899
0.0224901
0.02249
0.0224904
0.0224899
-0.107362
-0.107361
-0.107361
-0.107361
-0.107362
-0.107361
-0.107361
-0.107362
-0.107361
-0.107361
-0.192157
-0.192156
-0.192157
-0.192157
-0.192156
-0.192157
-0.192157
-0.192157
-0.192156
-0.192157
-0.233133
-0.233133
-0.233133
-0.233133
-0.233133
-0.233133
-0.233133
-0.233133
-0.233133
-0.233133
-0.235217
-0.235216
-0.235217
-0.235217
-0.235216
-0.235217
-0.235217
-0.235216
-0.235217
-0.235217
-0.206919
-0.206919
-0.206918
-0.206919
-0.206919
-0.206918
-0.206919
-0.206919
-0.206919
-0.206918
-0.159498
-0.159498
-0.159498
-0.159498
-0.159498
-0.159498
-0.159498
-0.159498
-0.159498
-0.159498
-0.105307
-0.105307
-0.105306
-0.105307
-0.105307
-0.105306
-0.105307
-0.105307
-0.105307
-0.105306
-0.0555514
-0.0555508
-0.0555516
-0.0555514
-0.0555509
-0.0555517
-0.0555515
-0.0555509
-0.0555517
-0.0555516
-0.018051
-0.0180504
-0.0180505
-0.0180501
-0.018051
-0.0180507
-0.01805
-0.0180509
-0.0180507
-0.01805
0.00415924
0.00416003
0.00415896
0.00415916
0.00415922
0.00416033
0.0041592
0.00415938
0.00416018
0.00415904
0.0127204
0.0127192
0.0127195
0.0127202
0.012719
0.0127193
0.0127196
0.0127207
0.0127194
0.0127195
0.0123203
0.0123207
0.0123219
0.0123207
0.0123208
0.0123218
0.0123204
0.0123207
0.0123216
0.0123203
0.00832002
0.00831869
0.00831905
0.00832004
0.00831863
0.00831891
0.00831986
0.00831887
0.00831889
0.00831953
0.00467163
0.00467206
0.00467317
0.00467191
0.00467208
0.00467323
0.0046718
0.00467211
0.00467324
0.0046717
0.00301363
0.00301189
0.00301226
0.00301352
0.00301176
0.00301198
0.00301306
0.00301364
0.00301208
0.00301239
0.00298839
0.00298932
0.0029901
0.00298857
0.00298895
0.00299045
0.00298871
0.00298882
0.00299021
0.00298853
0.00355081
0.00354915
0.0035494
0.00355094
0.00354901
0.00354944
0.00355087
0.00354891
0.00354912
0.00354938
0.00401818
0.00401861
0.00401992
0.00401819
0.00401868
0.00401977
0.00401828
0.00401847
0.00401844
0.00402041
0.00425999
0.0042605
0.00426237
0.00425984
0.0042603
0.00426236
0.00426048
0.00426006
0.00426127
0.00426218
2.40081
2.40081
2.40081
2.40081
2.40081
2.40081
2.40081
2.40081
2.40081
2.40081
3.12634
3.12634
3.12634
3.12634
3.12634
3.12634
3.12634
3.12634
3.12634
3.12634
3.50424
3.50424
3.50424
3.50424
3.50424
3.50424
3.50424
3.50424
3.50424
3.50424
3.74674
3.74674
3.74674
3.74674
3.74674
3.74674
3.74674
3.74674
3.74674
3.74674
3.91626
3.91626
3.91626
3.91626
3.91626
3.91626
3.91626
3.91626
3.91626
3.91626
4.03783
4.03783
4.03783
4.03783
4.03783
4.03783
4.03783
4.03783
4.03783
4.03783
4.12322
4.12322
4.12322
4.12322
4.12322
4.12322
4.12322
4.12322
4.12322
4.12322
4.17851
4.17851
4.17851
4.17851
4.17851
4.17851
4.17851
4.17851
4.17851
4.17851
4.20692
4.20692
4.20692
4.20692
4.20692
4.20692
4.20692
4.20692
4.20692
4.20692
4.21011
4.21011
4.21011
4.21011
4.21011
4.21011
4.21011
4.21011
4.21011
4.21011
4.18887
4.18887
4.18887
4.18887
4.18887
4.18887
4.18887
4.18887
4.18887
4.18887
4.14345
4.14345
4.14345
4.14345
4.14345
4.14345
4.14345
4.14345
4.14345
4.14345
4.07381
4.07381
4.07381
4.07381
4.07381
4.07381
4.07381
4.07381
4.07381
4.07381
3.97979
3.97979
3.97979
3.97979
3.97979
3.97979
3.97979
3.97979
3.97979
3.97979
3.86122
3.86122
3.86122
3.86122
3.86122
3.86122
3.86122
3.86122
3.86122
3.86122
3.71804
3.71804
3.71804
3.71804
3.71804
3.71804
3.71804
3.71804
3.71804
3.71804
3.5504
3.5504
3.5504
3.5504
3.5504
3.5504
3.5504
3.5504
3.5504
3.5504
3.35878
3.35878
3.35878
3.35878
3.35878
3.35878
3.35878
3.35878
3.35878
3.35878
3.14406
3.14406
3.14406
3.14406
3.14406
3.14406
3.14406
3.14406
3.14406
3.14406
2.90768
2.90768
2.90768
2.90768
2.90768
2.90768
2.90768
2.90768
2.90768
2.90768
2.65167
2.65167
2.65168
2.65167
2.65167
2.65168
2.65167
2.65167
2.65168
2.65168
2.37884
2.37884
2.37884
2.37884
2.37884
2.37884
2.37884
2.37884
2.37884
2.37884
2.09277
2.09277
2.09277
2.09277
2.09277
2.09277
2.09277
2.09277
2.09277
2.09277
1.79793
1.79793
1.79793
1.79793
1.79793
1.79793
1.79793
1.79793
1.79793
1.79793
1.49969
1.49969
1.49969
1.49969
1.49969
1.49969
1.49969
1.49969
1.49969
1.49969
1.20428
1.20428
1.20428
1.20428
1.20428
1.20428
1.20428
1.20428
1.20428
1.20428
0.918642
0.918642
0.918642
0.918642
0.918642
0.918642
0.918642
0.918642
0.918642
0.918642
0.650251
0.650251
0.650251
0.650251
0.650251
0.650251
0.650251
0.650251
0.650251
0.650251
0.406733
0.406733
0.406733
0.406733
0.406733
0.406733
0.406733
0.406733
0.406733
0.406733
0.195377
0.195377
0.195377
0.195377
0.195377
0.195377
0.195377
0.195377
0.195377
0.195377
0.0224902
0.0224898
0.02249
0.0224902
0.0224898
0.02249
0.02249
0.0224903
0.0224899
0.02249
-0.107362
-0.107361
-0.107362
-0.107362
-0.107361
-0.107362
-0.107361
-0.107362
-0.107361
-0.107362
-0.192156
-0.192156
-0.192156
-0.192156
-0.192156
-0.192156
-0.192156
-0.192156
-0.192156
-0.192156
-0.233133
-0.233133
-0.233133
-0.233133
-0.233133
-0.233133
-0.233133
-0.233133
-0.233133
-0.233133
-0.235217
-0.235217
-0.235216
-0.235217
-0.235217
-0.235217
-0.235216
-0.235217
-0.235216
-0.235216
-0.206918
-0.206919
-0.206919
-0.206919
-0.206918
-0.206919
-0.206919
-0.206918
-0.206919
-0.206919
-0.159499
-0.159498
-0.159498
-0.159499
-0.159499
-0.159498
-0.159499
-0.159499
-0.159499
-0.159498
-0.105307
-0.105308
-0.105308
-0.105308
-0.105307
-0.105308
-0.105308
-0.105307
-0.105308
-0.105308
-0.0555506
-0.0555504
-0.0555498
-0.0555506
-0.0555506
-0.0555501
-0.0555495
-0.0555504
-0.0555503
-0.0555496
-0.0180503
-0.0180497
-0.0180505
-0.0180503
-0.0180496
-0.0180506
-0.0180504
-0.0180497
-0.0180506
-0.0180504
0.00415744
0.00415765
0.00415772
0.00415861
0.00415754
0.00415782
0.00415864
0.00415751
0.00415774
0.00415852
0.0127185
0.0127193
0.0127182
0.0127182
0.0127187
0.0127196
0.0127183
0.0127186
0.0127194
0.0127182
0.01232
0.0123187
0.012319
0.01232
0.0123187
0.0123189
0.012319
0.0123203
0.012319
0.0123191
0.00831891
0.00831972
0.00832059
0.00831933
0.00831945
0.00832036
0.00831874
0.00831911
0.00832031
0.00831897
0.00467322
0.00467164
0.00467201
0.00467312
0.00467144
0.00467197
0.00467278
0.00467323
0.0046719
0.0046721
0.00301895
0.00301905
0.00302025
0.00301862
0.00301867
0.00301987
0.00302061
0.00301914
0.00301933
0.00302064
0.00298501
0.00298333
0.00298359
0.00298477
0.00298316
0.00298374
0.00298509
0.00298345
0.00298351
0.00298392
0.00354817
0.00354967
0.00354779
0.0035481
0.00354849
0.00355052
0.00354815
0.00354826
0.00354978
0.00354779
0.00401817
0.00401686
0.004017
0.00401795
0.00401634
0.00401678
0.00401813
0.00401647
0.00401747
0.00401823
0.00426558
0.00426727
0.00426509
0.0042653
0.00426658
0.00426443
0.004265
0.00426694
0.004265
0.00426499
)
;

boundaryField
{
    inlet
    {
        type            cyclic;
        value           nonuniform List<scalar> 
500
(
2.40081
3.12634
3.50424
3.74674
3.91626
4.03783
4.12322
4.17851
4.20692
4.21011
4.18887
4.14345
4.07381
3.97979
3.86122
3.71804
3.5504
3.35878
3.14406
2.90768
2.65167
2.37884
2.09277
1.79793
1.49969
1.20428
0.918642
0.650251
0.406733
0.195377
0.02249
-0.107361
-0.192156
-0.233133
-0.235217
-0.206919
-0.159498
-0.105306
-0.0555507
-0.0180493
0.00415909
0.0127194
0.0123175
0.00831215
0.00466571
0.0030168
0.00298907
0.00355325
0.00402699
0.00426154
2.40081
3.12634
3.50424
3.74674
3.91626
4.03783
4.12322
4.17851
4.20692
4.21011
4.18887
4.14345
4.07381
3.97979
3.86122
3.71804
3.5504
3.35878
3.14406
2.90768
2.65168
2.37884
2.09277
1.79793
1.49969
1.20428
0.918642
0.650251
0.406733
0.195377
0.0224902
-0.107362
-0.192156
-0.233132
-0.235216
-0.206919
-0.159498
-0.105307
-0.0555503
-0.0180499
0.00415864
0.0127196
0.0123185
0.00831304
0.0046668
0.00301558
0.00298704
0.00355304
0.00402568
0.0042632
2.40081
3.12634
3.50424
3.74674
3.91626
4.03783
4.12322
4.17851
4.20692
4.21011
4.18887
4.14345
4.07381
3.97979
3.86122
3.71804
3.5504
3.35878
3.14406
2.90768
2.65168
2.37884
2.09277
1.79793
1.49969
1.20428
0.918642
0.650251
0.406733
0.195377
0.0224898
-0.107361
-0.192157
-0.233133
-0.235217
-0.206919
-0.159498
-0.105307
-0.0555507
-0.0180497
0.00415908
0.0127195
0.0123176
0.00831263
0.00466658
0.00301877
0.00298895
0.00355097
0.00402459
0.00426302
2.40081
3.12634
3.50424
3.74674
3.91626
4.03783
4.12322
4.17851
4.20692
4.21011
4.18887
4.14345
4.07381
3.97979
3.86122
3.71804
3.5504
3.35878
3.14406
2.90768
2.65167
2.37884
2.09277
1.79793
1.49969
1.20428
0.918641
0.650251
0.406733
0.195377
0.0224901
-0.107362
-0.192156
-0.233133
-0.235217
-0.206919
-0.159498
-0.105306
-0.0555507
-0.01805
0.00415909
0.01272
0.0123192
0.00831416
0.00466487
0.00301384
0.00298797
0.00355423
0.00402586
0.00426177
2.40081
3.12634
3.50424
3.74674
3.91626
4.03783
4.12322
4.17851
4.20692
4.21011
4.18887
4.14345
4.07381
3.97979
3.86122
3.71804
3.5504
3.35878
3.14406
2.90768
2.65167
2.37884
2.09277
1.79793
1.49969
1.20428
0.918642
0.650251
0.406733
0.195377
0.0224899
-0.107361
-0.192156
-0.233133
-0.235217
-0.206919
-0.159498
-0.105307
-0.0555499
-0.0180496
0.00415847
0.0127193
0.0123177
0.00831366
0.00466624
0.00301272
0.00298429
0.00355345
0.00402805
0.00426609
2.40081
3.12634
3.50424
3.74674
3.91626
4.03783
4.12322
4.17851
4.20692
4.21011
4.18887
4.14345
4.07381
3.97979
3.86122
3.71804
3.5504
3.35878
3.14406
2.90768
2.65167
2.37884
2.09277
1.79793
1.49969
1.20428
0.918642
0.650251
0.406733
0.195377
0.02249
-0.107361
-0.192156
-0.233133
-0.235217
-0.206919
-0.159498
-0.105306
-0.0555507
-0.0180493
0.00415909
0.0127194
0.0123175
0.00831215
0.00466571
0.0030168
0.00298907
0.00355325
0.00402699
0.00426154
2.40081
3.12634
3.50424
3.74674
3.91626
4.03783
4.12322
4.17851
4.20692
4.21011
4.18887
4.14345
4.07381
3.97979
3.86122
3.71804
3.5504
3.35878
3.14406
2.90768
2.65168
2.37884
2.09277
1.79793
1.49969
1.20428
0.918642
0.650251
0.406733
0.195377
0.0224902
-0.107362
-0.192156
-0.233133
-0.235216
-0.206919
-0.159498
-0.105307
-0.0555503
-0.0180499
0.00415864
0.0127196
0.0123185
0.00831304
0.0046668
0.00301558
0.00298704
0.00355304
0.00402568
0.0042632
2.40081
3.12634
3.50424
3.74674
3.91626
4.03783
4.12322
4.17851
4.20692
4.21011
4.18887
4.14345
4.07381
3.97979
3.86122
3.71804
3.5504
3.35878
3.14406
2.90768
2.65168
2.37884
2.09277
1.79793
1.49969
1.20428
0.918642
0.650251
0.406733
0.195377
0.0224898
-0.107361
-0.192157
-0.233133
-0.235217
-0.206919
-0.159498
-0.105307
-0.0555507
-0.0180497
0.00415908
0.0127195
0.0123176
0.00831263
0.00466658
0.00301877
0.00298895
0.00355098
0.00402459
0.00426302
2.40081
3.12634
3.50424
3.74674
3.91626
4.03783
4.12322
4.17851
4.20692
4.21011
4.18887
4.14345
4.07381
3.97979
3.86122
3.71804
3.5504
3.35878
3.14406
2.90768
2.65167
2.37884
2.09277
1.79793
1.49969
1.20428
0.918641
0.650251
0.406733
0.195377
0.0224901
-0.107362
-0.192157
-0.233133
-0.235217
-0.206919
-0.159498
-0.105306
-0.0555507
-0.01805
0.00415909
0.01272
0.0123192
0.00831416
0.00466487
0.00301384
0.00298797
0.00355423
0.00402586
0.00426177
2.40081
3.12634
3.50424
3.74674
3.91626
4.03783
4.12322
4.17851
4.20692
4.21011
4.18887
4.14345
4.07381
3.97979
3.86122
3.71804
3.5504
3.35878
3.14406
2.90768
2.65167
2.37884
2.09277
1.79793
1.49969
1.20428
0.918642
0.650251
0.406733
0.195377
0.0224899
-0.107361
-0.192156
-0.233133
-0.235217
-0.206919
-0.159498
-0.105307
-0.0555499
-0.0180496
0.00415847
0.0127193
0.0123177
0.00831366
0.00466624
0.00301272
0.00298429
0.00355345
0.00402805
0.00426609
)
;
    }
    outlet
    {
        type            cyclic;
        value           nonuniform List<scalar> 
500
(
2.40081
3.12634
3.50424
3.74674
3.91626
4.03783
4.12322
4.17851
4.20692
4.21011
4.18887
4.14345
4.07381
3.97979
3.86122
3.71804
3.5504
3.35878
3.14406
2.90768
2.65168
2.37884
2.09277
1.79793
1.49969
1.20428
0.918642
0.650251
0.406733
0.195377
0.0224898
-0.107361
-0.192157
-0.233133
-0.235216
-0.206919
-0.159498
-0.105307
-0.0555502
-0.0180491
0.00415952
0.0127189
0.0123171
0.00831229
0.00466503
0.00301693
0.00298864
0.00355211
0.00402585
0.00426216
2.40081
3.12634
3.50424
3.74674
3.91626
4.03783
4.12322
4.17851
4.20692
4.21011
4.18887
4.14345
4.07381
3.97979
3.86122
3.71804
3.5504
3.35878
3.14406
2.90768
2.65168
2.37884
2.09277
1.79793
1.49969
1.20428
0.918642
0.650251
0.406733
0.195377
0.02249
-0.107361
-0.192157
-0.233133
-0.235216
-0.206919
-0.159498
-0.105307
-0.05555
-0.0180497
0.00415909
0.012719
0.0123181
0.00831234
0.00466612
0.00301556
0.00298659
0.00355229
0.00402608
0.00426277
2.40081
3.12634
3.50424
3.74674
3.91626
4.03783
4.12322
4.17851
4.20692
4.21011
4.18887
4.14345
4.07381
3.97979
3.86122
3.71804
3.5504
3.35878
3.14406
2.90768
2.65168
2.37884
2.09277
1.79793
1.49969
1.20428
0.918641
0.650251
0.406733
0.195377
0.0224902
-0.107361
-0.192157
-0.233133
-0.235216
-0.206919
-0.159498
-0.105307
-0.0555502
-0.0180491
0.00415952
0.0127189
0.0123171
0.00831278
0.00466604
0.0030193
0.00298822
0.00355009
0.00402351
0.00426299
2.40081
3.12634
3.50424
3.74674
3.91626
4.03783
4.12322
4.17851
4.20692
4.21011
4.18887
4.14345
4.07381
3.97979
3.86122
3.71804
3.5504
3.35878
3.14406
2.90768
2.65168
2.37884
2.09277
1.79793
1.49969
1.20428
0.918642
0.650251
0.406733
0.195377
0.0224899
-0.107361
-0.192157
-0.233133
-0.235216
-0.206919
-0.159498
-0.105306
-0.0555503
-0.0180495
0.00415955
0.0127194
0.0123187
0.00831456
0.00466432
0.00301284
0.00298732
0.00355332
0.0040262
0.00426262
2.40081
3.12634
3.50424
3.74674
3.91626
4.03783
4.12322
4.17851
4.20692
4.21011
4.18887
4.14345
4.07381
3.97979
3.86122
3.71804
3.5504
3.35878
3.14406
2.90768
2.65168
2.37884
2.09277
1.79793
1.49969
1.20428
0.918642
0.650251
0.406733
0.195377
0.02249
-0.107362
-0.192157
-0.233133
-0.235216
-0.206919
-0.159498
-0.105307
-0.0555494
-0.0180491
0.00415889
0.0127188
0.012318
0.00831313
0.00466563
0.00301285
0.00298382
0.00355237
0.00402784
0.00426515
2.40081
3.12634
3.50424
3.74674
3.91626
4.03783
4.12322
4.17851
4.20692
4.21011
4.18887
4.14345
4.07381
3.97979
3.86122
3.71804
3.5504
3.35878
3.14406
2.90768
2.65168
2.37884
2.09277
1.79793
1.49969
1.20428
0.918642
0.650251
0.406733
0.195377
0.0224898
-0.107361
-0.192157
-0.233133
-0.235216
-0.206919
-0.159498
-0.105307
-0.0555502
-0.0180491
0.00415952
0.0127189
0.0123171
0.00831229
0.00466503
0.00301693
0.00298864
0.00355211
0.00402585
0.00426216
2.40081
3.12634
3.50424
3.74674
3.91626
4.03783
4.12322
4.17851
4.20692
4.21011
4.18887
4.14345
4.07381
3.97979
3.86122
3.71804
3.5504
3.35878
3.14406
2.90768
2.65168
2.37884
2.09277
1.79793
1.49969
1.20428
0.918642
0.650251
0.406733
0.195377
0.02249
-0.107361
-0.192157
-0.233133
-0.235216
-0.206919
-0.159498
-0.105307
-0.05555
-0.0180497
0.00415909
0.012719
0.0123181
0.00831234
0.00466612
0.00301556
0.00298659
0.00355229
0.00402608
0.00426277
2.40081
3.12634
3.50424
3.74674
3.91626
4.03783
4.12322
4.17851
4.20692
4.21011
4.18887
4.14345
4.07381
3.97979
3.86122
3.71804
3.5504
3.35878
3.14406
2.90768
2.65168
2.37884
2.09277
1.79793
1.49969
1.20428
0.918641
0.650251
0.406733
0.195377
0.0224902
-0.107361
-0.192157
-0.233133
-0.235216
-0.206919
-0.159498
-0.105307
-0.0555502
-0.0180491
0.00415952
0.0127189
0.0123171
0.00831278
0.00466604
0.0030193
0.00298822
0.00355009
0.00402351
0.00426299
2.40081
3.12634
3.50424
3.74674
3.91626
4.03783
4.12322
4.17851
4.20692
4.21011
4.18887
4.14345
4.07381
3.97979
3.86122
3.71804
3.5504
3.35878
3.14406
2.90768
2.65168
2.37884
2.09277
1.79793
1.49969
1.20428
0.918642
0.650251
0.406733
0.195377
0.0224899
-0.107361
-0.192157
-0.233133
-0.235216
-0.206919
-0.159498
-0.105306
-0.0555503
-0.0180495
0.00415955
0.0127194
0.0123187
0.00831456
0.00466432
0.00301284
0.00298732
0.00355332
0.0040262
0.00426262
2.40081
3.12634
3.50424
3.74674
3.91626
4.03783
4.12322
4.17851
4.20692
4.21011
4.18887
4.14345
4.07381
3.97979
3.86122
3.71804
3.5504
3.35878
3.14406
2.90768
2.65168
2.37884
2.09277
1.79793
1.49969
1.20428
0.918642
0.650251
0.406733
0.195377
0.02249
-0.107362
-0.192157
-0.233133
-0.235216
-0.206919
-0.159498
-0.105307
-0.0555494
-0.0180491
0.00415889
0.0127188
0.012318
0.00831313
0.00466563
0.00301285
0.00298382
0.00355237
0.00402784
0.00426515
)
;
    }
    sideLeft
    {
        type            cyclic;
        value           nonuniform List<scalar> 
500
(
2.40081
3.12634
3.50424
3.74674
3.91626
4.03783
4.12322
4.17851
4.20692
4.21011
4.18887
4.14345
4.07381
3.97979
3.86122
3.71804
3.5504
3.35878
3.14406
2.90768
2.65167
2.37884
2.09277
1.79793
1.49969
1.20428
0.918642
0.650251
0.406733
0.195377
0.02249
-0.107361
-0.192156
-0.233133
-0.235217
-0.206919
-0.159498
-0.105307
-0.055551
-0.0180501
0.00415869
0.0127196
0.0123205
0.00831693
0.00467497
0.00301903
0.00298999
0.00354374
0.00401443
0.00426704
2.40081
3.12634
3.50424
3.74674
3.91626
4.03783
4.12322
4.17851
4.20692
4.21011
4.18887
4.14345
4.07381
3.97979
3.86122
3.71804
3.5504
3.35878
3.14406
2.90768
2.65168
2.37884
2.09277
1.79793
1.49969
1.20428
0.918642
0.650251
0.406733
0.195377
0.0224899
-0.107361
-0.192157
-0.233133
-0.235216
-0.206919
-0.159498
-0.105307
-0.0555504
-0.0180496
0.00415845
0.0127194
0.0123201
0.00831659
0.00467433
0.00301841
0.00298919
0.00354354
0.00401402
0.00426756
2.40081
3.12634
3.50424
3.74674
3.91626
4.03783
4.12322
4.17851
4.20692
4.21011
4.18887
4.14345
4.07381
3.97979
3.86122
3.71804
3.5504
3.35878
3.14406
2.90768
2.65168
2.37884
2.09277
1.79793
1.49969
1.20428
0.918642
0.650251
0.406733
0.195377
0.02249
-0.107361
-0.192156
-0.233133
-0.235216
-0.206919
-0.159498
-0.105307
-0.0555506
-0.0180497
0.00415801
0.0127198
0.0123208
0.008317
0.00467502
0.00301918
0.00298974
0.00354272
0.00401322
0.00426707
2.40081
3.12634
3.50424
3.74674
3.91626
4.03783
4.12322
4.17851
4.20692
4.21011
4.18887
4.14345
4.07381
3.97979
3.86122
3.71804
3.5504
3.35878
3.14406
2.90768
2.65168
2.37884
2.09277
1.79793
1.49969
1.20428
0.918642
0.650251
0.406733
0.195377
0.0224899
-0.107361
-0.192156
-0.233133
-0.235217
-0.206919
-0.159498
-0.105307
-0.055551
-0.01805
0.0041584
0.0127197
0.0123206
0.00831687
0.00467498
0.003019
0.00298998
0.00354344
0.00401461
0.00426624
2.40081
3.12634
3.50424
3.74674
3.91626
4.03783
4.12322
4.17851
4.20692
4.21011
4.18887
4.14345
4.07381
3.97979
3.86122
3.71804
3.5504
3.35878
3.14406
2.90768
2.65168
2.37884
2.09277
1.79793
1.49969
1.20428
0.918642
0.650251
0.406733
0.195377
0.0224898
-0.107361
-0.192157
-0.233133
-0.235216
-0.206918
-0.159498
-0.105307
-0.0555505
-0.0180495
0.00415804
0.0127192
0.0123199
0.00831636
0.00467433
0.0030183
0.00298942
0.00354262
0.00401405
0.00426746
2.40081
3.12634
3.50424
3.74674
3.91626
4.03783
4.12322
4.17851
4.20692
4.21011
4.18887
4.14345
4.07381
3.97979
3.86122
3.71804
3.5504
3.35878
3.14406
2.90768
2.65167
2.37884
2.09277
1.79793
1.49969
1.20428
0.918642
0.650251
0.406733
0.195377
0.02249
-0.107361
-0.192156
-0.233133
-0.235217
-0.206919
-0.159498
-0.105307
-0.055551
-0.0180501
0.00415869
0.0127196
0.0123205
0.00831693
0.00467497
0.00301903
0.00298999
0.00354374
0.00401443
0.00426705
2.40081
3.12634
3.50424
3.74674
3.91626
4.03783
4.12322
4.17851
4.20692
4.21011
4.18887
4.14345
4.07381
3.97979
3.86122
3.71804
3.5504
3.35878
3.14406
2.90768
2.65168
2.37884
2.09277
1.79793
1.49969
1.20428
0.918642
0.650251
0.406733
0.195377
0.0224899
-0.107361
-0.192157
-0.233133
-0.235216
-0.206919
-0.159498
-0.105307
-0.0555504
-0.0180496
0.00415845
0.0127194
0.0123201
0.00831659
0.00467433
0.00301841
0.00298919
0.00354354
0.00401402
0.00426756
2.40081
3.12634
3.50424
3.74674
3.91626
4.03783
4.12322
4.17851
4.20692
4.21011
4.18887
4.14345
4.07381
3.97979
3.86122
3.71804
3.5504
3.35878
3.14406
2.90768
2.65168
2.37884
2.09277
1.79793
1.49969
1.20428
0.918642
0.650251
0.406733
0.195377
0.02249
-0.107361
-0.192156
-0.233133
-0.235216
-0.206919
-0.159498
-0.105307
-0.0555506
-0.0180497
0.00415801
0.0127198
0.0123208
0.008317
0.00467502
0.00301918
0.00298974
0.00354272
0.00401322
0.00426707
2.40081
3.12634
3.50424
3.74674
3.91626
4.03783
4.12322
4.17851
4.20692
4.21011
4.18887
4.14345
4.07381
3.97979
3.86122
3.71804
3.5504
3.35878
3.14406
2.90768
2.65168
2.37884
2.09277
1.79793
1.49969
1.20428
0.918642
0.650251
0.406733
0.195377
0.02249
-0.107361
-0.192156
-0.233133
-0.235217
-0.206919
-0.159498
-0.105307
-0.055551
-0.01805
0.0041584
0.0127197
0.0123206
0.00831688
0.00467498
0.003019
0.00298998
0.00354344
0.00401461
0.00426624
2.40081
3.12634
3.50424
3.74674
3.91626
4.03783
4.12322
4.17851
4.20692
4.21011
4.18887
4.14345
4.07381
3.97979
3.86122
3.71804
3.5504
3.35878
3.14406
2.90768
2.65168
2.37884
2.09277
1.79793
1.49969
1.20428
0.918642
0.650251
0.406733
0.195377
0.0224898
-0.107361
-0.192157
-0.233133
-0.235216
-0.206919
-0.159498
-0.105307
-0.0555505
-0.0180495
0.00415804
0.0127192
0.0123199
0.00831636
0.00467433
0.0030183
0.00298942
0.00354262
0.00401405
0.00426746
)
;
    }
    sideRight
    {
        type            cyclic;
        value           nonuniform List<scalar> 
500
(
2.40081
3.12634
3.50424
3.74674
3.91626
4.03783
4.12322
4.17851
4.20692
4.21011
4.18887
4.14345
4.07381
3.97979
3.86122
3.71804
3.5504
3.35878
3.14406
2.90768
2.65168
2.37884
2.09277
1.79793
1.49969
1.20428
0.918642
0.650251
0.406733
0.195377
0.0224901
-0.107362
-0.192156
-0.233133
-0.235217
-0.206919
-0.159498
-0.105307
-0.0555503
-0.0180504
0.00415763
0.012719
0.0123194
0.00831964
0.00467259
0.00301941
0.00298438
0.00354934
0.00401747
0.004265
2.40081
3.12634
3.50424
3.74674
3.91626
4.03783
4.12322
4.17851
4.20692
4.21011
4.18887
4.14345
4.07381
3.97979
3.86122
3.71804
3.5504
3.35878
3.14406
2.90768
2.65167
2.37884
2.09277
1.79793
1.49969
1.20428
0.918642
0.650251
0.406733
0.195377
0.0224899
-0.107361
-0.192156
-0.233133
-0.235216
-0.206919
-0.159498
-0.105308
-0.05555
-0.01805
0.00415815
0.0127188
0.0123188
0.00831923
0.00467221
0.00301983
0.00298421
0.00354891
0.00401749
0.00426613
2.40081
3.12634
3.50424
3.74674
3.91626
4.03783
4.12322
4.17851
4.20692
4.21011
4.18887
4.14345
4.07381
3.97979
3.86122
3.71804
3.5504
3.35878
3.14406
2.90768
2.65168
2.37884
2.09277
1.79793
1.49969
1.20428
0.918642
0.650251
0.406733
0.195377
0.0224902
-0.107362
-0.192156
-0.233133
-0.235216
-0.206919
-0.159498
-0.105307
-0.0555501
-0.0180501
0.00415761
0.0127184
0.0123196
0.00831985
0.00467262
0.0030197
0.00298352
0.00354802
0.00401674
0.00426601
2.40081
3.12634
3.50424
3.74674
3.91626
4.03783
4.12322
4.17851
4.20692
4.21011
4.18887
4.14345
4.07381
3.97979
3.86122
3.71804
3.5504
3.35878
3.14406
2.90768
2.65168
2.37884
2.09277
1.79793
1.49969
1.20428
0.918642
0.650251
0.406733
0.195377
0.02249
-0.107361
-0.192156
-0.233133
-0.235216
-0.206919
-0.159499
-0.105308
-0.0555505
-0.0180504
0.00415818
0.0127188
0.0123195
0.00831982
0.00467251
0.00301898
0.00298414
0.00354894
0.00401771
0.00426515
2.40081
3.12634
3.50424
3.74674
3.91626
4.03783
4.12322
4.17851
4.20692
4.21011
4.18887
4.14345
4.07381
3.97979
3.86122
3.71804
3.5504
3.35878
3.14406
2.90768
2.65168
2.37884
2.09277
1.79793
1.49969
1.20428
0.918642
0.650251
0.406733
0.195377
0.0224899
-0.107361
-0.192156
-0.233133
-0.235216
-0.206919
-0.159498
-0.105307
-0.0555501
-0.01805
0.00415803
0.0127184
0.0123189
0.00831921
0.00467177
0.00301965
0.00298354
0.00354814
0.00401729
0.00426578
2.40081
3.12634
3.50424
3.74674
3.91626
4.03783
4.12322
4.17851
4.20692
4.21011
4.18887
4.14345
4.07381
3.97979
3.86122
3.71804
3.5504
3.35878
3.14406
2.90768
2.65168
2.37884
2.09277
1.79793
1.49969
1.20428
0.918642
0.650251
0.406733
0.195377
0.0224901
-0.107362
-0.192156
-0.233133
-0.235217
-0.206919
-0.159498
-0.105307
-0.0555503
-0.0180504
0.00415763
0.012719
0.0123194
0.00831964
0.00467259
0.00301941
0.00298438
0.00354934
0.00401747
0.004265
2.40081
3.12634
3.50424
3.74674
3.91626
4.03783
4.12322
4.17851
4.20692
4.21011
4.18887
4.14345
4.07381
3.97979
3.86122
3.71804
3.5504
3.35878
3.14406
2.90768
2.65167
2.37884
2.09277
1.79793
1.49969
1.20428
0.918642
0.650251
0.406733
0.195377
0.0224899
-0.107361
-0.192156
-0.233133
-0.235216
-0.206919
-0.159498
-0.105308
-0.05555
-0.01805
0.00415815
0.0127188
0.0123188
0.00831923
0.00467221
0.00301983
0.00298421
0.00354891
0.00401749
0.00426613
2.40081
3.12634
3.50424
3.74674
3.91626
4.03783
4.12322
4.17851
4.20692
4.21011
4.18887
4.14345
4.07381
3.97979
3.86122
3.71804
3.5504
3.35878
3.14406
2.90768
2.65168
2.37884
2.09277
1.79793
1.49969
1.20428
0.918642
0.650251
0.406733
0.195377
0.0224902
-0.107362
-0.192156
-0.233133
-0.235216
-0.206919
-0.159498
-0.105307
-0.0555501
-0.0180501
0.00415761
0.0127184
0.0123196
0.00831985
0.00467262
0.0030197
0.00298352
0.00354802
0.00401674
0.00426601
2.40081
3.12634
3.50424
3.74674
3.91626
4.03783
4.12322
4.17851
4.20692
4.21011
4.18887
4.14345
4.07381
3.97979
3.86122
3.71804
3.5504
3.35878
3.14406
2.90768
2.65168
2.37884
2.09277
1.79793
1.49969
1.20428
0.918642
0.650251
0.406733
0.195377
0.02249
-0.107361
-0.192156
-0.233133
-0.235216
-0.206919
-0.159499
-0.105308
-0.0555505
-0.0180504
0.00415818
0.0127188
0.0123195
0.00831982
0.00467251
0.00301898
0.00298414
0.00354894
0.00401771
0.00426515
2.40081
3.12634
3.50424
3.74674
3.91626
4.03783
4.12322
4.17851
4.20692
4.21011
4.18887
4.14345
4.07381
3.97979
3.86122
3.71804
3.5504
3.35878
3.14406
2.90768
2.65168
2.37884
2.09277
1.79793
1.49969
1.20428
0.918642
0.650251
0.406733
0.195377
0.0224899
-0.107361
-0.192156
-0.233133
-0.235216
-0.206919
-0.159498
-0.105307
-0.0555501
-0.01805
0.00415803
0.0127184
0.0123189
0.00831921
0.00467177
0.00301965
0.00298354
0.00354814
0.00401729
0.00426578
)
;
    }
    top
    {
        type            symmetryPlane;
        value           nonuniform List<scalar> 
100
(
0.00426639
0.00426758
0.00426588
0.00426356
0.0042666
0.00425669
0.00425883
0.00426016
0.00425999
0.00426558
0.00426677
0.0042692
0.00426668
0.00426537
0.00426696
0.00425508
0.00426003
0.00425815
0.0042605
0.00426727
0.00426808
0.00426708
0.00426773
0.0042633
0.00426491
0.00425521
0.00425831
0.0042584
0.00426237
0.00426509
0.00426594
0.00426736
0.00426567
0.00426338
0.00426537
0.0042569
0.00425844
0.00426026
0.00425984
0.0042653
0.00426629
0.00426894
0.00426571
0.00426434
0.00426739
0.00425464
0.004259
0.0042584
0.0042603
0.00426658
0.0042677
0.00426714
0.00426653
0.0042662
0.0042652
0.00425524
0.00426048
0.00425817
0.00426236
0.00426443
0.00426836
0.00426705
0.0042684
0.00426364
0.00426567
0.00425717
0.00425802
0.00425937
0.00426048
0.004265
0.00426606
0.00426755
0.00426643
0.00426391
0.00426716
0.00425501
0.00425846
0.00425999
0.00426006
0.00426694
0.00426654
0.00426904
0.0042666
0.00426546
0.00426505
0.00425504
0.00426022
0.00425752
0.00426127
0.004265
0.00426863
0.00426718
0.00426788
0.00426306
0.00426532
0.00425568
0.00425837
0.00425809
0.00426218
0.00426499
)
;
    }
    bottomRoughWall
    {
        type            calculated;
        value           uniform 0;
    }
}


// ************************************************************************* //
